1 -0.000336703 0
2 0.00310637 0.00243462
3 0.00395101 0.00176352
4 0.00481284 0.0015187
5 0.00372625 0.00155585
6 0.00239012 0.00178009
7 0.00306969 0.00165042
8 0.0036974 0.00155892
9 0.00376585 0.00138721
10 0.00313658 0.00138387
11 0.00254643 0.00137817
12 0.00194042 0.00139019
13 0.00145185 0.00136641
14 0.00174563 0.00130001
15 0.00146829 0.00124257
16 0.00100692 0.00124763
17 0.000786176 0.0011936
18 0.00103285 0.0011525
19 0.00131385 0.00112558
20 0.0019513 0.0012367
21 0.00186782 0.00118062
22 0.00164432 0.00114792
23 0.00162221 0.00109822
24 0.00169674 0.00105499
25 0.00208394 0.00108151
26 0.00192655 0.0010513
27 0.00214851 0.00103553
28 0.00172696 0.00108095
29 0.00198569 0.0010742
30 0.00201187 0.00103871
31 0.00232184 0.00105044
32 0.0021838 0.00102664
33 0.00227447 0.000999526
34 0.00169418 0.00112604
35 0.00156438 0.00110133
36 0.00111673 0.00115815
37 0.00127447 0.00113754
38 0.00126787 0.00110762
39 0.00134811 0.00108212
40 0.00131581 0.00105555
41 0.00141083 0.00103407
42 0.00129752 0.00101564
43 0.00146456 0.00100567
44 0.0017182 0.00101429
45 0.00179324 0.000994523
46 0.00178681 0.000972923
47 0.00176339 0.000952505
48 0.0018292 0.000934931
49 0.00193033 0.000921305
50 0.00196362 0.00090348
51 0.00205703 0.00089058
52 0.00205552 0.000873455
53 0.00180372 0.000892532
54 0.00174208 0.000878129
55 0.00166332 0.000865688
56 0.00164638 0.000850395
57 0.0018728 0.000865093
58 0.001897 0.000850516
59 0.00178569 0.000843352
60 0.00166209 0.000838305
61 0.00165822 0.000824571
62 0.00172907 0.000814309
63 0.00172009 0.000801433
64 0.00174 0.000789158
65 0.00166245 0.000780819
66 0.00166126 0.000768989
67 0.0014818 0.00077817
68 0.00143771 0.000767975
69 0.00124055 0.000781743
70 0.00127058 0.000771152
71 0.0012927 0.000760608
72 0.00110939 0.000771818
73 0.0012699 0.000777756
74 0.00123674 0.000767953
75 0.0012072 0.000758281
76 0.000950239 0.000790644
77 0.00107056 0.000789478
78 0.00113809 0.000782239
79 0.00112847 0.000772397
80 0.00114543 0.000762928
81 0.00123648 0.000758922
82 0.00125289 0.000749845
83 0.00131297 0.000743214
84 0.00127516 0.000735327
85 0.00133764 0.000729326
86 0.00136653 0.000721418
87 0.00149786 0.000724982
88 0.00153785 0.000717846
89 0.00148271 0.000711894
90 0.00136213 0.000714124
91 0.00124145 0.0007164
92 0.00121063 0.000709276
93 0.00125688 0.000703156
94 0.00111619 0.00070961
95 0.00111931 0.000702148
96 0.00113322 0.000694971
97 0.00108093 0.000689771
98 0.000969719 0.000691639
99 0.0010241 0.000686788
100 0.0010065 0.000680146
