1 -0.0433536 0
2 0.00298455 0.032766
3 -0.0239719 0.0310096
4 -0.00398797 0.0289899
5 -0.00429191 0.0231935
6 -0.0070385 0.0194899
7 -0.0045075 0.0168691
8 -0.00514227 0.0147724
9 0.00182792 0.0146837
10 0.00639424 0.0139072
11 0.0044502 0.0127781
12 0.00698958 0.0119629
13 0.00674397 0.0110452
14 0.00717515 0.0102647
15 0.00547889 0.00971949
16 0.00861467 0.00960456
17 0.00895956 0.00904577
18 0.00760074 0.00864469
19 0.00768791 0.00819014
20 0.00541881 0.00808886
21 0.00439924 0.00776767
22 0.00360507 0.00745508
23 0.00279439 0.00717489
24 0.00319278 0.00688698
25 0.00429282 0.00669878
26 0.00459323 0.00644787
27 0.00556903 0.00628246
28 0.00594872 0.00606955
29 0.0065535 0.00589031
30 0.00653074 0.00569401
31 0.00576448 0.00556165
32 0.0048862 0.00545676
33 0.00621884 0.0054517
34 0.00460683 0.00552455
35 0.00406457 0.00539325
36 0.00378943 0.00525045
37 0.00482862 0.00521037
38 0.00456132 0.00508011
39 0.0044972 0.00495025
40 0.00365956 0.00489685
41 0.00377301 0.00477873
42 0.00382728 0.00466526
43 0.00387752 0.00455704
44 0.00319891 0.00450371
45 0.00300959 0.00440761
46 0.002786 0.00431746
47 0.0024518 0.00423851
48 0.00230078 0.0041529
49 0.00252204 0.00407404
50 0.00219084 0.004006
51 0.00234443 0.00393039
52 0.00182499 0.00388898
53 0.00222507 0.00383613
54 0.00158858 0.00381753
55 0.00125125 0.00376299
56 0.00102036 0.00370287
57 0.00154543 0.00367495
58 0.00103233 0.00364723
59 0.000674802 0.00360289
60 0.000854353 0.00354732
61 -0.000121399 0.00362088
62 0.000703743 0.00365529
63 0.000696561 0.00359727
64 0.000934576 0.00354893
65 0.00126082 0.0035093
66 0.00124043 0.00345618
67 0.00214156 0.00352012
68 0.00199513 0.00347139
69 0.0024025 0.0034449
70 0.00353599 0.00357731
71 0.0037532 0.00353351
72 0.00375895 0.00348444
73 0.00398003 0.00344372
74 0.00309042 0.00351021
75 0.00311246 0.00346347
76 0.00356041 0.00344675
77 0.00301533 0.00344481
78 0.00353981 0.00344035
79 0.00393458 0.00341937
80 0.00405238 0.00337866
81 0.00475246 0.00340871
82 0.00508444 0.00338326
83 0.00482485 0.00335245
84 0.00476399 0.00331309
85 0.00418638 0.00332408
86 0.00416773 0.00328548
87 0.00405678 0.00324959
88 0.0035819 0.00324718
89 0.00338236 0.00321682
90 0.00358343 0.00318735
91 0.00275414 0.00325842
92 0.00230574 0.00325371
93 0.00202677 0.00323066
94 0.00201604 0.00319631
95 0.00160898 0.00318848
96 0.00151901 0.00315654
97 0.001633 0.00312605
98 0.00140085 0.00310276
99 0.00114916 0.00308161
100 0.00121425 0.00305148
