0 0 0
1 1 0
2 1.41701 0.00413003
3 1.7396 0.00511813
4 2.01206 0.00619983
5 2.25195 0.00720108
6 2.45754 0.00925497
7 2.65699 0.00897767
8 2.84271 0.00919919
9 3.01176 0.00949418
10 3.17962 0.0109261
11 3.3306 0.0122702
12 3.48573 0.0128266
13 3.62017 0.0127825
14 3.75019 0.0148681
15 3.87269 0.0155974
16 3.99969 0.0158573
17 4.12139 0.0167506
18 4.24022 0.0165663
19 4.35753 0.016846
20 4.47001 0.0172901
21 4.58093 0.0176573
22 4.69805 0.0179493
23 4.80713 0.0173148
24 4.9046 0.0184517
25 5.00249 0.0188755
26 5.10981 0.0201668
27 5.20803 0.0210914
28 5.29878 0.0212939
29 5.38753 0.0212644
30 5.46559 0.0208253
31 5.56114 0.0215722
32 5.64355 0.0212081
33 5.7293 0.0211955
34 5.80895 0.0215373
35 5.8839 0.0221807
36 5.97434 0.0236734
37 6.05128 0.0241345
38 6.12901 0.023864
39 6.21704 0.0242797
40 6.29583 0.0253225
41 6.37025 0.0261622
42 6.44682 0.0260754
43 6.53258 0.0265143
44 6.60426 0.0267317
45 6.67328 0.0269568
46 6.74516 0.0267904
47 6.82588 0.027486
48 6.9089 0.0282309
49 6.98757 0.0282555
50 7.0549 0.0281031
51 7.12908 0.0290318
52 7.19952 0.0292861
53 7.27148 0.0287689
54 7.33398 0.0279375
55 7.40809 0.0278551
56 7.46047 0.0288231
57 7.52682 0.0296313
58 7.60336 0.030705
59 7.65908 0.0311488
60 7.72491 0.03285
61 7.78691 0.0338302
62 7.85175 0.0339378
63 7.91761 0.0330703
64 7.98886 0.0350128
65 8.05529 0.0356906
66 8.11188 0.0358769
67 8.17196 0.0367215
68 8.23444 0.0370555
69 8.29457 0.0371133
70 8.35641 0.0366326
71 8.41135 0.0372215
72 8.46779 0.0371353
73 8.53296 0.0379851
74 8.58972 0.0389207
75 8.65054 0.0396422
76 8.71191 0.0393471
77 8.76761 0.0400698
78 8.82929 0.0410569
79 8.88763 0.0413924
80 8.94617 0.0426783
81 9.00023 0.0434513
82 9.05774 0.0429449
83 9.11155 0.0426429
84 9.1644 0.0437632
85 9.23064 0.0437588
86 9.27942 0.0432789
87 9.34325 0.0424466
88 9.4056 0.0426215
89 9.46125 0.042175
90 9.51219 0.043578
91 9.56659 0.0445801
92 9.61826 0.0437754
93 9.67563 0.0450119
94 9.73108 0.0452435
95 9.78325 0.0449533
96 9.83902 0.0460107
97 9.88779 0.0471661
98 9.9375 0.0474869
99 9.98927 0.0469989
100 10.0471 0.047035
