1 3.12989 0
2 3.02055 0.0773159
3 3.00576 0.0529389
4 3.00171 0.0398593
5 2.99528 0.0324018
6 3.0277 0.0400614
7 3.02225 0.0347073
8 3.05701 0.0444919
9 3.06674 0.0406002
10 3.07528 0.0374264
11 3.08226 0.0346693
12 3.08933 0.0324924
13 3.08321 0.0305637
14 3.09414 0.0302723
15 3.09363 0.0282586
16 3.10402 0.0283407
17 3.10907 0.027119
18 3.11271 0.0258556
19 3.11963 0.025403
20 3.12125 0.0241847
21 3.12561 0.0234231
22 3.13064 0.0228919
23 3.13766 0.0229487
24 3.13643 0.0220258
25 3.13082 0.0218468
26 3.12911 0.0210731
27 3.13396 0.0208426
28 3.13434 0.0201018
29 3.13196 0.0195497
30 3.13491 0.0191201
31 3.12979 0.0191766
32 3.12888 0.0185988
33 3.13334 0.0185618
34 3.13825 0.0186543
35 3.13556 0.0183141
36 3.13623 0.0178175
37 3.13851 0.0174813
38 3.1364 0.0171489
39 3.13776 0.0167637
40 3.1385 0.0163606
41 3.13671 0.0160591
42 3.13797 0.0157264
43 3.13744 0.0153696
44 3.13318 0.0156004
45 3.13819 0.0160373
46 3.13948 0.0157403
47 3.14022 0.0154231
48 3.13851 0.0151964
49 3.13789 0.014899
50 3.13686 0.0146366
51 3.1345 0.0145383
52 3.13557 0.0142976
53 3.13477 0.0140497
54 3.13739 0.0140308
55 3.13834 0.0138081
56 3.13741 0.0135926
57 3.13754 0.0133547
58 3.13581 0.013236
59 3.13222 0.0134899
60 3.13255 0.0132691
61 3.13299 0.013059
62 3.13248 0.0128587
63 3.13338 0.0126867
64 3.1321 0.0125534
65 3.13229 0.0123618
66 3.12983 0.012418
67 3.12972 0.0122331
68 3.12826 0.0121402
69 3.12724 0.0120068
70 3.12835 0.0118867
71 3.12922 0.0117507
72 3.12892 0.0115912
73 3.12965 0.0114554
74 3.13163 0.01147
75 3.13241 0.0113433
76 3.13134 0.0112444
77 3.13002 0.0111746
78 3.12983 0.011033
79 3.12974 0.0108937
80 3.12938 0.0107635
81 3.1306 0.0106999
82 3.13247 0.0107318
83 3.13158 0.0106398
84 3.1333 0.0106512
85 3.13334 0.010526
86 3.13409 0.0104299
87 3.13563 0.010423
88 3.13475 0.0103417
89 3.13589 0.0102882
90 3.13526 0.0101931
91 3.13396 0.0101641
92 3.13677 0.0104355
93 3.13577 0.0103707
94 3.13667 0.0102996
95 3.1374 0.0102164
96 3.13935 0.0102952
97 3.13733 0.0103855
98 3.13681 0.0102925
99 3.13616 0.0102092
100 3.13716 0.010156
