108
#Comment!
LJ  0.41506797536462514   -0.24745014235375487   -0.081339848794953581
LJ  -0.23642734017292161   -0.056622354197842416   0.090766304448651067
LJ  -0.2266440694487217   -0.034391195321847076   -0.27418135471414873
LJ  -0.45243810888620228   -0.27865789339297348   0.10885795300015894
LJ  0.0017157693737864781   0.26297353964972742   0.48015824118502759
LJ  -0.10058389930080527   -0.44586923882640545   0.3329802187193413
LJ  -0.20919981821807204   -0.33241591786296942   -0.35513744483987969
LJ  0.42180995406476968   0.24712510760031486   -0.09556181827605667
LJ  0.23585601133925127   -0.49095023269480559   0.47277539656392348
LJ  -0.17298588846501331   -0.046988778864096428   0.034263809211205101
LJ  -0.302259924830098   0.19348769600715979   -0.036021741960181326
LJ  -0.10613992392627955   -0.37890410140553132   -0.14235631042637212
LJ  -0.19297198450639011   -0.46138827260747184   0.26883884246379819
LJ  0.19644232111160972   -0.048499008969022497   -0.11462358568435306
LJ  -0.018040098160133827   0.14061663736243224   -0.25909274960251738
LJ  0.066176397352786936   0.47510602510221317   -0.36601209518769579
LJ  -0.20082753082288804   -0.13308722038604609   -0.1324107794272063
LJ  -0.037794907915524374   0.43031857412800073   -0.30522517160951229
LJ  -0.3470247194321443   -0.28575358326637607   -0.19662213108981358
LJ  0.13459232542419178   -0.080336008936973555   -0.14433201758764941
LJ  0.38999945874308906   -0.45568915525112269   0.14080795447606737
LJ  0.16946140346623978   -0.26203241983186987   0.067546432235626702
LJ  -0.079550886864608705   -0.3605721963037784   0.38884887651020045
LJ  -0.10544768475399477   0.087573440392917937   0.18520566980558167
LJ  0.15151993929406138   -0.47455590534094982   -0.078617206100182177
LJ  -0.0024373690480793864   -0.32895424303692106   0.16559361021038288
LJ  -0.13536128276951329   0.39520041674964723   -0.073651594433904871
LJ  -0.29498883694240502   0.04995111442926229   -0.15143342532933751
LJ  -0.042072416784841506   -0.46226840920357887   -0.30089435217137961
LJ  -0.23720813869849805   -0.34576468685336964   -0.01708474617127248
LJ  -0.12223280166398946   0.026287183648131485   0.37170491214413692
LJ  0.15929581289408926   -0.22226675082874961   -0.16128259180051366
LJ  -0.25058613241186189   0.47404879414304585   0.39249310354738115
LJ  0.18282103832611277   0.17438438652145052   -0.41019691106413403
LJ  0.18105365543915672   -0.12331436595368195   -0.20545454271782451
LJ  0.48355430613621214   -0.39105066003256   -0.30284980314104804
LJ  -0.035598965434932191   -0.47897271995253576   -0.39322987334524351
LJ  -0.10335980906191079   -0.37152948174387856   0.13460048831016735
LJ  0.15843405506673899   -0.35718855006444494   -0.40764370957266
LJ  -0.30788370059864045   -0.36021923863280619   0.21390184014111788
LJ  -0.14788111799270406   0.0082260077972323275   -0.4945847644880092
LJ  -0.31649393764098555   0.32293596809095793   0.19962044777761886
LJ  0.39331777391967315   -0.18864554441381495   -0.02335920006812733
LJ  0.2326647584726744   0.24695277555153161   0.20745044189113329
LJ  -0.13763166892410378   0.11121093835280287   0.35120049334116854
LJ  -0.20898682067513522   0.45220797124465617   0.20093564856853743
LJ  -0.29262620475987183   -0.26640163847482246   0.18450098433231935
LJ  0.33653641238383991   -0.3084384653384703   0.46623201940033904
LJ  0.092743090165133935   0.48478880985218725   0.45529068098184627
LJ  0.15931171035459732   -0.49557660959759087   -0.25303031776956092
LJ  -0.46683133650668085   -0.46894614786292194   -0.29485422484031215
LJ  0.44929400637102324   0.017939070051711432   0.11287388472716274
LJ  -0.25045045636504726   -0.48210926990910824   0.48374282041823757
LJ  0.13339380008683924   0.33629118953765896   -0.29786580545598962
LJ  -0.34391996174587702   0.47296287963772721   0.18420015419437988
LJ  -0.13966438885159413   -0.0048040136073880793   0.29495355522231992
LJ  -0.20602881911909973   -0.27690602931374692   -0.24981242819683128
LJ  0.10727063291002507   -0.38551286238920068   -0.46334518296512039
LJ  -0.1435457126723696   -0.43696717239837357   -0.20014037295597598
LJ  -0.013083889741918035   -0.15125635203570967   -0.099605234472417009
LJ  0.20192590822949169   -0.2895566840138597   -0.43518651895619537
LJ  -0.14378264280272027   -0.086838545916503071   -0.42889629887744657
LJ  0.25083257137204784   0.43546671361510864   0.29712622916350867
LJ  -0.15061144686419017   -0.45220507149493439   -0.12196656074352033
LJ  -0.097236542601991063   -0.30215060761935908   -0.34430856828481332
LJ  -0.17128377123730812   -0.21428230304082402   -0.12756004461315176
LJ  0.33338846495062502   -0.012396968305275488   -0.10356174388577694
LJ  0.13214403428805305   -0.21752826121576704   -0.45187028101652565
LJ  0.41264219821081422   0.35762285287630119   0.25978584507377162
LJ  0.43629482323612306   0.39511054185194527   0.077997045685724617
LJ  -0.35097548827865022   -0.31067865510835663   0.12604083887403078
LJ  -0.090876204423244802   0.25450664633978248   0.26823588880548527
LJ  -0.13179142730201793   -0.24884690495911121   0.33469912743219138
LJ  0.040001932705886784   0.29024888487931616   -0.0057491844738176172
LJ  0.048894110914943369   0.11084930909306809   0.32120416608150393
LJ  0.23704399813569854   -0.031464200787057535   0.31627600291620422
LJ  0.4401452968042231   -0.026998204068834391   -0.11029277545874321
LJ  -0.049866402889454861   -0.06310114399773098   -0.1426877552372692
LJ  0.30643648038256222   0.060031720127203154   -0.01625435657634516
LJ  -0.05235125727333053   0.34040196035649228   0.27038264205753476
LJ  0.16623402049891081   -0.17503991579315201   -0.093523328454444499
LJ  -0.42405945228384706   0.37462724458131447   0.21826503390208421
LJ  0.1796087428519835   -0.018965851638629704   -0.26633422081110508
LJ  -0.37117323688775838   0.23939280256736351   0.15895700954267633
LJ  0.28728871639493481   -0.25912169311438177   -0.27429792246700324
LJ  0.29995451793733696   0.38212697941975182   -0.23950008956534102
LJ  0.025637963759228905   -0.47305300784188392   -0.48524967481986231
LJ  -0.16590003723246241   -0.42197308882583695   -0.30483453527359589
LJ  -0.27613488308624212   0.29811271457959915   -0.16952926863098799
LJ  0.012988414037821793   0.40513846066340187   -0.045412745106366212
LJ  0.041745686462181249   0.28619727002537815   0.32696799658875769
LJ  -0.22793955759513562   0.25712539462805262   -0.080273229286143319
LJ  0.051482019295817666   0.18200128432296267   -0.356870633551998
LJ  -0.31040773019435164   -0.49489704679930269   0.43702602162949683
LJ  -0.18686165710885458   -0.15848150091577889   0.36218912432246714
LJ  0.39522316744112757   -0.28298883437387629   0.022442739062094236
LJ  -0.024939550875557874   -0.06692900017601304   0.0040623811057501572
LJ  0.49151559757164182   0.2989054813834689   0.022404375422868137
LJ  0.29091760287432505   -0.32865726898147596   -0.41342401594006301
LJ  0.13588179303868728   -0.026062352246784621   0.32750347899671839
LJ  -0.17339319208664611   -0.35126955392585696   -0.24461956584989591
LJ  -0.48444026891380104   0.11024473711084117   -0.1158655598597064
LJ  0.28985368182181676   -0.030758370347894845   0.10234264907279307
LJ  0.069174415432154274   -0.45042673941146621   -0.028548183228314858
LJ  -0.35435080452094903   0.42045164366135601   -0.21480689290694033
LJ  -0.30145069308382477   0.49515612532826941   -0.040492008311195607
LJ  0.20066200228238174   0.30339684230014013   -0.35490618768995114
LJ  -0.0032139673299772463   0.36822447680976655   -0.3455778934252241
