1 13.8576 0
2 13.9251 0.0674634
3 13.9126 0.0408975
4 13.4097 0.503758
5 13.8288 0.572687
6 14.2885 0.655706
7 15.0026 0.903869
8 14.524 0.917488
9 14.661 0.820662
10 14.9009 0.772256
11 15.0485 0.713954
12 15.0821 0.652611
13 15.2798 0.632021
14 15.5367 0.639046
15 15.316 0.634535
16 15.1717 0.610837
17 15.224 0.576159
18 15.0694 0.564779
19 15.0587 0.534335
20 14.9255 0.524117
21 14.8164 0.510329
22 14.9351 0.50085
23 14.8457 0.486851
24 15.0215 0.498166
25 14.9743 0.48015
26 14.8265 0.484417
27 14.8795 0.469135
28 14.9736 0.461761
29 14.9536 0.446002
30 15.0443 0.440323
31 15.0105 0.427224
32 14.9593 0.416817
33 14.9821 0.40463
34 14.9367 0.395155
35 14.8523 0.392872
36 14.8564 0.381824
37 14.8896 0.372844
38 14.8229 0.368981
39 14.7377 0.369356
40 14.7135 0.360813
41 14.7282 0.35221
42 14.7249 0.343737
43 14.8202 0.348898
44 14.8911 0.348184
45 14.8673 0.341194
46 14.8778 0.33386
47 14.8958 0.327173
48 14.8907 0.320324
49 14.8657 0.314713
50 14.8467 0.308943
51 14.8503 0.302847
52 14.8782 0.298274
53 14.8897 0.292818
54 14.8568 0.289227
55 14.8751 0.284507
56 14.903 0.280779
57 14.9152 0.276075
58 14.9861 0.280384
59 15.0076 0.276433
60 15.0159 0.271912
61 15.012 0.267445
62 15.0558 0.26671
63 15.0449 0.262668
64 15.0011 0.262219
65 14.9959 0.258205
66 15.0195 0.25536
67 15.0109 0.251666
68 15.0521 0.251334
69 15.0813 0.249381
70 15.0759 0.245853
71 15.1237 0.247036
72 15.1311 0.243696
73 15.0948 0.243063
74 15.0535 0.243289
75 15.0544 0.240025
76 15.0565 0.236855
77 15.0595 0.233777
78 15.0632 0.230791
79 15.0529 0.228086
80 15.0599 0.225326
81 15.1102 0.228147
82 15.1199 0.225553
83 15.0817 0.226067
84 15.0493 0.225692
85 15.0533 0.223056
86 15.069 0.221007
87 15.0568 0.218794
88 15.0451 0.216609
89 15.0649 0.215076
90 15.1228 0.220409
91 15.1235 0.217974
92 15.0781 0.220303
93 15.0914 0.218324
94 15.043 0.221347
95 15.0221 0.220002
96 15.0298 0.217835
97 15.0326 0.215596
98 15.0069 0.214924
99 14.9767 0.214882
100 14.9675 0.212919
