1 0.999536 0
2 0.986215 0.00941889
3 0.992647 0.00818596
4 0.990822 0.00633972
5 0.989725 0.00516586
6 0.989656 0.00430534
7 0.991649 0.00412576
8 0.992898 0.00379448
9 0.993611 0.00343926
10 0.994663 0.00325231
11 0.994845 0.00296171
12 0.996309 0.00305535
13 0.996518 0.00282748
14 0.996358 0.00263004
15 0.996063 0.00247121
16 0.996753 0.00241098
17 0.99654 0.00227853
18 0.99778 0.00246657
19 0.998221 0.00237575
20 0.99782 0.00229052
21 0.998558 0.00229722
22 0.998379 0.00219971
23 0.998293 0.00210576
24 0.99842 0.00202182
25 0.998483 0.00194195
26 0.997943 0.00194112
27 0.997504 0.00191804
28 0.997367 0.00185448
29 0.998171 0.00195729
30 0.999297 0.00219223
31 0.999162 0.00212567
32 0.999101 0.00206013
33 0.999584 0.00205366
34 0.999259 0.00201885
35 0.999346 0.00196306
36 0.999269 0.00191004
37 0.999339 0.00185969
38 0.999734 0.00185232
39 0.999274 0.00186128
40 0.999216 0.00181564
41 0.998794 0.00181962
42 0.998973 0.00178506
43 0.999052 0.00174526
44 0.998246 0.00188241
45 0.998824 0.00192734
46 0.998556 0.00190402
47 0.998847 0.00188565
48 0.999067 0.00185917
49 0.999046 0.00182134
50 0.999116 0.00178624
51 0.999269 0.00175776
52 0.99946 0.0017343
53 0.999897 0.00175584
54 1.00052 0.00182922
55 1.00079 0.00181567
56 1.00095 0.00179111
57 1.0014 0.00181481
58 1.00156 0.00179047
59 1.0017 0.00176513
60 1.00168 0.00173575
61 1.00164 0.00170776
62 1.00171 0.0016816
63 1.00174 0.00165522
64 1.00183 0.00163144
65 1.00176 0.0016079
66 1.00156 0.00159554
67 1.00157 0.00157177
68 1.00154 0.00154891
69 1.00153 0.00152655
70 1.00142 0.00150835
71 1.00147 0.00148774
72 1.00151 0.00146764
73 1.00178 0.00147356
74 1.00164 0.00146062
75 1.00168 0.00144157
76 1.00153 0.0014302
77 1.00148 0.00141228
78 1.00154 0.00139536
79 1.00154 0.0013777
80 1.00143 0.0013647
81 1.00128 0.00135642
82 1.0011 0.00135134
83 1.00144 0.00137581
84 1.00145 0.00135954
85 1.00145 0.00134355
86 1.0014 0.00132908
87 1.00119 0.00132923
88 1.00147 0.00134384
89 1.00164 0.00133866
90 1.00175 0.00132856
91 1.00152 0.00133353
92 1.00139 0.00132552
93 1.00118 0.00132751
94 1.0012 0.00131352
95 1.00125 0.00130055
96 1.00148 0.00130723
97 1.00145 0.00129404
98 1.0015 0.00128176
99 1.00161 0.00127326
100 1.00152 0.00126359
