0 451.625
1 423.015
2 422.819
3 419.262
4 419.065
5 414.552
6 403.528
7 400.506
8 395.965
9 392.487
10 391.138
11 383.75
12 383.392
13 380.748
14 373.909
15 371.92
16 367.395
17 357.695
18 354.506
19 348.655
20 346.931
21 346.931
22 341.246
23 331.949
24 331.641
25 327.958
26 315.554
27 314.137
28 308.623
29 307.207
30 301.855
31 301.855
32 297.43
33 297.43
34 295.932
35 295.349
36 293.993
37 291.912
38 290.634
39 290.096
40 286.058
41 283.996
42 282.533
43 279.4
44 276.221
45 269.957
46 269.957
47 268.944
48 263.964
49 262.95
50 258.719
51 258.473
52 248.564
53 246.793
54 246.793
55 245.903
56 244.755
57 242.508
58 239.194
59 238.046
60 238.046
61 236.97
62 236.834
63 235.867
64 235.262
65 232.612
66 232.476
67 232.151
68 231.589
69 230.168
70 229.325
71 227.312
72 224.365
73 224.365
74 222.699
75 222.699
76 222.378
77 220.815
78 220.536
79 218.653
80 218.653
81 218.518
82 215.766
83 215.766
84 214.311
85 213.929
86 213.365
87 212.473
88 212.388
89 211.329
90 208.667
91 207.469
92 205.217
93 204.305
94 204.259
95 203.651
96 203.651
97 202.762
98 202.122
99 201.603
100 200.218
101 198.695
102 195.592
103 195.592
104 195.177
105 194.562
106 191.717
107 191.603
108 190.062
109 190.062
110 190.062
111 189.403
112 189.403
113 189.34
114 189.34
115 188.613
116 188.613
117 186.211
118 186.211
119 184.866
120 184.866
121 184.319
122 184.135
123 183.91
124 183.91
125 183.91
126 183.91
127 182.867
128 181.718
129 180.675
130 179.741
131 179.741
132 178.942
133 178.112
134 178.112
135 176.259
136 175.46
137 175.46
138 175.314
139 174.704
140 174.704
141 174.704
142 174.235
143 174.204
144 173.102
145 171.759
146 171.759
147 171.759
148 171.258
149 170.877
150 170.185
151 169.267
152 168.885
153 168.874
154 168.874
155 168.874
156 168.874
157 162.835
158 161.762
159 161.762
160 161.762
161 161.762
162 161.762
163 161.762
164 161.762
165 160.796
166 160.682
167 157.967
168 157.967
169 157.967
170 156.647
171 153.012
172 153.012
173 153.003
174 153.003
175 152.933
176 152.933
177 152.445
178 152.445
179 152.407
180 151.848
181 151.848
182 151.848
183 151.624
184 150.648
185 149.161
186 148.602
187 148.206
188 144.671
189 142.464
190 142.464
191 142.429
192 142.429
193 142.316
194 142.23
195 141.699
196 141.489
197 141.489
198 141.489
199 141.489
200 141.388
201 140.754
202 140.55
203 139.396
204 138.662
205 138.662
206 138.662
207 138.422
208 138.422
209 138.422
210 138.422
211 138.422
212 138.297
213 138.057
214 138.057
215 137.651
216 137.651
217 137.651
218 137.651
219 137.651
220 137.651
221 137.508
222 137.465
223 137.334
224 137.148
225 137.148
226 137.058
227 137.058
228 137.058
229 136.228
230 136.228
231 136.228
232 136.228
233 135.528
234 135.528
235 135.528
236 135.464
237 135.409
238 135.409
239 135.409
240 135.064
241 135.064
242 135.064
243 135.064
244 134.848
245 134.848
246 134.848
247 134.731
248 134.731
249 134.731
250 134.731
251 134.727
252 134.377
253 134.373
254 133.64
255 133.636
256 133.636
257 133.636
258 133.636
259 133.636
260 133.636
261 133.636
262 133.636
263 133.564
264 133.564
265 133.564
266 131.974
267 131.974
268 130.604
269 129.804
270 129.804
271 129.804
272 129.389
273 128.589
274 128.589
275 128.589
276 128.589
277 128.589
278 128.589
279 128.589
280 128.589
281 128.589
282 128.589
283 127.226
284 127.226
285 127.226
286 127.226
287 126.988
288 126.712
289 126.712
290 126.712
291 126.712
292 126.712
293 126.712
294 126.712
295 126.712
296 126.712
297 126.712
298 126.712
299 126.712
300 126.712
301 126.3
302 126.3
303 126.3
304 126.3
305 126.3
306 126.3
307 126.3
308 126.3
309 126.3
310 126.3
311 126.3
312 126.3
313 125.94
314 125.807
315 125.467
316 125.425
317 125.425
318 125.425
319 125.425
320 125.425
321 125.299
322 125.299
323 125.299
324 124.798
325 124.798
326 123.429
327 123.429
328 123.407
329 123.292
330 123.166
331 123.166
332 123.166
333 122.537
334 122.253
335 121.993
336 121.993
337 121.484
338 119.761
339 119.761
340 119.761
341 119.761
342 119.761
343 119.761
344 118.971
345 118.857
346 118.857
347 117.791
348 117.791
349 117.791
350 117.791
351 117.791
352 117.791
353 117.791
354 117.791
355 117.791
356 117.791
357 117.791
358 117.791
359 117.791
360 117.791
361 117.791
362 117.791
363 117.791
364 117.791
365 117.791
366 117.791
367 117.791
368 117.791
369 117.791
370 117.791
371 116.635
372 116.635
373 116.635
374 116.635
375 116.391
376 115.844
377 115.844
378 115.844
379 115.844
380 115.844
381 115.844
382 115.844
383 115.844
384 115.844
385 115.844
386 115.844
387 115.844
388 115.844
389 115.844
390 115.844
391 115.794
392 115.794
393 115.794
394 115.593
395 115.593
396 115.593
397 115.593
398 115.593
399 115.593
400 114.739
401 114.739
402 114.739
403 114.739
404 113.456
405 113.248
406 112.775
407 112.775
408 112.351
409 111.46
410 111.46
411 111.46
412 111.46
413 111.46
414 111.46
415 111.432
416 111.432
417 111.432
418 111.432
419 111.432
420 111.432
421 111.432
422 111.235
423 111.235
424 111.235
425 111.235
426 111.235
427 111.235
428 111.235
429 111.235
430 111.235
431 111.235
432 111.235
433 111.235
434 111.235
435 111.235
436 111.235
437 110.975
438 110.975
439 110.975
440 110.975
441 110.975
442 110.975
443 110.975
444 110.975
445 110.975
446 110.975
447 110.975
448 110.975
449 110.975
450 110.975
451 110.975
452 110.975
453 110.346
454 110.346
455 109.71
456 109.672
457 109.672
458 109.672
459 109.672
460 109.246
461 109.246
462 109.208
463 109.208
464 109.208
465 109.174
466 109.174
467 109.174
468 109.174
469 109.174
470 109.174
471 109.174
472 109.174
473 109.174
474 109.174
475 109.174
476 109.174
477 109.174
478 109.174
479 109.174
480 109.174
481 109.174
482 109.174
483 109.174
484 109.174
485 109.174
486 109.174
487 109.174
488 109.174
489 109.174
490 109.174
491 109.174
492 109.174
493 109
494 109
495 108.823
496 108.227
497 108.227
498 107.524
499 107.524
500 105.969
501 105.806
502 105.39
503 105.39
504 105.39
505 105.227
506 105.227
507 105.199
508 105.199
509 105.199
510 101.648
511 101.648
512 101.648
513 101.648
514 101.648
515 101.648
516 101.648
517 101.648
518 101.648
519 101.648
520 101.648
521 101.648
522 101.648
523 101.648
524 101.648
525 101.648
526 101.648
527 101.648
528 101.477
529 101.477
530 101.477
531 100.775
532 100.604
533 100.604
534 100.604
535 100.604
536 100.604
537 100.417
538 100.417
539 100.417
540 100.417
541 100.417
542 100.417
543 100.417
544 100.417
545 100.417
546 100.417
547 100.417
548 100.417
549 100.417
550 100.417
551 100.417
552 100.417
553 100.417
554 100.417
555 100.13
556 99.5842
557 99.2908
558 99.2908
559 99.2908
560 99.2908
561 99.2908
562 99.2908
563 99.2908
564 98.8823
565 98.6682
566 98.2597
567 98.2597
568 98.2597
569 97.251
570 97.251
571 97.251
572 97.251
573 97.251
574 97.251
575 97.056
576 97.056
577 97.056
578 97.056
579 97.056
580 97.056
581 97.056
582 97.056
583 97.056
584 97.056
585 97.056
586 97.056
587 97.056
588 97.056
589 97.056
590 97.056
591 97.056
592 97.056
593 97.056
594 97.056
595 97.056
596 97.056
597 97.056
598 97.056
599 97.056
600 97.056
601 97.056
602 97.056
603 97.056
604 97.056
605 97.056
606 97.056
607 97.056
608 96.9797
609 96.9797
610 96.9797
611 96.9797
612 96.9797
613 96.9797
614 96.9797
615 96.9797
616 96.9797
617 96.9797
618 96.9797
619 96.9797
620 96.9797
621 96.9797
622 96.9797
623 96.9797
624 96.6324
625 96.3854
626 96.3854
627 95.6426
628 95.6426
629 95.2639
630 95.2639
631 95.2639
632 95.2639
633 95.2639
634 95.2639
635 95.2639
636 94.6839
637 94.6839
638 94.6839
639 94.5033
640 94.193
641 94.193
642 92.2957
643 92.2957
644 92.2957
645 92.2957
646 92.2957
647 91.7358
648 91.7358
649 91.7358
650 91.7358
651 91.7358
652 91.7358
653 91.7358
654 91.7358
655 91.7358
656 91.7358
657 91.7358
658 91.7358
659 91.7358
660 91.7358
661 91.7358
662 91.7358
663 91.7358
664 91.7358
665 91.4333
666 91.4333
667 91.4333
668 91.4333
669 91.4333
670 90.8265
671 90.8265
672 90.8265
673 90.8265
674 90.8265
675 90.8265
676 90.8265
677 90.8265
678 90.8265
679 89.8564
680 89.8564
681 89.6063
682 89.6063
683 89.6063
684 89.6063
685 89.6063
686 89.6063
687 89.6063
688 89.6063
689 89.3857
690 89.3857
691 89.3857
692 89.3857
693 89.3857
694 89.3857
695 89.3857
696 89.3857
697 89.3857
698 89.3857
699 89.3857
700 89.3857
701 89.3857
702 89.3857
703 89.3857
704 89.3857
705 89.3857
706 89.3857
707 89.3857
708 89.3857
709 89.3857
710 89.3857
711 89.3857
712 89.3857
713 89.3857
714 89.3857
715 89.3857
716 89.3857
717 89.3857
718 89.3857
719 89.3857
720 89.3857
721 89.3857
722 89.3857
723 89.3857
724 89.3857
725 89.3857
726 89.3857
727 89.3857
728 89.3857
729 89.3857
730 89.3857
731 89.3857
732 89.3857
733 89.3857
734 89.3857
735 89.3857
736 89.3857
737 89.3857
738 89.3857
739 89.3857
740 89.1769
741 89.1769
742 89.1742
743 88.4818
744 88.1081
745 87.8993
746 87.8993
747 87.8993
748 87.8993
749 87.8651
750 87.8651
751 87.8651
752 87.8651
753 87.8651
754 87.6141
755 87.6141
756 87.6141
757 87.6141
758 87.6141
759 87.6141
760 87.6141
761 87.6141
762 87.6141
763 87.6141
764 87.6141
765 87.6141
766 87.6141
767 87.6141
768 87.6141
769 87.6141
770 87.6141
771 87.6141
772 87.6141
773 87.6141
774 87.6141
775 87.6141
776 87.6141
777 87.6141
778 87.6141
779 87.6141
780 87.6141
781 87.6141
782 87.6141
783 87.6141
784 87.6141
785 87.6141
786 87.6141
787 87.6141
788 87.6141
789 87.6141
790 87.6141
791 87.6141
792 87.6141
793 87.6141
794 87.6141
795 87.5756
796 87.5756
797 87.5756
798 87.5756
799 87.5756
800 87.5756
801 87.5756
802 87.5756
803 87.5756
804 87.5756
805 87.5756
806 87.5756
807 87.5756
808 87.5756
809 87.5756
810 87.5756
811 87.5756
812 87.5756
813 87.5756
814 87.5756
815 87.5756
816 87.5756
817 87.5756
818 87.5756
819 87.5756
820 87.5756
821 87.5756
822 87.5756
823 87.5756
824 87.5756
825 87.5756
826 87.5756
827 87.5756
828 87.5756
829 87.5756
830 87.5756
831 87.5756
832 87.5756
833 87.5756
834 87.5756
835 87.5756
836 87.3455
837 87.3455
838 87.3455
839 87.3455
840 87.3455
841 87.3455
842 87.3455
843 87.3455
844 87.3455
845 87.3455
846 87.3455
847 87.3455
848 86.8312
849 86.8312
850 86.8092
851 86.8092
852 86.7068
853 86.7068
854 86.7068
855 86.485
856 86.463
857 86.463
858 86.463
859 86.463
860 86.463
861 86.463
862 86.463
863 86.463
864 86.463
865 86.463
866 86.463
867 86.463
868 86.463
869 86.463
870 86.463
871 86.463
872 86.463
873 86.463
874 86.463
875 86.463
876 86.463
877 86.463
878 86.463
879 86.4491
880 86.4491
881 86.4491
882 86.4083
883 86.4083
884 86.3944
885 86.3944
886 86.3944
887 86.3944
888 86.3944
889 86.3944
890 86.3944
891 86.3944
892 86.3944
893 86.3944
894 86.3944
895 86.3944
896 86.3944
897 86.3944
898 86.3944
899 86.3944
900 86.3944
901 86.3944
902 86.3944
903 86.3944
904 86.3944
905 86.3944
906 86.3944
907 86.3944
908 86.3944
909 86.3944
910 86.3944
911 86.3944
912 85.719
913 85.719
914 85.719
915 85.719
916 85.719
917 85.719
918 85.719
919 85.719
920 85.719
921 85.719
922 85.719
923 85.719
924 85.719
925 85.719
926 85.719
927 85.719
928 85.5952
929 85.5952
930 85.4685
931 85.4685
932 85.3712
933 85.0691
934 84.9719
935 84.9719
936 84.9719
937 84.9719
938 84.9719
939 84.9719
940 84.9719
941 84.9719
942 84.9719
943 84.9719
944 84.9719
945 84.9719
946 84.9719
947 84.9719
948 84.9719
949 84.9719
950 84.7011
951 84.7011
952 84.7011
953 84.7011
954 84.7011
955 84.7011
956 84.7011
957 84.7011
958 84.7011
959 84.7011
960 84.7011
961 84.7011
962 84.7011
963 84.7011
964 84.7011
965 84.7011
966 84.7011
967 84.7011
968 84.7011
969 84.7011
970 84.7011
971 84.7011
972 84.7011
973 84.7011
974 84.7011
975 84.7011
976 84.7011
977 84.7011
978 84.7011
979 84.7011
980 84.7011
981 84.7011
982 84.7011
983 84.7011
984 84.7011
985 84.7011
986 84.7011
987 84.7011
988 84.7011
989 84.7011
990 84.7011
991 84.7011
992 84.7011
993 84.7011
994 83.9275
995 83.9275
996 83.9275
997 83.9275
998 83.9275
999 83.9275
1000 83.9275
1001 83.9275
1002 83.9275
1003 83.9275
1004 83.9275
1005 83.9275
1006 83.9275
1007 83.9275
1008 83.9275
1009 83.9275
1010 83.9275
1011 83.9275
1012 83.9275
1013 83.9275
1014 83.9275
1015 83.1394
1016 83.1394
1017 82.9468
1018 82.9468
1019 82.9062
1020 81.9256
1021 81.9256
1022 81.8859
1023 81.8859
1024 81.8859
1025 81.8859
1026 81.8859
1027 81.8859
1028 81.7356
1029 81.7356
1030 81.7356
1031 81.1409
1032 81.1409
1033 81.1409
1034 81.1409
1035 81.1409
1036 81.1409
1037 81.1409
1038 81.1409
1039 81.1409
1040 81.1409
1041 81.1409
1042 81.1409
1043 81.1409
1044 81.1409
1045 81.1409
1046 81.1409
1047 81.1409
1048 81.1409
1049 81.1409
1050 81.1409
1051 81.1409
1052 81.1409
1053 81.1409
1054 81.1409
1055 81.1409
1056 81.1409
1057 81.1409
1058 81.1409
1059 81.1409
1060 81.1409
1061 81.1409
1062 81.1409
1063 81.1409
1064 81.1409
1065 81.1409
1066 81.1409
1067 80.958
1068 80.8393
1069 80.8393
1070 80.6564
1071 80.6564
1072 80.6564
1073 80.6564
1074 80.6564
1075 80.6564
1076 80.6564
1077 80.6564
1078 80.6564
1079 80.6564
1080 80.5326
1081 80.5326
1082 80.278
1083 80.278
1084 80.278
1085 80.278
1086 80.268
1087 80.268
1088 80.268
1089 80.268
1090 80.268
1091 80.268
1092 80.268
1093 80.268
1094 80.268
1095 80.268
1096 80.268
1097 80.268
1098 80.268
1099 80.268
1100 80.268
1101 80.268
1102 80.268
1103 80.268
1104 80.268
1105 80.268
1106 80.268
1107 79.9889
1108 79.9889
1109 79.9889
1110 79.9889
1111 79.9889
1112 79.9889
1113 79.9889
1114 79.9889
1115 79.9889
1116 79.9889
1117 79.9889
1118 79.9889
1119 79.9889
1120 79.9889
1121 79.9889
1122 79.9889
1123 79.9889
1124 79.9889
1125 79.9889
1126 79.9889
1127 79.9889
1128 79.9889
1129 79.9889
1130 79.9889
1131 79.9889
1132 79.9889
1133 79.9889
1134 79.9889
1135 79.9889
1136 79.9889
1137 79.9889
1138 79.9889
1139 79.9889
1140 79.9889
1141 79.9889
1142 79.9889
1143 79.9889
1144 79.9889
1145 79.9889
1146 79.9889
1147 79.9889
1148 79.9889
1149 79.9889
1150 79.9889
1151 79.9889
1152 79.9889
1153 79.9889
1154 79.9889
1155 79.9889
1156 79.9889
1157 79.9889
1158 79.9889
1159 79.9889
1160 79.9889
1161 79.9889
1162 79.9889
1163 79.9889
1164 79.9889
1165 79.9889
1166 79.9889
1167 79.9889
1168 79.9889
1169 79.9889
1170 79.9889
1171 79.9889
1172 79.9889
1173 79.9889
1174 79.9889
1175 79.9889
1176 79.9889
1177 79.9889
1178 79.9889
1179 79.979
1180 79.979
1181 79.979
1182 79.979
1183 79.979
1184 79.979
1185 79.979
1186 79.979
1187 79.979
1188 79.979
1189 79.979
1190 79.979
1191 79.979
1192 79.979
1193 79.979
1194 79.979
1195 79.979
1196 79.979
1197 79.979
1198 79.979
1199 79.979
1200 79.979
1201 79.979
1202 79.979
1203 79.979
1204 79.979
1205 79.979
1206 79.979
1207 79.979
1208 79.979
1209 79.979
1210 79.979
1211 79.979
1212 79.979
1213 79.979
1214 79.979
1215 79.979
1216 79.979
1217 79.979
1218 79.979
1219 79.979
1220 79.979
1221 79.979
1222 79.979
1223 79.979
1224 79.979
1225 79.979
1226 79.979
1227 79.979
1228 79.979
1229 79.979
1230 79.979
1231 79.979
1232 79.979
1233 79.979
1234 79.979
1235 79.979
1236 79.979
1237 79.979
1238 79.979
1239 79.979
1240 79.979
1241 79.979
1242 79.979
1243 79.979
1244 79.979
1245 79.979
1246 79.979
1247 79.979
1248 79.979
1249 79.979
1250 79.979
1251 79.979
1252 79.979
1253 79.979
1254 79.979
1255 79.979
1256 79.979
1257 79.979
1258 79.979
1259 79.979
1260 79.979
1261 79.979
1262 79.979
1263 79.979
1264 79.979
1265 79.979
1266 79.979
1267 79.979
1268 79.979
1269 79.979
1270 79.979
1271 79.979
1272 79.979
1273 79.979
1274 79.979
1275 79.979
1276 79.979
1277 79.979
1278 79.979
1279 79.979
1280 79.979
1281 79.979
1282 79.979
1283 79.979
1284 79.979
1285 79.979
1286 79.979
1287 79.979
1288 79.979
1289 79.979
1290 79.979
1291 79.979
1292 79.9079
1293 79.9079
1294 79.9079
1295 79.9079
1296 79.9079
1297 79.9079
1298 79.9079
1299 79.9079
1300 79.9079
1301 79.9079
1302 79.9079
1303 79.9079
1304 79.9079
1305 79.9079
1306 79.9079
1307 79.9079
1308 79.9079
1309 79.9079
1310 79.6539
1311 79.6539
1312 79.6539
1313 79.4296
1314 79.4296
1315 79.4296
1316 79.4296
1317 79.4296
1318 79.4296
1319 79.4296
1320 79.4296
1321 79.4296
1322 79.4296
1323 79.4296
1324 79.4296
1325 79.4296
1326 79.4296
1327 79.4296
1328 79.4296
1329 79.4296
1330 79.4296
1331 79.4296
1332 79.4296
1333 79.4296
1334 79.4296
1335 79.4296
1336 79.4296
1337 79.4296
1338 79.4296
1339 79.4296
1340 79.4296
1341 79.4296
1342 79.4296
1343 79.4296
1344 79.4296
1345 79.4296
1346 79.4296
1347 79.4296
1348 79.4296
1349 79.4296
1350 79.4296
1351 79.4296
1352 79.4296
1353 79.4296
1354 79.4296
1355 79.4296
1356 79.4296
1357 79.4296
1358 79.4296
1359 79.4296
1360 79.4296
1361 79.4296
1362 79.4296
1363 79.4296
1364 79.4296
1365 79.4296
1366 79.4296
1367 79.4296
1368 79.4296
1369 79.4296
1370 79.4296
1371 79.4296
1372 79.4296
1373 79.4296
1374 79.4296
1375 79.4296
1376 79.4296
1377 79.4296
1378 79.4296
1379 79.4296
1380 79.4296
1381 79.4296
1382 79.4296
1383 79.4296
1384 79.4296
1385 79.4296
1386 79.4296
1387 79.4296
1388 79.4296
1389 79.4296
1390 79.4296
1391 79.4296
1392 79.4296
1393 79.4296
1394 79.4296
1395 79.4296
1396 79.4296
1397 79.4296
1398 79.4296
1399 79.4296
1400 79.4296
1401 79.4296
1402 79.4296
1403 79.4296
1404 79.4296
1405 79.4296
1406 79.4296
1407 79.4296
1408 79.4296
1409 79.4296
1410 79.4296
1411 79.4296
1412 79.4296
1413 79.4296
1414 79.4296
1415 79.4296
1416 79.4296
1417 79.4296
1418 79.4296
1419 79.4296
1420 79.4296
1421 79.4296
1422 79.4296
1423 79.4296
1424 79.4296
1425 79.4296
1426 79.4296
1427 79.4296
1428 79.4296
1429 79.4296
1430 79.4296
1431 79.4296
1432 79.4296
1433 79.4296
1434 79.4296
1435 79.4296
1436 79.4296
1437 79.4296
1438 79.4296
1439 79.4296
1440 79.4296
1441 79.4296
1442 79.4296
1443 79.4296
1444 79.4296
1445 79.4296
1446 79.4296
1447 79.4296
1448 79.4296
1449 79.4296
1450 79.4296
1451 79.4296
1452 79.4296
1453 79.4296
1454 79.4296
1455 79.4296
1456 79.4296
1457 79.4296
1458 79.4296
1459 79.4296
1460 79.4296
1461 79.4296
1462 79.4296
1463 79.4296
1464 79.4296
1465 79.4296
1466 79.4296
1467 79.4296
1468 79.4296
1469 79.4296
1470 79.4296
1471 79.4296
1472 79.4296
1473 79.4296
1474 79.4296
1475 79.4296
1476 79.4296
1477 79.4296
1478 79.4296
1479 79.4296
1480 79.4296
1481 79.4296
1482 79.4296
1483 79.4296
1484 79.4296
1485 79.4296
1486 79.4296
1487 79.4296
1488 79.4296
1489 79.4296
1490 79.4296
1491 79.4296
1492 79.4296
1493 79.4296
1494 79.4296
1495 79.4296
1496 79.4296
1497 79.4296
1498 79.4296
1499 79.4296
1500 79.4296
1501 79.4296
1502 79.4296
1503 79.4296
1504 79.4296
1505 79.4296
1506 79.4296
1507 79.4296
1508 79.4296
1509 79.4296
1510 79.4296
1511 79.4296
1512 79.4296
1513 79.4296
1514 79.4296
1515 79.4296
1516 79.4296
1517 79.4296
1518 79.4296
1519 79.4296
1520 79.4296
1521 79.4296
1522 79.4296
1523 79.4296
1524 79.4296
1525 79.4296
1526 79.4296
1527 79.4296
1528 79.4296
1529 79.4296
1530 79.4296
1531 79.4296
1532 79.4296
1533 79.4296
1534 79.4296
1535 79.4296
1536 79.4296
1537 79.4296
1538 79.4296
1539 79.4296
1540 79.4296
1541 79.4296
1542 79.4296
1543 79.4296
1544 79.4296
1545 79.4296
1546 79.4296
1547 79.4296
1548 79.4296
1549 79.1622
1550 79.1622
1551 79.1622
1552 79.1622
1553 79.1622
1554 79.1622
1555 79.1622
1556 79.1622
1557 79.1622
1558 79.1622
1559 79.1622
1560 79.1622
1561 79.1622
1562 79.1622
1563 79.1622
1564 79.1622
1565 79.1622
1566 79.1622
1567 79.1622
1568 79.1622
1569 79.1622
1570 79.1622
1571 79.1622
1572 79.1622
1573 79.1622
1574 79.1622
1575 79.1622
1576 79.1622
1577 79.1622
1578 79.1622
1579 79.1622
1580 79.1622
1581 79.1622
1582 79.1622
1583 79.1622
1584 79.1622
1585 79.1622
1586 79.1622
1587 79.1622
1588 79.1622
1589 79.1622
1590 79.1622
1591 79.1622
1592 79.1622
1593 79.1622
1594 79.1622
1595 79.1622
1596 79.1622
1597 79.1622
1598 79.1622
1599 79.1622
1600 79.1622
1601 79.1622
1602 79.1622
1603 79.1622
1604 79.1622
1605 79.1622
1606 79.1622
1607 79.1622
1608 79.1622
1609 79.1622
1610 79.1622
1611 79.1622
1612 79.1622
1613 79.1622
1614 79.0085
1615 79.0085
1616 79.0085
1617 79.0085
1618 79.0085
1619 79.0085
1620 79.0085
1621 79.0085
1622 79.0085
1623 79.0085
1624 79.0085
1625 79.0085
1626 79.0085
1627 79.0085
1628 79.0085
1629 79.0085
1630 79.0085
1631 79.0085
1632 79.0085
1633 79.0085
1634 79.0085
1635 79.0085
1636 79.0085
1637 79.0085
1638 79.0085
1639 79.0085
1640 79.0085
1641 79.0085
1642 79.0085
1643 79.0085
1644 79.0085
1645 79.0085
1646 79.0085
1647 79.0085
1648 79.0085
1649 79.0085
1650 79.0085
1651 79.0085
1652 79.0085
1653 79.0085
1654 79.0085
1655 79.0085
1656 79.0085
1657 79.0085
1658 79.0085
1659 79.0085
1660 79.0085
1661 79.0085
1662 79.0085
1663 79.0085
1664 79.0085
1665 79.0085
1666 79.0085
1667 79.0085
1668 79.0085
1669 79.0085
1670 79.0085
1671 79.0085
1672 78.7842
1673 78.7842
1674 78.7842
1675 78.7842
1676 78.7842
1677 78.7096
1678 78.7096
1679 78.7096
1680 78.7096
1681 78.7096
1682 78.7096
1683 78.7096
1684 78.7096
1685 78.7096
1686 78.7096
1687 78.7096
1688 78.7096
1689 78.7096
1690 78.7096
1691 78.7096
1692 78.7096
1693 78.7096
1694 78.7096
1695 78.7096
1696 78.7096
1697 78.7096
1698 78.7096
1699 78.7096
1700 78.7096
1701 78.7096
1702 78.7096
1703 78.7096
1704 78.7096
1705 78.7096
1706 78.7096
1707 78.7096
1708 78.7096
1709 78.7096
1710 78.7096
1711 78.7096
1712 78.7096
1713 78.7096
1714 78.7096
1715 78.7096
1716 78.7096
1717 78.7096
1718 78.7096
1719 78.7096
1720 78.7096
1721 78.7096
1722 78.7096
1723 78.7096
1724 78.7096
1725 78.7096
1726 78.7096
1727 78.7096
1728 78.7096
1729 78.7096
1730 78.7096
1731 78.7096
1732 78.7096
1733 78.7096
1734 78.7096
1735 78.7096
1736 78.7096
1737 78.7096
1738 78.7096
1739 78.7096
1740 78.7096
1741 78.7096
1742 78.7096
1743 78.7096
1744 78.7096
1745 78.7096
1746 78.7096
1747 78.7096
1748 78.7096
1749 78.7096
1750 78.7096
1751 78.7096
1752 78.7096
1753 78.7096
1754 78.7096
1755 78.7096
1756 78.7096
1757 78.7096
1758 78.7096
1759 78.7096
1760 78.7096
1761 78.7096
1762 78.7096
1763 78.7096
1764 78.7096
1765 78.7096
1766 78.7096
1767 78.7096
1768 78.7096
1769 78.7096
1770 78.6762
1771 78.6762
1772 78.6762
1773 78.6762
1774 78.6762
1775 78.6762
1776 78.6762
1777 78.6762
1778 78.6762
1779 78.6762
1780 78.6762
1781 78.6762
1782 78.6762
1783 78.6762
1784 78.6762
1785 78.6762
1786 78.6762
1787 78.6762
1788 78.6762
1789 78.6762
1790 78.6762
1791 78.6762
1792 78.6762
1793 78.6762
1794 78.6762
1795 78.6762
1796 78.6762
1797 78.6762
1798 78.6762
1799 78.6762
1800 78.6762
1801 78.6762
1802 78.6762
1803 78.6762
1804 78.6762
1805 78.6762
1806 78.6762
1807 78.6762
1808 78.6762
1809 78.6762
1810 78.6762
1811 78.6762
1812 78.6762
1813 78.6762
1814 78.6762
1815 78.6762
1816 78.6762
1817 78.6762
1818 78.6762
1819 78.6762
1820 78.6529
1821 78.6529
1822 78.4957
1823 78.4957
1824 78.4957
1825 78.4957
1826 78.4957
1827 78.4957
1828 78.4957
1829 78.4957
1830 78.4957
1831 78.4957
1832 78.4957
1833 78.4957
1834 78.4957
1835 78.4957
1836 78.4957
1837 78.4957
1838 78.4957
1839 78.4957
1840 78.4957
1841 78.4957
1842 78.3188
1843 78.3188
1844 78.3188
1845 78.3188
1846 78.3188
1847 78.3188
1848 78.3188
1849 78.3188
1850 78.3188
1851 78.3188
1852 78.3188
1853 78.3188
1854 78.3188
1855 78.3188
1856 78.3188
1857 78.3188
1858 78.3188
1859 78.3188
1860 78.3188
1861 78.3188
1862 78.3188
1863 78.3188
1864 78.3188
1865 78.3188
1866 78.3188
1867 78.3178
1868 78.3178
1869 78.3178
1870 78.3178
1871 77.9399
1872 77.9399
1873 77.9399
1874 77.9399
1875 77.9399
1876 77.9399
1877 77.9399
1878 77.9399
1879 77.9399
1880 77.9399
1881 77.9399
1882 77.9399
1883 77.9399
1884 77.9399
1885 77.9399
1886 77.9399
1887 77.9399
1888 77.9399
1889 77.9399
1890 77.9399
1891 77.9399
1892 77.9399
1893 77.9399
1894 77.9399
1895 77.9399
1896 77.9399
1897 77.9399
1898 77.9399
1899 77.9399
1900 77.9399
1901 77.9399
1902 77.9399
1903 77.9399
1904 77.9399
1905 77.9399
1906 77.9399
1907 77.9399
1908 77.9399
1909 77.9399
1910 77.9399
1911 77.9399
1912 77.9399
1913 77.9399
1914 77.9399
1915 77.9399
1916 77.9399
1917 77.9399
1918 77.9399
1919 77.9399
1920 77.9399
1921 77.9399
1922 77.9003
1923 77.9003
1924 77.9003
1925 77.9003
1926 77.9003
1927 77.9003
1928 77.9003
1929 77.9003
1930 77.9003
1931 77.9003
1932 77.9003
1933 77.9003
1934 77.9003
1935 77.9003
1936 77.9003
1937 77.9003
1938 77.9003
1939 77.9003
1940 77.9003
1941 77.9003
1942 77.9003
1943 77.9003
1944 77.9003
1945 77.9003
1946 77.9003
1947 77.9003
1948 77.9003
1949 77.9003
1950 77.9003
1951 77.9003
1952 77.9003
1953 77.9003
1954 77.7368
1955 77.7368
1956 77.7368
1957 77.7368
1958 77.7368
1959 77.7368
1960 77.7368
1961 77.7368
1962 77.7368
1963 77.7368
1964 77.7368
1965 77.7368
1966 77.7368
1967 77.7368
1968 77.7368
1969 77.7368
1970 77.7368
1971 77.7368
1972 77.7368
1973 77.7368
1974 77.7368
1975 77.7368
1976 77.7368
1977 77.7368
1978 77.7368
1979 77.7368
1980 77.7368
1981 77.7368
1982 77.7368
1983 77.7368
1984 77.7368
1985 77.7368
1986 77.7368
1987 77.7368
1988 77.7368
1989 77.7368
1990 77.7368
1991 77.7368
1992 77.7368
1993 77.7368
1994 77.7368
1995 77.7368
1996 77.7368
1997 77.7368
1998 77.7368
1999 77.7368
2000 77.7368
2001 77.7368
2002 77.7368
2003 77.7368
2004 77.7368
2005 77.7368
2006 77.7368
2007 77.7368
2008 77.7368
2009 77.7368
2010 77.7368
2011 77.7368
2012 77.7368
2013 77.7368
2014 77.7368
2015 77.7368
2016 77.7368
2017 77.7368
2018 77.2566
2019 77.2566
2020 77.2566
2021 77.2566
2022 77.2566
2023 77.2566
2024 77.2566
2025 77.2566
2026 77.2566
2027 77.2566
2028 77.2566
2029 77.2566
2030 77.2566
2031 77.2566
2032 77.2566
2033 77.2566
2034 77.2566
2035 77.2566
2036 77.2566
2037 77.2566
2038 77.2566
2039 77.2566
2040 77.2566
2041 77.2566
2042 77.2566
2043 77.2566
2044 77.2566
2045 77.2566
2046 77.2566
2047 77.2566
2048 77.2566
2049 77.2566
2050 77.2566
2051 77.2566
2052 77.2566
2053 77.2566
2054 77.2566
2055 77.2566
2056 77.2566
2057 77.2566
2058 77.2566
2059 77.2566
2060 77.2566
2061 77.2566
2062 77.2566
2063 77.2566
2064 77.2566
2065 77.2566
2066 77.2566
2067 77.2566
2068 77.2566
2069 77.2566
2070 77.2566
2071 77.2566
2072 77.2566
2073 77.2566
2074 77.2566
2075 77.2566
2076 77.2566
2077 77.2566
2078 77.2566
2079 77.2566
2080 77.2566
2081 77.2566
2082 77.2566
2083 77.2566
2084 77.2566
2085 77.2566
2086 77.2566
2087 77.2566
2088 77.2566
2089 77.2566
2090 77.2566
2091 77.2566
2092 77.2566
2093 77.2566
2094 77.0933
2095 77.0933
2096 77.0933
2097 77.0933
2098 77.0933
2099 77.0933
2100 77.0933
2101 77.0933
2102 77.0933
2103 77.0933
2104 77.0933
2105 77.0933
2106 77.0933
2107 77.0933
2108 77.0933
2109 77.0933
2110 77.0933
2111 77.0933
2112 77.0933
2113 77.0933
2114 77.0933
2115 77.0933
2116 77.0933
2117 77.0933
2118 77.0933
2119 77.0933
2120 77.0933
2121 77.0933
2122 77.0933
2123 77.0933
2124 77.0933
2125 77.0933
2126 77.0933
2127 77.0933
2128 77.0933
2129 77.0933
2130 77.0933
2131 77.0933
2132 77.0933
2133 77.0933
2134 77.0933
2135 77.0933
2136 77.0933
2137 77.0933
2138 77.0933
2139 77.0933
2140 77.0933
2141 77.0933
2142 77.0933
2143 77.0933
2144 77.0933
2145 77.0933
2146 77.0933
2147 77.0933
2148 77.0933
2149 77.0933
2150 77.0933
2151 77.0933
2152 77.0933
2153 77.0933
2154 77.0933
2155 77.0933
2156 77.0933
2157 77.0933
2158 77.0933
2159 77.0933
2160 77.0933
2161 77.0933
2162 77.0933
2163 77.0933
2164 77.0933
2165 77.0933
2166 77.0933
2167 77.0933
2168 77.0933
2169 77.0933
2170 77.0933
2171 77.0933
2172 77.0933
2173 77.0933
2174 77.0933
2175 77.0933
2176 77.0933
2177 77.0933
2178 77.0933
2179 77.0933
2180 77.0933
2181 77.0933
2182 77.0933
2183 77.0933
2184 77.0933
2185 77.0933
2186 77.0933
2187 77.0933
2188 77.0933
2189 77.0933
2190 77.0933
2191 77.0933
2192 77.0933
2193 77.0933
2194 77.0933
2195 77.0933
2196 77.0933
2197 77.0933
2198 77.0933
2199 77.0933
2200 77.0933
2201 77.0933
2202 77.0933
2203 77.0933
2204 77.0933
2205 77.0933
2206 77.0933
2207 77.0933
2208 77.0933
2209 77.0933
2210 77.0933
2211 77.0933
2212 77.0933
2213 77.0933
2214 77.0933
2215 77.0933
2216 77.0933
2217 77.0933
2218 77.0933
2219 77.0933
2220 77.0933
2221 77.0933
2222 77.0933
2223 77.0933
2224 77.0933
2225 77.0933
2226 77.0933
2227 77.0933
2228 77.0933
2229 77.0933
2230 77.0933
2231 77.0933
2232 77.0933
2233 77.0933
2234 77.0933
2235 77.068
2236 77.068
2237 77.068
2238 77.068
2239 77.068
2240 77.068
2241 77.068
2242 77.068
2243 77.068
2244 77.068
2245 77.068
2246 77.068
2247 77.068
2248 77.068
2249 77.068
2250 77.068
2251 77.068
2252 77.068
2253 77.068
2254 77.068
2255 77.068
2256 77.068
2257 77.068
2258 77.068
2259 77.068
2260 77.068
2261 77.068
2262 77.068
2263 77.068
2264 77.068
2265 77.068
2266 77.068
2267 77.068
2268 77.068
2269 77.068
2270 77.0125
2271 77.0125
2272 77.0125
2273 77.0125
2274 77.0125
2275 77.0125
2276 77.0125
2277 77.0125
2278 77.0125
2279 77.0125
2280 77.0125
2281 77.0125
2282 77.0125
2283 77.0125
2284 77.0125
2285 77.0125
2286 77.0125
2287 76.7901
2288 76.7901
2289 76.7901
2290 76.7901
2291 76.7901
2292 76.7901
2293 76.7901
2294 76.7901
2295 76.7901
2296 76.7901
2297 76.7901
2298 76.7901
2299 76.7901
2300 76.7901
2301 76.7901
2302 76.7901
2303 76.7901
2304 76.7901
2305 76.7901
2306 76.7901
2307 76.7901
2308 76.7901
2309 76.7901
2310 76.7901
2311 76.7901
2312 76.7901
2313 76.7901
2314 76.7901
2315 76.7901
2316 76.7901
2317 76.7901
2318 76.7901
2319 76.7901
2320 76.7901
2321 76.7901
2322 76.7901
2323 76.7901
2324 76.7901
2325 76.7901
2326 76.7901
2327 76.7901
2328 76.7901
2329 76.7901
2330 76.7901
2331 76.7901
2332 76.7901
2333 76.7901
2334 76.7901
2335 76.7901
2336 76.7901
2337 76.7901
2338 76.7901
2339 76.7901
2340 76.7901
2341 76.7901
2342 76.7901
2343 76.7901
2344 76.7901
2345 76.7901
2346 76.7901
2347 76.7901
2348 76.7901
2349 76.7901
2350 76.7901
2351 76.7901
2352 76.7901
2353 76.7901
2354 76.7901
2355 76.7901
2356 76.7901
2357 76.7901
2358 76.7901
2359 76.7901
2360 76.7901
2361 76.7901
2362 76.7901
2363 76.7901
2364 76.7901
2365 76.7901
2366 76.7901
2367 76.7901
2368 76.7901
2369 76.7901
2370 76.7901
2371 76.7901
2372 76.7901
2373 76.7901
2374 76.7901
2375 76.7901
2376 76.7901
2377 76.7901
2378 76.7901
2379 76.7901
2380 76.7901
2381 76.7901
2382 76.7901
2383 76.7901
2384 76.7901
2385 76.7901
2386 76.7901
2387 76.7901
2388 76.7901
2389 76.7901
2390 76.7901
2391 76.7901
2392 76.7901
2393 76.7901
2394 76.7901
2395 76.7901
2396 76.7901
2397 76.7901
2398 76.7901
2399 76.7901
2400 76.7901
2401 76.7901
2402 76.7901
2403 76.7901
2404 76.7901
2405 76.7901
2406 76.7901
2407 76.7901
2408 76.7901
2409 76.7901
2410 76.7901
2411 76.7901
2412 76.7901
2413 76.7901
2414 76.7901
2415 76.7901
2416 76.7901
2417 76.7901
2418 76.7901
2419 76.7901
2420 76.7901
2421 76.7901
2422 76.7901
2423 76.7901
2424 76.7901
2425 76.7901
2426 76.7901
2427 76.7901
2428 76.7901
2429 76.7901
2430 76.7901
2431 76.7901
2432 76.7901
2433 76.7901
2434 76.7901
2435 76.7901
2436 76.7901
2437 76.7901
2438 76.7901
2439 76.7901
2440 76.7901
2441 76.7901
2442 76.7901
2443 76.7901
2444 76.7901
2445 76.7901
2446 76.7901
2447 76.7901
2448 76.7901
2449 76.7901
2450 76.7901
2451 76.7901
2452 76.7901
2453 76.7901
2454 76.7901
2455 76.7901
2456 76.5482
2457 76.5482
2458 76.5482
2459 76.5482
2460 76.5482
2461 76.5482
2462 76.5482
2463 76.5482
2464 76.5482
2465 76.5482
2466 76.5482
2467 76.5482
2468 76.5482
2469 76.5482
2470 76.5482
2471 76.5482
2472 76.5482
2473 76.5051
2474 76.5051
2475 76.1888
2476 76.1888
2477 76.1888
2478 76.1888
2479 76.1888
2480 76.1888
2481 76.1888
2482 76.1888
2483 76.1888
2484 76.1888
2485 76.1888
2486 76.1888
2487 76.1888
2488 76.1888
2489 76.1888
2490 76.1888
2491 76.1888
2492 76.1888
2493 76.1888
2494 76.1888
2495 76.1888
2496 76.1888
2497 76.1888
2498 76.1888
2499 76.1888
2500 76.1888
2501 76.1888
2502 76.1888
2503 76.1888
2504 76.1888
2505 76.1888
2506 76.1888
2507 76.1888
2508 76.1888
2509 76.1888
2510 76.1888
2511 76.1888
2512 76.1888
2513 76.1888
2514 76.1888
2515 76.1888
2516 76.1888
2517 76.1888
2518 76.1888
2519 76.1888
2520 76.1888
2521 76.1888
2522 76.1888
2523 76.1888
2524 76.1888
2525 76.1888
2526 76.1888
2527 76.1302
2528 76.1302
2529 76.1302
2530 76.1302
2531 76.1302
2532 76.1302
2533 76.1302
2534 76.1302
2535 76.1302
2536 76.1302
2537 76.1302
2538 76.1302
2539 76.1302
2540 76.1302
2541 76.1302
2542 76.1302
2543 76.1302
2544 76.1302
2545 76.1302
2546 76.1302
2547 76.1302
2548 76.1302
2549 76.1302
2550 76.1302
2551 76.1302
2552 76.1302
2553 76.1302
2554 76.1302
2555 76.1302
2556 76.1302
2557 76.1302
2558 76.1302
2559 76.1302
2560 76.1302
2561 76.1302
2562 76.1302
2563 76.1302
2564 76.1302
2565 76.1302
2566 76.1302
2567 76.1302
2568 76.1302
2569 76.1302
2570 76.1302
2571 76.1302
2572 76.1302
2573 76.1302
2574 76.1302
2575 76.1302
2576 76.1302
2577 76.1302
2578 76.1302
2579 76.1302
2580 76.1302
2581 76.1302
2582 76.1302
2583 76.1302
2584 76.1302
2585 76.1302
2586 76.1302
2587 76.1302
2588 76.1302
2589 76.1302
2590 76.1302
2591 76.1302
2592 76.1302
2593 76.1302
2594 76.1302
2595 76.1302
2596 76.1302
2597 76.1302
2598 76.1302
2599 76.1302
2600 76.1302
2601 76.1302
2602 76.1302
2603 76.1302
2604 76.1302
2605 76.1302
2606 76.1302
2607 76.1302
2608 76.1302
2609 76.1302
2610 76.1302
2611 76.1302
2612 76.1302
2613 76.1302
2614 76.1302
2615 76.1302
2616 76.1302
2617 76.1302
2618 76.1302
2619 76.1302
2620 76.1302
2621 76.1302
2622 76.1302
2623 76.1302
2624 76.1302
2625 76.1302
2626 76.1302
2627 76.1302
2628 76.1302
2629 76.1302
2630 76.1302
2631 76.1302
2632 76.1302
2633 76.1302
2634 76.1302
2635 76.1302
2636 76.1302
2637 76.1302
2638 76.1302
2639 76.1302
2640 76.1302
2641 76.1302
2642 76.1302
2643 76.1302
2644 76.1302
2645 76.1302
2646 76.1302
2647 76.1302
2648 76.1302
2649 76.1302
2650 76.1302
2651 76.1302
2652 76.1302
2653 76.1302
2654 76.1302
2655 76.1302
2656 76.1302
2657 76.1302
2658 76.1302
2659 76.1302
2660 76.1302
2661 76.1302
2662 76.1302
2663 76.1302
2664 76.1302
2665 76.1302
2666 76.1302
2667 76.1302
2668 76.1302
2669 76.1302
2670 76.1302
2671 76.1302
2672 76.1302
2673 76.1302
2674 76.1302
2675 76.1302
2676 76.1302
2677 76.1302
2678 76.1302
2679 76.1302
2680 76.1302
2681 76.1302
2682 76.1302
2683 76.1302
2684 76.1302
2685 76.1302
2686 76.1302
2687 76.1302
2688 76.1302
2689 76.1302
2690 76.1302
2691 76.1302
2692 76.1302
2693 76.1302
2694 76.1302
2695 76.1302
2696 76.1302
2697 76.1302
2698 76.1302
2699 76.1302
2700 76.1302
2701 76.1302
2702 76.1302
2703 76.1302
2704 76.1302
2705 76.1302
2706 76.1302
2707 76.1302
2708 76.1302
2709 76.1302
2710 76.1302
2711 76.1302
2712 76.1302
2713 76.1302
2714 76.1302
2715 76.1302
2716 76.1302
2717 76.1302
2718 76.1302
2719 76.1302
2720 76.1302
2721 76.1302
2722 76.1302
2723 76.1302
2724 76.1302
2725 76.1302
2726 76.1302
2727 76.1302
2728 76.1302
2729 76.1302
2730 76.1302
2731 76.1302
2732 76.1302
2733 76.1302
2734 76.1302
2735 76.1302
2736 76.1302
2737 76.1302
2738 76.1302
2739 76.1302
2740 76.1302
2741 76.1302
2742 76.1302
2743 76.1302
2744 76.1302
2745 76.1302
2746 76.1302
2747 76.1302
2748 76.1302
2749 76.1302
2750 76.1302
2751 76.1302
2752 76.1302
2753 76.1302
2754 76.1302
2755 76.1302
2756 76.1302
2757 76.1302
2758 76.1302
2759 76.1302
2760 76.1302
2761 76.1302
2762 76.1302
2763 76.1302
2764 76.1302
2765 76.1302
2766 76.1302
2767 76.1302
2768 76.1302
2769 76.1302
2770 76.1302
2771 76.1302
2772 76.1302
2773 76.1302
2774 76.1302
2775 76.1302
2776 76.1302
2777 76.1302
2778 76.1302
2779 76.1302
2780 76.1302
2781 76.1302
2782 76.1302
2783 75.2845
2784 75.2845
2785 75.2845
2786 75.2845
2787 75.2845
2788 75.2845
2789 75.2845
2790 75.2845
2791 75.2845
2792 75.2845
2793 75.2845
2794 75.2845
2795 75.2845
2796 75.2845
2797 75.2845
2798 75.2845
2799 75.2845
2800 75.2845
2801 75.2845
2802 75.2845
2803 75.2845
2804 75.2845
2805 75.2845
2806 75.2845
2807 75.2845
2808 75.2845
2809 75.2845
2810 74.9283
2811 74.9283
2812 74.9283
2813 74.9283
2814 74.9283
2815 74.9283
2816 74.9283
2817 74.9283
2818 74.9283
2819 74.9283
2820 74.9283
2821 74.9283
2822 74.9283
2823 74.9283
2824 74.9283
2825 74.9283
2826 74.9283
2827 74.9283
2828 74.9283
2829 74.9283
2830 74.9283
2831 74.9283
2832 74.9283
2833 74.9283
2834 74.9283
2835 74.9283
2836 74.9283
2837 74.9283
2838 74.9283
2839 74.9283
2840 74.9283
2841 74.9283
2842 74.9283
2843 74.9283
2844 74.9283
2845 74.9283
2846 74.9283
2847 74.9283
2848 74.9283
2849 74.9283
2850 74.9283
2851 74.9283
2852 74.9283
2853 74.9283
2854 74.9283
2855 74.9283
2856 74.9283
2857 74.9283
2858 74.9283
2859 74.9283
2860 74.9283
2861 74.9283
2862 74.9283
2863 74.9283
2864 74.9283
2865 74.9283
2866 74.9283
2867 74.9283
2868 74.9283
2869 74.8882
2870 74.8882
2871 74.8882
2872 74.8882
2873 74.8882
2874 74.8882
2875 74.8882
2876 74.8882
2877 74.8882
2878 74.8882
2879 74.8806
2880 74.8806
2881 74.8806
2882 74.8806
2883 74.8806
2884 74.8806
2885 74.8806
2886 74.8806
2887 74.8806
2888 74.8806
2889 74.8806
2890 74.8806
2891 74.8806
2892 74.8806
2893 74.8806
2894 74.8806
2895 74.8806
2896 74.8806
2897 74.8806
2898 74.8806
2899 74.8806
2900 74.8806
2901 74.8806
2902 74.8806
2903 74.8806
2904 74.8806
2905 74.8806
2906 74.8806
2907 74.8806
2908 74.8806
2909 74.8806
2910 74.8806
2911 74.8806
2912 74.8806
2913 74.8806
2914 74.8806
2915 74.8806
2916 74.8806
2917 74.8806
2918 74.8806
2919 74.8806
2920 74.8806
2921 74.8806
2922 74.8806
2923 74.8806
2924 74.8806
2925 74.8806
2926 74.8806
2927 74.4488
2928 74.4488
2929 74.4488
2930 74.4488
2931 74.4488
2932 74.4488
2933 74.4488
2934 74.4488
2935 74.4488
2936 74.4488
2937 74.4488
2938 74.4488
2939 74.4488
2940 74.4488
2941 74.4488
2942 74.4488
2943 74.4488
2944 74.4488
2945 74.4488
2946 74.4488
2947 74.4488
2948 74.4488
2949 74.4488
2950 74.4488
2951 74.4488
2952 74.4488
2953 74.4488
2954 74.2721
2955 74.2721
2956 74.2721
2957 74.2721
2958 74.2721
2959 74.2721
2960 74.2721
2961 74.2721
2962 74.2721
2963 74.2721
2964 74.2721
2965 74.2721
2966 74.2721
2967 74.2721
2968 74.2721
2969 74.2721
2970 74.2721
2971 74.2721
2972 74.2721
2973 74.2721
2974 74.2721
2975 74.2721
2976 74.2721
2977 74.2721
2978 74.2721
2979 74.2721
2980 74.2721
2981 74.2721
2982 74.2721
2983 74.2721
2984 74.2721
2985 74.2721
2986 74.2721
2987 74.2721
2988 74.2721
2989 74.2721
2990 74.2721
2991 74.2721
2992 74.2721
2993 74.2721
2994 74.2721
2995 74.2721
2996 74.2721
2997 74.2721
2998 74.2721
2999 74.2721
3000 74.2721
3001 74.2721
3002 74.2721
3003 74.2721
3004 74.2721
3005 74.2721
3006 74.2721
3007 74.2721
3008 74.2721
3009 74.2721
3010 74.2721
3011 74.2721
3012 74.2721
3013 74.2721
3014 74.2721
3015 74.2721
3016 74.2721
3017 74.2721
3018 74.2721
3019 74.2721
3020 74.2721
3021 74.2721
3022 74.2721
3023 74.2721
3024 74.2721
3025 74.2721
3026 74.2721
3027 74.2721
3028 74.2721
3029 74.2721
3030 74.2721
3031 74.2721
3032 74.2721
3033 74.2721
3034 74.2721
3035 74.2721
3036 74.2721
3037 74.2721
3038 74.2721
3039 74.2721
3040 74.2721
3041 74.2721
3042 74.2721
3043 74.2721
3044 74.2721
3045 74.2721
3046 74.2721
3047 74.2721
3048 74.2721
3049 74.2721
3050 74.2721
3051 74.2721
3052 74.2721
3053 74.2721
3054 74.2721
3055 74.2721
3056 74.2721
3057 74.2721
3058 74.2721
3059 74.2721
3060 74.2721
3061 74.2721
3062 74.2721
3063 74.2721
3064 74.2721
3065 74.2721
3066 74.2721
3067 74.2721
3068 74.2721
3069 74.2721
3070 74.2721
3071 74.2721
3072 74.2721
3073 74.2721
3074 74.2721
3075 74.2721
3076 74.2721
3077 74.2721
3078 74.2721
3079 74.2721
3080 74.2721
3081 74.2721
3082 74.2721
3083 74.2721
3084 74.2721
3085 74.2721
3086 74.2721
3087 74.2721
3088 74.2721
3089 74.2721
3090 74.2721
3091 74.2721
3092 74.2721
3093 74.2721
3094 74.2721
3095 74.2721
3096 74.2721
3097 74.2721
3098 74.2721
3099 74.2721
3100 74.2721
3101 74.2721
3102 74.2721
3103 74.2721
3104 74.2721
3105 74.2721
3106 74.2721
3107 74.2721
3108 74.2721
3109 74.2721
3110 74.2721
3111 74.2721
3112 74.2721
3113 74.2721
3114 74.2721
3115 74.2721
3116 74.2721
3117 74.2721
3118 74.2721
3119 74.2721
3120 74.2721
3121 74.2721
3122 74.2721
3123 74.2721
3124 74.2721
3125 74.2721
3126 74.2721
3127 74.2721
3128 74.2721
3129 74.2721
3130 74.2721
3131 74.2721
3132 74.2721
3133 74.2721
3134 74.2721
3135 74.2721
3136 74.2721
3137 74.2721
3138 74.2721
3139 74.2721
3140 74.2721
3141 74.2721
3142 74.2721
3143 74.2721
3144 74.2721
3145 74.2721
3146 74.2721
3147 74.2721
3148 73.8782
3149 73.8782
3150 73.8782
3151 73.8782
3152 73.8782
3153 73.8782
3154 73.8782
3155 73.8782
3156 73.8782
3157 73.8782
3158 73.8782
3159 73.8782
3160 73.8782
3161 73.8782
3162 73.8782
3163 73.8782
3164 73.8782
3165 73.8782
3166 73.8782
3167 73.8782
3168 73.8782
3169 73.8782
3170 73.8782
3171 73.8782
3172 73.8782
3173 73.8782
3174 73.8782
3175 73.8782
3176 73.8782
3177 73.8782
3178 73.8782
3179 73.8782
3180 73.8782
3181 73.8782
3182 73.8782
3183 73.8782
3184 73.8782
3185 73.8782
3186 73.8782
3187 73.8782
3188 73.8782
3189 73.8782
3190 73.8782
3191 73.8782
3192 73.8782
3193 73.8782
3194 73.8782
3195 73.8782
3196 73.8782
3197 73.8782
3198 73.8782
3199 73.8782
3200 73.8782
3201 73.8782
3202 73.8782
3203 73.8782
3204 73.8782
3205 73.8782
3206 73.8782
3207 73.8782
3208 73.8782
3209 73.8782
3210 73.8782
3211 73.8782
3212 73.8782
3213 73.8782
3214 73.8782
3215 73.8782
3216 73.8782
3217 73.8782
3218 73.8782
3219 73.8782
3220 73.8782
3221 73.8782
3222 73.8782
3223 73.8782
3224 73.8782
3225 73.8782
3226 73.8782
3227 73.8782
3228 73.8782
3229 73.8782
3230 73.8782
3231 73.8782
3232 73.8782
3233 73.8782
3234 73.8782
3235 73.8782
3236 73.8782
3237 73.8782
3238 73.8782
3239 73.8782
3240 73.8782
3241 73.8782
3242 73.8782
3243 73.8782
3244 73.8782
3245 73.8782
3246 73.8782
3247 73.8782
3248 73.8782
3249 73.8782
3250 73.8782
3251 73.8782
3252 73.8782
3253 73.8782
3254 73.8782
3255 73.8782
3256 73.8782
3257 73.8782
3258 73.8782
3259 73.8782
3260 73.8782
3261 73.8782
3262 73.8782
3263 73.8782
3264 73.8782
3265 73.8782
3266 73.8782
3267 73.8782
3268 73.8782
3269 73.8782
3270 73.8782
3271 73.8782
3272 73.8782
3273 73.8782
3274 73.8782
3275 73.8782
3276 73.8782
3277 73.8782
3278 73.8782
3279 73.8782
3280 73.8782
3281 73.8782
3282 73.8782
3283 73.8782
3284 73.8782
3285 73.8782
3286 73.8782
3287 73.8782
3288 73.8782
3289 73.8782
3290 73.8782
3291 73.8782
3292 73.8782
3293 73.8782
3294 73.8782
3295 73.8782
3296 73.8782
3297 73.8782
3298 73.8782
3299 73.8782
3300 73.8782
3301 73.8782
3302 73.8782
3303 73.8782
3304 73.8782
3305 73.8782
3306 73.8782
3307 73.8782
3308 73.8782
3309 73.8782
3310 73.8782
3311 73.8782
3312 73.8782
3313 73.8782
3314 73.8782
3315 73.8782
3316 73.8782
3317 73.8782
3318 73.8782
3319 73.8782
3320 73.8782
3321 73.8782
3322 73.8782
3323 73.8782
3324 73.8782
3325 73.8782
3326 73.8782
3327 73.8782
3328 73.8782
3329 73.8782
3330 73.8782
3331 73.8782
3332 73.8782
3333 73.8782
3334 73.8782
3335 73.8782
3336 73.8782
3337 73.8782
3338 73.8782
3339 73.8782
3340 73.8782
3341 73.8782
3342 73.8782
3343 73.8782
3344 73.8782
3345 73.8782
3346 73.8782
3347 73.8782
3348 73.8782
3349 73.8782
3350 73.8782
3351 73.8782
3352 73.8782
3353 73.8782
3354 73.8782
3355 73.8782
3356 73.8782
3357 73.8782
3358 73.8782
3359 73.8782
3360 73.8782
3361 73.8782
3362 73.8782
3363 73.8782
3364 73.8782
3365 73.8782
3366 73.8782
3367 73.8782
3368 73.8782
3369 73.8782
3370 73.8782
3371 73.8782
3372 73.8782
3373 73.8782
3374 73.8782
3375 73.8782
3376 73.8782
3377 73.8782
3378 73.8782
3379 73.8782
3380 73.8782
3381 73.8782
3382 73.8782
3383 73.8782
3384 73.8782
3385 73.8782
3386 73.8782
3387 73.8782
3388 73.8782
3389 73.8782
3390 73.8782
3391 73.8782
3392 73.8782
3393 73.8782
3394 73.8782
3395 73.8782
3396 73.8782
3397 73.8782
3398 73.8782
3399 73.8782
3400 73.8782
3401 73.8782
3402 73.8782
3403 73.8782
3404 73.8782
3405 73.8782
3406 73.8782
3407 73.8782
3408 73.8782
3409 73.8782
3410 73.8782
3411 73.8782
3412 73.8782
3413 73.8782
3414 73.8782
3415 73.8782
3416 73.8782
3417 73.8782
3418 73.8782
3419 73.8782
3420 73.8782
3421 73.8782
3422 73.8782
3423 73.8782
3424 73.8782
3425 73.8782
3426 73.8782
3427 73.8782
3428 73.8782
3429 73.8782
3430 73.8782
3431 73.8782
3432 73.8782
3433 73.8782
3434 73.8782
3435 73.8782
3436 73.8782
3437 73.8782
3438 73.8782
3439 73.8782
3440 73.8782
3441 73.8782
3442 73.8782
3443 73.8782
3444 73.8782
3445 73.8782
3446 73.8782
3447 73.8782
3448 73.8782
3449 72.673
3450 72.673
3451 72.673
3452 72.673
3453 72.673
3454 72.673
3455 72.673
3456 72.673
3457 72.673
3458 72.673
3459 72.673
3460 72.673
3461 72.673
3462 72.673
3463 72.673
3464 72.673
3465 72.673
3466 72.673
3467 72.673
3468 72.673
3469 72.673
3470 72.673
3471 72.673
3472 72.673
3473 72.673
3474 72.673
3475 72.673
3476 72.673
3477 72.673
3478 72.673
3479 72.673
3480 72.673
3481 72.673
3482 72.673
3483 72.673
3484 72.673
3485 72.673
3486 72.673
3487 72.673
3488 72.673
3489 72.673
3490 72.673
3491 72.673
3492 72.673
3493 72.673
3494 72.673
3495 72.673
3496 72.673
3497 72.673
3498 72.673
3499 72.673
3500 72.673
3501 72.673
3502 72.673
3503 72.673
3504 72.673
3505 72.673
3506 72.673
3507 72.673
3508 72.673
3509 72.673
3510 72.673
3511 72.673
3512 72.673
3513 72.673
3514 72.673
3515 72.673
3516 72.673
3517 72.673
3518 72.673
3519 72.673
3520 72.673
3521 72.673
3522 72.673
3523 72.673
3524 72.673
3525 72.673
3526 72.673
3527 72.673
3528 72.673
3529 72.673
3530 72.673
3531 72.673
3532 72.673
3533 72.673
3534 72.673
3535 72.673
3536 72.673
3537 72.673
3538 72.673
3539 72.673
3540 72.673
3541 72.673
3542 72.673
3543 72.673
3544 72.673
3545 72.673
3546 72.673
3547 72.673
3548 72.673
3549 72.673
3550 72.673
3551 72.673
3552 72.673
3553 72.673
3554 72.673
3555 72.673
3556 72.673
3557 72.673
3558 72.673
3559 72.673
3560 72.673
3561 72.673
3562 72.673
3563 72.673
3564 72.673
3565 72.673
3566 72.673
3567 72.673
3568 72.673
3569 72.673
3570 72.673
3571 72.673
3572 72.673
3573 72.673
3574 72.673
3575 72.673
3576 72.673
3577 72.673
3578 72.673
3579 72.673
3580 72.673
3581 72.673
3582 72.673
3583 72.673
3584 72.673
3585 72.673
3586 72.673
3587 72.673
3588 72.673
3589 72.673
3590 72.673
3591 72.673
3592 72.673
3593 72.673
3594 72.673
3595 72.673
3596 72.673
3597 72.673
3598 72.673
3599 72.673
3600 72.673
3601 72.673
3602 72.673
3603 72.673
3604 72.673
3605 72.673
3606 72.673
3607 72.673
3608 72.673
3609 72.673
3610 72.673
3611 72.673
3612 72.673
3613 72.673
3614 72.673
3615 72.673
3616 72.673
3617 72.673
3618 72.673
3619 72.673
3620 72.673
3621 72.673
3622 72.673
3623 72.673
3624 72.673
3625 72.673
3626 72.673
3627 72.673
3628 72.673
3629 72.673
3630 72.673
3631 72.673
3632 72.673
3633 72.673
3634 72.673
3635 72.673
3636 72.673
3637 72.673
3638 72.673
3639 72.673
3640 72.673
3641 72.673
3642 72.673
3643 72.673
3644 72.673
3645 72.673
3646 72.673
3647 72.673
3648 72.673
3649 72.673
3650 72.673
3651 72.673
3652 72.673
3653 72.673
3654 72.673
3655 72.673
3656 72.673
3657 72.673
3658 72.673
3659 72.673
3660 72.673
3661 72.673
3662 72.673
3663 72.673
3664 72.673
3665 72.673
3666 72.673
3667 72.673
3668 72.673
3669 72.673
3670 72.673
3671 72.673
3672 72.673
3673 72.673
3674 72.673
3675 72.673
3676 72.673
3677 72.673
3678 72.673
3679 72.673
3680 72.673
3681 72.673
3682 72.673
3683 72.673
3684 72.673
3685 72.673
3686 72.673
3687 72.673
3688 72.673
3689 72.673
3690 72.673
3691 72.673
3692 72.673
3693 72.673
3694 72.673
3695 72.673
3696 72.673
3697 72.673
3698 72.673
3699 72.673
3700 72.673
3701 72.673
3702 72.673
3703 72.673
3704 72.673
3705 72.673
3706 72.673
3707 72.673
3708 72.673
3709 72.673
3710 72.673
3711 72.673
3712 72.673
3713 72.673
3714 72.673
3715 72.673
3716 72.673
3717 72.673
3718 72.673
3719 72.673
3720 72.673
3721 72.673
3722 72.673
3723 72.673
3724 72.673
3725 72.673
3726 72.673
3727 72.673
3728 72.673
3729 72.673
3730 72.673
3731 72.673
3732 72.673
3733 72.673
3734 72.673
3735 72.673
3736 72.673
3737 72.673
3738 72.673
3739 72.673
3740 72.673
3741 72.673
3742 72.673
3743 72.673
3744 72.673
3745 72.673
3746 72.673
3747 72.673
3748 72.673
3749 72.673
3750 72.673
3751 72.673
3752 72.673
3753 72.673
3754 72.673
3755 72.673
3756 72.673
3757 72.673
3758 72.673
3759 72.673
3760 72.673
3761 72.673
3762 72.673
3763 72.673
3764 72.673
3765 72.673
3766 72.673
3767 72.673
3768 72.673
3769 72.673
3770 72.673
3771 72.673
3772 72.673
3773 72.673
3774 72.673
3775 72.673
3776 72.673
3777 72.673
3778 72.673
3779 72.673
3780 72.6368
3781 72.6368
3782 72.6368
3783 72.6368
3784 72.6368
3785 72.6368
3786 72.6368
3787 72.6368
3788 72.6368
3789 72.6368
3790 72.6368
3791 72.6368
3792 72.6368
3793 72.6368
3794 72.6368
3795 72.6368
3796 72.6368
3797 72.6368
3798 72.6368
3799 72.6368
3800 72.6368
3801 72.6368
3802 72.6368
3803 72.6368
3804 72.6368
3805 72.6368
3806 72.6368
3807 72.6368
3808 72.6368
3809 72.6368
3810 72.6368
3811 72.6368
3812 72.6368
3813 72.6368
3814 72.6368
3815 72.6368
3816 72.6368
3817 72.6368
3818 72.6368
3819 72.6368
3820 72.6368
3821 72.6368
3822 72.6368
3823 72.6368
3824 72.6368
3825 72.6368
3826 72.6368
3827 72.6368
3828 72.6368
3829 72.6368
3830 72.6368
3831 72.6368
3832 72.6368
3833 72.6368
3834 72.6368
3835 72.6368
3836 72.6368
3837 72.6368
3838 72.6368
3839 72.6368
3840 72.6368
3841 72.6368
3842 72.6368
3843 72.6368
3844 72.6368
3845 72.6368
3846 72.6368
3847 72.6368
3848 72.6368
3849 72.6368
3850 72.6368
3851 72.6368
3852 72.6368
3853 72.6368
3854 72.6368
3855 72.6368
3856 72.6368
3857 72.6368
3858 72.6368
3859 72.6368
3860 72.6368
3861 72.6368
3862 72.6368
3863 72.6368
3864 72.6368
3865 72.6368
3866 72.6368
3867 72.6368
3868 72.6368
3869 72.6368
3870 72.6368
3871 72.3572
3872 72.3572
3873 72.3572
3874 72.3572
3875 72.3572
3876 72.3572
3877 72.3572
3878 72.3572
3879 72.3572
3880 72.3572
3881 72.3572
3882 72.3572
3883 71.9622
3884 71.9622
3885 71.9622
3886 71.9622
3887 71.9622
3888 71.9622
3889 71.9622
3890 71.9622
3891 71.9622
3892 71.9622
3893 71.9622
3894 71.9622
3895 71.9622
3896 71.9622
3897 71.9622
3898 71.9622
3899 71.9622
3900 71.9622
3901 71.9622
3902 71.9622
3903 71.9622
3904 71.9622
3905 71.9622
3906 71.9622
3907 71.9622
3908 71.9622
3909 71.9622
3910 71.9622
3911 71.9622
3912 71.9622
3913 71.9622
3914 71.9622
3915 71.9622
3916 71.9622
3917 71.9622
3918 71.9622
3919 71.9622
3920 71.9622
3921 71.9622
3922 71.9622
3923 71.9622
3924 71.9622
3925 71.9622
3926 71.9622
3927 71.9622
3928 71.9622
3929 71.9622
3930 71.9622
3931 71.9622
3932 71.9622
3933 71.9622
3934 71.9622
3935 71.9622
3936 71.9622
3937 71.9622
3938 71.9622
3939 71.9622
3940 71.9622
3941 71.9622
3942 71.9622
3943 71.9622
3944 71.9622
3945 71.9622
3946 71.9622
3947 71.9622
3948 71.9622
3949 71.9622
3950 71.9622
3951 71.9622
3952 71.9622
3953 71.9622
3954 71.9622
3955 71.9622
3956 71.9622
3957 71.9622
3958 71.9622
3959 71.9622
3960 71.9622
3961 71.9622
3962 71.9622
3963 71.9622
3964 71.9622
3965 71.9622
3966 71.9622
3967 71.9622
3968 71.9622
3969 71.9622
3970 71.9622
3971 71.9622
3972 71.9622
3973 71.9622
3974 71.9622
3975 71.9622
3976 71.9622
3977 71.9622
3978 71.9622
3979 71.9622
3980 71.9622
3981 71.9622
3982 71.9622
3983 71.9622
3984 71.9622
3985 71.9622
3986 71.9622
3987 71.9622
3988 71.9622
3989 71.9622
3990 71.9622
3991 71.9622
3992 71.9622
3993 71.9622
3994 71.9622
3995 71.9622
3996 71.9622
3997 71.9622
3998 71.9622
3999 71.9622
4000 71.9622
4001 71.9622
4002 71.9622
4003 71.9622
4004 71.9622
4005 71.9622
4006 71.9622
4007 71.9622
4008 71.9622
4009 71.9622
4010 71.9622
4011 71.9622
4012 71.9622
4013 71.9622
4014 71.9622
4015 71.9622
4016 71.9622
4017 71.9622
4018 71.9622
4019 71.9622
4020 71.9622
4021 71.9622
4022 71.9622
4023 71.9622
4024 71.9622
4025 71.9622
4026 71.9622
4027 71.9622
4028 71.9622
4029 71.9622
4030 71.9622
4031 71.9622
4032 71.9622
4033 71.9622
4034 71.9622
4035 71.9622
4036 71.9622
4037 71.9622
4038 71.9622
4039 71.9622
4040 71.9622
4041 71.9622
4042 71.9622
4043 71.9622
4044 71.9622
4045 71.9622
4046 71.9622
4047 71.9622
4048 71.9622
4049 71.9622
4050 71.9622
4051 71.9622
4052 71.9622
4053 71.9622
4054 71.9622
4055 71.9622
4056 71.9622
4057 71.9622
4058 71.9622
4059 71.9622
4060 71.9622
4061 71.9622
4062 71.9622
4063 71.9622
4064 71.9622
4065 71.9622
4066 71.9622
4067 71.9622
4068 71.9622
4069 71.9622
4070 71.9622
4071 71.9622
4072 71.9622
4073 71.9622
4074 71.9622
4075 71.9622
4076 71.9622
4077 71.9622
4078 71.9622
4079 71.9622
4080 71.9622
4081 71.9622
4082 71.9622
4083 71.9622
4084 71.9622
4085 71.9622
4086 71.9622
4087 71.9622
4088 71.9622
4089 71.9622
4090 71.9622
4091 71.9622
4092 71.9622
4093 71.9622
4094 71.9622
4095 71.9622
4096 71.9622
4097 71.9622
4098 71.9622
4099 71.9622
4100 71.9622
4101 71.9622
4102 71.9622
4103 71.9622
4104 71.9622
4105 71.9622
4106 71.9622
4107 71.9622
4108 71.9622
4109 71.9622
4110 71.9622
4111 71.9622
4112 71.9622
4113 71.9622
4114 71.9622
4115 71.9622
4116 71.9622
4117 71.9622
4118 71.9622
4119 71.9622
4120 71.9622
4121 71.9622
4122 71.9622
4123 71.9622
4124 71.9622
4125 71.9622
4126 71.9622
4127 71.9622
4128 71.9622
4129 71.9622
4130 71.9622
4131 71.9622
4132 71.9622
4133 71.9622
4134 71.9622
4135 71.9622
4136 71.9622
4137 71.9622
4138 71.9622
4139 71.9622
4140 71.9622
4141 71.9622
4142 71.9622
4143 71.9622
4144 71.9622
4145 71.9622
4146 71.9622
4147 71.9622
4148 71.9622
4149 71.9622
4150 71.9622
4151 71.9622
4152 71.9622
4153 71.9622
4154 71.9622
4155 71.9622
4156 71.9622
4157 71.9622
4158 71.9622
4159 71.9622
4160 71.9622
4161 71.9622
4162 71.9622
4163 71.9622
4164 71.9622
4165 71.9622
4166 71.9622
4167 71.9622
4168 71.9622
4169 71.9622
4170 71.9622
4171 71.9622
4172 71.9622
4173 71.9622
4174 71.9622
4175 71.9622
4176 71.9622
4177 71.9622
4178 71.9622
4179 71.9622
4180 71.9622
4181 71.9622
4182 71.9622
4183 71.9622
4184 71.9622
4185 71.9622
4186 71.9622
4187 71.9622
4188 71.9622
4189 71.9622
4190 71.9622
4191 71.9622
4192 71.9622
4193 71.9622
4194 71.9622
4195 71.9622
4196 71.9622
4197 71.9622
4198 71.9622
4199 71.9622
4200 71.9356
4201 71.9356
4202 71.9356
4203 71.9356
4204 71.9356
4205 71.9356
4206 71.9356
4207 71.9356
4208 71.9356
4209 71.9356
4210 71.9356
4211 71.9356
4212 71.9356
4213 71.9356
4214 71.9356
4215 71.9356
4216 71.9356
4217 71.9356
4218 71.9356
4219 71.9356
4220 71.9356
4221 71.9356
4222 71.9356
4223 71.9356
4224 71.9356
4225 71.9356
4226 71.9356
4227 71.9356
4228 71.9356
4229 71.9356
4230 71.9356
4231 71.9356
4232 71.9356
4233 71.9356
4234 71.9356
4235 71.9356
4236 71.9356
4237 71.9356
4238 71.9356
4239 71.9356
4240 71.9356
4241 71.9356
4242 71.9356
4243 71.9356
4244 71.9356
4245 71.9356
4246 71.9356
4247 71.9356
4248 71.9356
4249 71.9356
4250 71.9356
4251 71.9356
4252 71.9356
4253 71.9356
4254 71.9356
4255 71.9356
4256 71.9356
4257 71.9356
4258 71.9356
4259 71.9356
4260 71.9356
4261 71.9356
4262 71.9356
4263 71.9356
4264 71.9356
4265 71.9356
4266 71.9356
4267 71.9356
4268 71.9356
4269 71.9356
4270 71.9356
4271 71.9356
4272 71.9356
4273 71.9356
4274 71.9356
4275 71.9356
4276 71.9356
4277 71.9356
4278 71.9356
4279 71.9356
4280 71.8733
4281 71.8733
4282 71.8733
4283 71.8733
4284 71.8733
4285 71.8733
4286 71.8733
4287 71.8733
4288 71.8733
4289 71.8733
4290 71.8733
4291 71.8733
4292 71.8733
4293 71.8733
4294 71.8733
4295 71.8733
4296 71.8733
4297 71.8733
4298 71.8733
4299 71.8733
4300 71.8733
4301 71.8733
4302 71.8733
4303 71.8733
4304 71.8733
4305 71.8733
4306 71.8733
4307 71.8733
4308 71.8733
4309 71.8733
4310 71.8733
4311 71.8733
4312 71.8733
4313 71.8733
4314 71.8733
4315 71.8733
4316 71.8733
4317 71.8733
4318 71.8733
4319 71.8733
4320 71.8733
4321 71.8733
4322 71.8733
4323 71.8733
4324 71.8733
4325 71.8733
4326 71.8733
4327 71.8733
4328 71.8733
4329 71.8733
4330 71.8733
4331 71.8733
4332 71.8733
4333 71.8733
4334 71.8733
4335 71.8733
4336 71.8733
4337 71.8733
4338 71.8733
4339 71.8733
4340 71.8733
4341 71.8733
4342 71.8733
4343 71.8733
4344 71.8733
4345 71.8733
4346 71.8733
4347 71.8733
4348 71.8733
4349 71.8733
4350 71.8733
4351 71.8733
4352 71.8733
4353 71.8733
4354 71.8733
4355 71.8733
4356 71.8733
4357 71.8733
4358 71.8733
4359 71.8733
4360 71.8733
4361 71.8733
4362 71.8733
4363 71.8733
4364 71.8733
4365 71.8733
4366 71.8733
4367 71.8733
4368 71.8733
4369 71.8733
4370 71.8733
4371 71.8733
4372 71.8733
4373 71.8733
4374 71.8733
4375 71.8733
4376 71.8733
4377 71.8733
4378 71.8733
4379 71.8733
4380 71.8733
4381 71.8733
4382 71.8733
4383 71.8733
4384 71.8733
4385 71.8733
4386 71.8733
4387 71.8733
4388 71.8733
4389 71.8733
4390 71.8733
4391 71.8733
4392 71.8733
4393 71.8733
4394 71.8733
4395 71.8733
4396 71.8733
4397 71.8733
4398 71.8733
4399 71.8733
4400 71.8733
4401 71.8733
4402 71.8733
4403 71.8733
4404 71.8733
4405 71.8733
4406 71.8733
4407 71.8733
4408 71.8733
4409 71.8733
4410 71.8733
4411 71.8733
4412 71.8733
4413 71.8733
4414 71.8733
4415 71.8733
4416 71.8733
4417 71.8733
4418 71.8733
4419 71.8733
4420 71.8733
4421 71.8733
4422 71.8733
4423 71.8733
4424 71.8733
4425 71.8733
4426 71.8733
4427 71.8733
4428 71.8733
4429 71.8733
4430 71.8733
4431 71.8733
4432 71.8733
4433 71.8733
4434 71.8733
4435 71.8733
4436 71.8733
4437 71.8733
4438 71.8733
4439 71.8733
4440 71.8733
4441 71.8733
4442 71.8733
4443 71.8733
4444 71.8733
4445 71.8733
4446 71.8733
4447 71.8733
4448 71.8733
4449 71.8733
4450 71.8733
4451 71.7682
4452 71.4933
4453 71.4933
4454 71.4933
4455 71.4933
4456 71.4933
4457 71.4933
4458 71.4933
4459 71.4933
4460 71.4933
4461 71.4933
4462 71.4933
4463 71.4933
4464 71.4933
4465 71.4933
4466 71.4933
4467 71.4933
4468 71.4933
4469 71.4933
4470 71.4933
4471 71.4933
4472 71.4933
4473 71.4933
4474 71.4933
4475 71.4933
4476 71.4933
4477 71.4933
4478 71.4933
4479 71.4933
4480 71.4933
4481 71.4933
4482 71.4933
4483 71.4933
4484 71.4933
4485 71.4933
4486 71.4933
4487 71.4933
4488 71.4933
4489 71.4933
4490 71.4933
4491 71.4933
4492 71.4933
4493 71.4933
4494 71.4933
4495 71.4933
4496 71.4933
4497 71.4933
4498 71.4933
4499 71.4933
4500 71.4933
4501 71.4933
4502 71.4933
4503 71.4933
4504 71.4933
4505 71.4933
4506 71.4933
4507 71.4933
4508 71.4933
4509 71.4933
4510 71.4933
4511 71.4933
4512 71.4933
4513 71.4933
4514 71.4933
4515 71.4933
4516 71.4933
4517 71.4933
4518 71.4933
4519 71.4933
4520 71.4933
4521 71.4933
4522 71.4933
4523 71.4933
4524 71.4933
4525 71.4933
4526 71.4933
4527 71.4933
4528 71.4933
4529 71.4933
4530 71.4933
4531 71.4933
4532 71.4933
4533 71.4933
4534 71.4933
4535 71.4933
4536 71.4933
4537 71.4933
4538 71.4933
4539 71.4933
4540 71.4933
4541 71.4933
4542 71.4933
4543 71.4933
4544 71.4933
4545 71.4933
4546 71.4933
4547 71.4933
4548 71.4933
4549 71.4933
4550 71.4933
4551 71.4933
4552 71.4933
4553 71.4933
4554 71.4933
4555 71.4933
4556 71.4933
4557 71.4933
4558 71.4933
4559 71.4933
4560 71.4933
4561 71.4933
4562 71.4933
4563 71.4933
4564 71.4933
4565 71.4933
4566 71.4933
4567 71.4933
4568 71.4933
4569 71.4933
4570 71.4933
4571 71.4933
4572 71.4933
4573 71.4933
4574 71.4933
4575 71.4933
4576 71.4933
4577 71.4933
4578 71.4933
4579 71.4933
4580 71.4933
4581 71.4933
4582 71.4933
4583 71.4933
4584 71.4933
4585 71.4933
4586 71.4933
4587 71.4933
4588 71.4933
4589 71.4933
4590 71.4933
4591 71.4933
4592 71.4933
4593 71.4933
4594 71.4933
4595 71.4933
4596 71.4933
4597 71.4933
4598 71.4933
4599 71.4933
4600 71.4933
4601 71.4933
4602 71.4933
4603 71.4933
4604 71.4933
4605 71.4933
4606 71.4933
4607 71.4933
4608 71.4933
4609 71.4933
4610 71.4933
4611 71.4933
4612 71.4933
4613 71.4933
4614 71.4933
4615 71.4933
4616 71.4933
4617 71.4933
4618 71.4933
4619 71.4933
4620 71.4933
4621 71.4933
4622 71.4933
4623 71.4933
4624 71.4933
4625 71.4933
4626 71.4933
4627 71.4933
4628 71.4933
4629 71.4933
4630 71.4933
4631 71.4933
4632 71.4933
4633 71.4933
4634 71.4933
4635 71.4933
4636 71.4933
4637 71.4933
4638 71.4933
4639 71.4933
4640 71.4933
4641 71.4933
4642 71.4933
4643 71.4933
4644 71.4933
4645 71.4933
4646 71.4933
4647 71.4933
4648 71.4933
4649 71.4933
4650 71.4933
4651 71.4933
4652 71.4933
4653 71.4933
4654 71.4933
4655 71.4933
4656 71.4933
4657 71.4933
4658 71.4933
4659 71.4933
4660 71.4933
4661 71.4933
4662 71.4933
4663 71.4933
4664 71.4933
4665 71.4933
4666 71.4933
4667 71.4933
4668 71.4933
4669 71.4933
4670 71.4933
4671 71.4933
4672 71.4933
4673 71.4933
4674 71.4933
4675 71.4933
4676 71.4933
4677 71.4933
4678 71.4933
4679 71.4933
4680 71.4933
4681 71.4933
4682 71.4933
4683 71.4933
4684 71.4933
4685 71.4933
4686 71.4933
4687 71.4933
4688 71.4933
4689 71.4933
4690 71.4933
4691 71.4933
4692 71.4933
4693 71.4933
4694 71.4933
4695 71.4933
4696 71.4933
4697 71.4933
4698 71.4933
4699 71.4933
4700 71.4933
4701 71.4933
4702 71.4933
4703 71.4933
4704 71.4933
4705 71.4933
4706 71.4933
4707 71.4933
4708 71.4933
4709 71.4933
4710 71.4933
4711 71.4933
4712 71.4933
4713 71.4933
4714 71.4933
4715 71.4933
4716 71.4933
4717 71.4933
4718 71.4933
4719 71.4933
4720 71.4933
4721 71.4933
4722 71.4933
4723 71.4933
4724 71.4933
4725 71.4933
4726 71.4933
4727 71.4933
4728 71.4933
4729 71.4933
4730 71.4933
4731 71.4933
4732 71.4933
4733 71.4933
4734 71.4933
4735 71.4933
4736 71.4933
4737 71.4933
4738 71.4933
4739 71.4933
4740 71.4933
4741 71.4933
4742 71.4933
4743 71.4933
4744 71.4933
4745 71.4933
4746 71.4933
4747 71.4933
4748 71.4933
4749 71.4933
4750 71.4933
4751 71.4933
4752 71.4933
4753 71.4933
4754 71.4933
4755 71.4933
4756 71.4933
4757 71.4933
4758 71.4933
4759 71.4933
4760 71.4933
4761 71.4933
4762 71.4933
4763 71.4933
4764 71.4933
4765 71.4933
4766 71.4933
4767 71.4933
4768 71.4933
4769 71.4933
4770 71.4933
4771 71.4933
4772 71.4933
4773 71.4933
4774 71.4933
4775 71.4933
4776 71.4933
4777 71.4933
4778 71.4933
4779 71.4933
4780 71.4933
4781 71.4933
4782 71.4933
4783 71.4933
4784 71.4933
4785 71.4933
4786 71.4933
4787 71.4933
4788 71.4933
4789 71.4933
4790 71.4933
4791 71.4933
4792 71.4933
4793 71.4933
4794 71.4933
4795 71.4933
4796 71.4933
4797 71.4933
4798 71.4933
4799 71.4933
4800 71.4933
4801 71.4933
4802 71.4933
4803 71.4933
4804 71.4933
4805 71.4933
4806 71.4933
4807 71.4933
4808 71.4933
4809 71.4933
4810 71.4933
4811 71.4933
4812 71.4933
4813 71.4933
4814 71.4933
4815 71.4933
4816 71.4933
4817 71.4933
4818 71.4933
4819 71.4933
4820 71.4933
4821 71.4933
4822 71.4933
4823 71.4933
4824 71.4933
4825 71.4933
4826 71.4933
4827 71.4933
4828 71.4933
4829 71.4933
4830 71.4933
4831 71.4933
4832 71.4933
4833 71.4933
4834 71.4933
4835 71.4933
4836 71.4933
4837 71.4933
4838 71.4933
4839 71.4933
4840 71.4933
4841 71.4933
4842 71.4933
4843 71.4933
4844 71.4933
4845 71.4933
4846 71.4933
4847 71.4933
4848 71.4933
4849 71.4933
4850 71.4933
4851 71.4933
4852 71.4933
4853 71.4933
4854 71.4933
4855 71.4933
4856 71.4933
4857 71.4933
4858 71.4933
4859 71.4933
4860 71.4933
4861 71.4933
4862 71.4933
4863 71.4933
4864 71.4933
4865 71.4933
4866 71.4933
4867 71.4933
4868 71.4933
4869 71.4933
4870 71.4933
4871 71.4933
4872 71.4933
4873 71.4933
4874 71.4933
4875 71.4933
4876 71.4933
4877 71.4933
4878 71.4933
4879 71.4933
4880 71.4933
4881 71.4933
4882 71.4933
4883 71.4933
4884 71.4933
4885 71.4933
4886 71.4933
4887 71.4933
4888 71.4933
4889 71.4933
4890 71.4933
4891 71.4933
4892 71.4933
4893 71.4933
4894 71.4933
4895 71.4933
4896 71.4933
4897 71.4933
4898 71.4933
4899 71.4933
4900 71.4933
4901 71.4933
4902 71.4933
4903 71.4933
4904 71.4933
4905 71.4933
4906 71.4933
4907 71.4933
4908 71.4933
4909 71.4933
4910 71.4933
4911 71.4933
4912 71.4933
4913 71.4933
4914 71.4933
4915 71.4933
4916 71.4933
4917 71.4933
4918 71.4933
4919 71.4933
4920 71.4933
4921 71.4933
4922 71.4933
4923 71.4933
4924 71.4933
4925 71.4933
4926 71.4933
4927 71.4933
4928 71.4933
4929 71.4933
4930 71.4933
4931 71.4933
4932 71.4933
4933 71.4933
4934 71.4933
4935 71.4933
4936 71.4933
4937 71.4933
4938 71.4933
4939 71.4933
4940 71.4933
4941 71.4933
4942 71.4933
4943 71.4933
4944 71.4933
4945 71.4933
4946 71.4933
4947 71.4933
4948 71.4933
4949 71.4933
4950 71.4933
4951 71.4933
4952 71.4933
4953 71.4933
4954 71.4933
4955 71.4933
4956 71.4933
4957 71.4933
4958 71.4933
4959 71.4933
4960 71.4933
4961 71.4933
4962 71.4933
4963 71.4933
4964 71.4933
4965 71.4933
4966 71.4933
4967 71.4933
4968 71.4933
4969 71.4933
4970 71.4933
4971 71.4933
4972 71.4933
4973 71.4933
4974 71.4933
4975 71.4933
4976 71.4933
4977 71.4933
4978 71.4933
4979 71.4933
4980 71.4933
4981 71.4933
4982 71.4933
4983 71.4933
4984 71.4933
4985 71.4933
4986 71.4933
4987 71.4933
4988 71.4933
4989 71.4933
4990 71.4933
4991 71.4933
4992 71.4933
4993 71.4933
4994 71.4933
4995 71.4933
4996 71.4933
4997 71.4933
4998 71.4933
4999 71.4933
5000 71.4933
5001 71.4933
5002 71.4933
5003 71.4933
5004 71.4933
5005 71.4933
5006 71.4933
5007 71.4933
5008 71.4933
5009 71.4933
5010 71.4933
5011 71.4933
5012 71.4933
5013 71.4933
5014 71.4933
5015 71.4933
5016 71.4933
5017 71.4933
5018 71.4933
5019 71.4933
5020 71.4933
5021 71.4933
5022 71.4933
5023 71.4933
5024 71.4933
5025 71.4933
5026 71.4933
5027 71.4933
5028 71.4933
5029 71.4933
5030 71.4933
5031 71.4933
5032 71.4933
5033 71.4933
5034 71.4933
5035 71.4933
5036 71.4933
5037 71.4933
5038 71.4933
5039 71.4933
5040 71.4933
5041 71.4933
5042 71.4933
5043 71.4933
5044 71.4933
5045 71.4933
5046 71.4933
5047 71.4933
5048 71.4933
5049 71.4933
5050 71.4933
5051 71.4933
5052 71.4933
5053 71.4933
5054 71.4933
5055 71.4933
5056 71.4933
5057 71.4933
5058 71.4933
5059 71.4933
5060 71.4933
5061 71.4933
5062 71.4933
5063 71.4933
5064 71.4933
5065 71.4933
5066 71.4933
5067 71.4933
5068 71.4933
5069 71.4933
5070 71.4933
5071 71.4933
5072 71.4933
5073 71.4933
5074 71.4933
5075 71.4933
5076 71.4933
5077 71.4933
5078 71.4933
5079 71.4933
5080 71.4933
5081 71.4933
5082 71.4933
5083 71.4933
5084 71.4933
5085 71.4933
5086 71.4933
5087 71.4933
5088 71.4933
5089 71.4933
5090 71.4933
5091 71.4933
5092 71.4933
5093 71.4933
5094 71.4933
5095 71.4933
5096 71.4933
5097 71.4933
5098 71.4933
5099 71.4933
5100 71.4933
5101 71.4933
5102 71.4933
5103 71.4933
5104 71.4933
5105 71.4933
5106 71.4933
5107 71.4933
5108 71.4933
5109 71.4933
5110 71.4933
5111 71.4933
5112 71.4933
5113 71.4933
5114 71.4933
5115 71.4933
5116 71.4933
5117 71.4933
5118 71.4933
5119 71.4933
5120 71.4933
5121 71.4933
5122 71.4933
5123 71.4933
5124 71.4933
5125 71.4933
5126 71.4933
5127 71.4933
5128 71.4933
5129 71.4933
5130 71.4933
5131 71.4933
5132 71.4933
5133 71.4933
5134 71.4933
5135 71.4933
5136 71.4933
5137 71.4933
5138 71.4933
5139 71.4933
5140 71.4933
5141 71.4933
5142 71.4933
5143 71.4933
5144 71.4933
5145 71.4933
5146 71.4933
5147 71.4933
5148 71.4933
5149 71.4933
5150 71.4933
5151 71.4933
5152 71.4933
5153 71.4933
5154 71.4933
5155 71.4933
5156 71.4933
5157 71.4933
5158 71.4933
5159 71.4933
5160 71.4933
5161 71.4933
5162 71.4933
5163 71.4933
5164 71.4933
5165 71.4933
5166 71.4933
5167 71.4933
5168 71.4933
5169 71.4933
5170 71.4933
5171 71.4933
5172 71.4933
5173 71.4933
5174 71.4933
5175 71.4933
5176 71.4933
5177 71.4933
5178 71.4933
5179 71.4933
5180 71.4933
5181 71.4933
5182 71.4933
5183 71.4933
5184 71.4933
5185 71.4933
5186 71.4933
5187 71.4933
5188 71.4933
5189 71.4933
5190 71.4933
5191 71.4933
5192 71.4933
5193 71.4933
5194 71.4933
5195 71.4933
5196 71.4933
5197 71.4933
5198 71.4933
5199 71.4933
5200 71.4933
5201 71.4933
5202 71.4933
5203 71.4933
5204 71.4933
5205 71.4933
5206 71.4933
5207 71.4933
5208 71.4933
5209 71.4933
5210 71.4933
5211 71.4933
5212 71.4933
5213 71.4933
5214 71.4933
5215 71.4933
5216 71.4933
5217 71.4933
5218 71.4933
5219 71.4933
5220 71.4933
5221 71.4933
5222 71.4933
5223 71.4933
5224 71.4933
5225 71.4933
5226 71.4933
5227 71.4933
5228 71.4933
5229 71.4933
5230 71.4933
5231 71.4933
5232 71.4933
5233 71.4933
5234 71.4933
5235 71.4933
5236 71.4933
5237 71.4933
5238 71.4933
5239 71.4933
5240 71.4933
5241 71.4933
5242 71.4933
5243 71.4933
5244 71.4933
5245 71.4933
5246 71.4933
5247 71.4933
5248 71.4933
5249 71.4933
5250 71.4933
5251 71.4933
5252 71.4933
5253 71.4933
5254 71.4933
5255 71.4933
5256 71.4933
5257 71.4933
5258 71.4933
5259 71.4933
5260 71.4933
5261 71.4933
5262 71.4933
5263 71.4933
5264 71.4933
5265 71.4933
5266 71.4933
5267 71.4933
5268 71.4933
5269 71.4933
5270 71.4933
5271 71.4933
5272 71.4933
5273 71.4933
5274 71.4933
5275 71.4933
5276 71.4933
5277 71.4933
5278 71.4933
5279 71.4933
5280 71.4933
5281 71.4933
5282 71.4933
5283 71.4933
5284 71.4933
5285 71.4933
5286 71.4933
5287 71.4933
5288 71.4933
5289 71.4933
5290 71.4933
5291 71.4933
5292 71.4933
5293 71.4933
5294 71.4933
5295 71.4933
5296 71.4933
5297 71.4933
5298 71.4933
5299 71.4933
5300 71.4933
5301 71.4933
5302 71.4933
5303 71.4933
5304 71.4933
5305 71.4933
5306 71.4933
5307 71.4933
5308 71.4933
5309 71.4933
5310 71.4933
5311 71.4933
5312 71.4933
5313 71.4933
5314 71.4933
5315 71.4933
5316 71.4933
5317 71.4933
5318 71.4933
5319 71.4933
5320 71.4933
5321 71.4933
5322 71.4933
5323 71.4933
5324 71.4933
5325 71.4933
5326 71.4933
5327 71.4933
5328 71.4933
5329 71.4933
5330 71.4933
5331 71.4933
5332 71.4933
5333 71.4933
5334 71.4933
5335 71.4933
5336 71.4933
5337 71.4933
5338 71.4933
5339 71.4933
5340 71.4933
5341 71.4933
5342 71.4933
5343 71.4933
5344 71.4933
5345 71.4933
5346 71.4933
5347 71.4933
5348 71.4933
5349 71.4933
5350 71.4933
5351 71.4933
5352 71.4933
5353 71.4933
5354 71.4933
5355 71.4933
5356 71.4933
5357 71.4933
5358 71.4933
5359 71.4933
5360 71.4933
5361 71.4933
5362 71.4933
5363 71.4933
5364 71.4933
5365 71.4933
5366 71.4933
5367 71.4933
5368 71.4933
5369 71.4933
5370 71.4933
5371 71.4933
5372 71.4933
5373 71.4933
5374 71.4933
5375 71.4933
5376 71.4933
5377 71.4933
5378 71.4933
5379 71.4933
5380 71.4933
5381 71.4933
5382 71.4933
5383 71.4933
5384 71.4933
5385 71.4933
5386 71.4933
5387 71.4933
5388 71.4933
5389 71.4933
5390 71.4933
5391 71.4933
5392 71.4933
5393 71.4933
5394 71.4933
5395 71.4933
5396 71.4933
5397 71.4933
5398 71.4933
5399 71.4933
5400 71.4933
5401 71.4933
5402 71.4933
5403 71.4933
5404 71.4933
5405 71.4933
5406 71.4933
5407 71.4933
5408 71.4933
5409 71.4933
5410 71.4933
5411 71.4933
5412 71.4933
5413 71.4933
5414 71.4933
5415 71.4933
5416 71.4933
5417 71.4933
5418 71.4933
5419 71.4933
5420 71.4933
5421 71.4933
5422 71.4933
5423 71.4933
5424 71.4933
5425 71.4933
5426 71.4933
5427 71.4933
5428 71.4933
5429 71.4933
5430 71.4933
5431 71.4933
5432 71.4933
5433 71.4933
5434 71.4933
5435 71.4933
5436 71.4933
5437 71.4933
5438 71.4933
5439 71.4933
5440 71.4933
5441 71.4933
5442 71.4933
5443 71.4933
5444 71.4933
5445 71.4933
5446 71.4933
5447 71.4933
5448 71.4933
5449 71.4933
5450 71.4933
5451 71.4933
5452 71.4933
5453 71.4933
5454 71.4933
5455 71.4933
5456 71.4933
5457 71.4933
5458 71.4933
5459 71.4933
5460 71.4933
5461 71.4933
5462 71.4933
5463 71.4933
5464 71.4933
5465 71.4933
5466 71.4933
5467 71.4933
5468 71.4933
5469 71.4933
5470 71.4933
5471 71.4933
5472 71.4933
5473 71.4933
5474 71.4933
5475 71.4933
5476 71.4933
5477 71.4933
5478 71.4933
5479 71.4933
5480 71.4933
5481 71.4933
5482 71.4933
5483 71.4933
5484 71.4933
5485 71.4933
5486 71.4933
5487 71.4933
5488 71.4933
5489 71.4933
5490 71.4933
5491 71.4933
5492 71.4933
5493 71.4933
5494 71.4933
5495 71.4933
5496 71.4933
5497 71.4933
5498 71.4933
5499 71.4933
5500 71.4933
5501 71.4933
5502 71.4933
5503 71.4933
5504 71.4933
5505 71.4933
5506 71.4933
5507 71.4933
5508 71.4933
5509 71.4933
5510 71.4933
5511 71.4933
5512 71.4933
5513 71.4933
5514 71.4933
5515 71.4933
5516 71.4933
5517 71.4933
5518 71.4933
5519 71.4933
5520 71.4933
5521 71.4933
5522 71.4933
5523 71.4933
5524 71.4933
5525 71.4933
5526 71.4933
5527 71.4933
5528 71.4933
5529 71.4933
5530 71.4933
5531 71.4933
5532 71.4933
5533 71.4933
5534 71.4933
5535 71.4933
5536 71.4933
5537 71.4933
5538 71.4933
5539 71.4933
5540 71.4933
5541 71.4933
5542 71.4933
5543 71.4933
5544 71.4933
5545 71.4933
5546 71.4933
5547 71.4933
5548 71.4933
5549 71.4933
5550 71.4933
5551 71.4933
5552 71.4933
5553 71.4933
5554 71.4933
5555 71.4933
5556 71.4933
5557 71.4933
5558 71.4933
5559 71.4933
5560 71.4933
5561 71.4933
5562 71.4933
5563 71.4933
5564 71.4933
5565 71.4933
5566 71.4933
5567 71.4933
5568 71.4933
5569 71.4933
5570 71.4933
5571 71.4933
5572 71.4933
5573 71.4933
5574 71.4933
5575 71.4933
5576 71.4933
5577 71.4933
5578 71.4933
5579 71.4933
5580 71.4933
5581 71.4933
5582 71.4933
5583 71.4933
5584 71.4933
5585 71.4933
5586 71.4933
5587 71.4933
5588 71.4933
5589 71.4933
5590 71.4933
5591 71.4933
5592 71.4933
5593 71.4933
5594 71.4933
5595 71.4933
5596 71.4933
5597 71.4933
5598 71.4933
5599 71.4933
5600 71.4933
5601 71.4933
5602 71.4933
5603 71.4933
5604 71.4933
5605 71.4933
5606 71.4933
5607 71.4933
5608 71.4933
5609 71.4933
5610 71.4933
5611 71.4933
5612 71.4933
5613 71.4933
5614 71.4933
5615 71.4933
5616 71.4933
5617 71.4933
5618 71.4933
5619 71.4933
5620 71.4933
5621 71.4933
5622 71.4933
5623 71.4933
5624 71.4933
5625 71.4933
5626 71.4933
5627 71.4933
5628 71.4933
5629 71.4933
5630 71.4933
5631 71.4933
5632 71.4933
5633 71.4933
5634 71.4933
5635 71.4933
5636 71.4933
5637 71.4933
5638 71.4933
5639 71.4933
5640 71.4933
5641 71.4933
5642 71.4933
5643 71.4933
5644 71.4933
5645 71.4933
5646 71.4933
5647 71.4933
5648 71.4933
5649 71.4933
5650 71.4933
5651 71.4933
5652 71.4933
5653 71.4933
5654 71.4933
5655 71.4933
5656 71.4933
5657 71.4933
5658 71.4933
5659 71.4933
5660 71.4933
5661 71.4933
5662 71.4933
5663 71.4933
5664 71.4933
5665 71.4933
5666 71.4933
5667 71.4933
5668 71.4933
5669 71.4933
5670 71.4933
5671 71.4933
5672 71.4933
5673 71.4933
5674 71.4933
5675 71.4933
5676 71.4933
5677 71.4933
5678 71.4933
5679 71.4933
5680 71.4933
5681 71.4933
5682 71.4933
5683 71.4933
5684 71.4933
5685 71.4933
5686 71.4933
5687 71.4933
5688 71.4933
5689 71.4933
5690 71.4933
5691 71.4933
5692 71.4933
5693 71.4933
5694 71.4933
5695 71.4933
5696 71.4933
5697 71.4933
5698 71.4933
5699 71.4933
5700 71.4933
5701 71.4933
5702 71.4933
5703 71.4933
5704 71.4933
5705 71.4933
5706 71.4933
5707 71.4933
5708 71.4933
5709 71.4933
5710 71.4933
5711 71.4933
5712 71.4933
5713 71.4933
5714 71.4933
5715 71.4933
5716 71.4933
5717 71.4933
5718 71.4933
5719 71.4933
5720 71.4933
5721 71.4933
5722 71.4933
5723 71.4933
5724 71.4933
5725 71.4933
5726 71.4933
5727 71.4933
5728 71.4933
5729 71.4933
5730 71.4933
5731 71.4933
5732 71.4933
5733 71.4933
5734 71.4933
5735 71.4933
5736 71.4933
5737 71.4933
5738 71.4933
5739 71.4933
5740 71.4933
5741 71.4933
5742 71.4933
5743 71.4933
5744 71.4933
5745 71.4933
5746 71.4933
5747 71.4933
5748 71.4933
5749 71.4933
5750 71.4933
5751 71.4933
5752 71.4933
5753 71.4933
5754 71.4933
5755 71.4933
5756 71.4933
5757 71.4933
5758 71.4933
5759 71.4933
5760 71.4933
5761 71.4933
5762 71.4933
5763 71.4933
5764 71.4933
5765 71.4933
5766 71.4933
5767 71.4933
5768 71.4933
5769 71.4933
5770 71.4933
5771 71.4933
5772 71.4933
5773 71.4933
5774 71.4933
5775 71.4933
5776 71.4933
5777 71.4933
5778 71.4933
5779 71.4933
5780 71.4933
5781 71.4933
5782 71.4933
5783 71.4933
5784 71.4933
5785 71.4933
5786 71.4933
5787 71.4933
5788 71.4933
5789 71.4933
5790 71.4933
5791 71.4933
5792 71.4933
5793 71.4933
5794 71.4933
5795 71.4933
5796 71.4933
5797 71.4933
5798 71.4933
5799 71.4933
5800 71.4933
5801 71.4933
5802 71.4933
5803 71.4933
5804 71.4933
5805 71.4933
5806 71.4933
5807 71.4933
5808 71.4933
5809 71.4933
5810 71.4933
5811 71.4933
5812 71.4933
5813 71.4933
5814 71.4933
5815 71.4933
5816 71.4933
5817 71.4933
5818 71.4933
5819 71.4933
5820 71.4933
5821 71.4933
5822 71.4933
5823 71.4933
5824 71.4933
5825 71.4933
5826 71.4933
5827 71.4933
5828 71.4933
5829 71.4933
5830 71.4933
5831 71.4933
5832 71.4933
5833 71.4933
5834 71.4933
5835 71.4933
5836 71.4933
5837 71.4933
5838 71.4933
5839 71.4933
5840 71.4933
5841 71.4933
5842 71.4933
5843 71.4933
5844 71.4933
5845 71.4933
5846 71.4933
5847 71.4933
5848 71.4933
5849 71.4933
5850 71.4933
5851 71.4933
5852 71.4933
5853 71.4933
5854 71.4933
5855 71.4933
5856 71.4933
5857 71.4933
5858 71.4933
5859 71.4933
5860 71.4933
5861 71.4933
5862 71.4933
5863 71.4933
5864 71.4933
5865 71.4933
5866 71.4933
5867 71.4933
5868 71.4933
5869 71.4933
5870 71.4933
5871 71.4933
5872 71.4933
5873 71.4933
5874 71.4933
5875 71.4933
5876 71.4933
5877 71.4933
5878 71.4933
5879 71.4933
5880 71.4933
5881 71.4933
5882 71.4933
5883 71.4933
5884 71.4933
5885 71.4933
5886 71.4933
5887 71.4933
5888 71.4933
5889 71.4933
5890 71.4933
5891 71.4933
5892 71.4933
5893 71.4933
5894 71.4933
5895 71.4933
5896 71.4933
5897 71.4933
5898 71.4933
5899 71.4933
5900 71.4933
5901 71.4933
5902 71.4933
5903 71.4933
5904 71.4933
5905 71.4933
5906 71.4933
5907 71.4933
5908 71.4933
5909 71.4933
5910 71.4933
5911 71.4933
5912 71.4933
5913 71.4933
5914 71.4933
5915 71.4933
5916 71.4933
5917 71.4933
5918 71.4933
5919 71.4933
5920 71.4933
5921 71.4933
5922 71.4933
5923 71.4933
5924 71.4933
5925 71.4933
5926 71.4933
5927 71.4933
5928 71.4933
5929 71.4933
5930 71.4933
5931 71.4933
5932 71.4933
5933 71.4933
5934 71.4933
5935 71.4933
5936 71.4933
5937 71.4933
5938 71.4933
5939 71.4933
5940 71.4933
5941 71.4933
5942 71.4933
5943 71.4933
5944 71.4933
5945 71.4933
5946 71.4933
5947 71.4933
5948 71.4933
5949 71.4933
5950 71.4933
5951 71.4933
5952 71.4933
5953 71.4933
5954 71.4933
5955 71.4933
5956 71.4933
5957 71.4933
5958 71.4933
5959 71.4933
5960 71.4933
5961 71.4933
5962 71.4933
5963 71.4933
5964 71.4933
5965 71.4933
5966 71.4933
5967 71.4933
5968 71.4933
5969 71.4933
5970 71.4933
5971 71.4933
5972 71.4933
5973 71.4933
5974 71.4933
5975 71.4933
5976 71.4933
5977 71.4933
5978 71.4933
5979 71.4933
5980 71.4933
5981 71.4933
5982 71.4933
5983 71.4933
5984 71.4933
5985 71.4933
5986 71.4933
5987 71.4933
5988 71.4933
5989 71.4933
5990 71.4933
5991 71.4933
5992 71.4933
5993 71.4933
5994 71.4933
5995 71.4933
5996 71.4933
5997 71.4933
5998 71.4933
5999 71.4933
