0 449.634
1 449.275
2 428.737
3 423.947
4 415.859
5 407.634
6 405.881
7 401.365
8 393.196
9 390.242
10 387.643
11 386.15
12 377.719
13 374.274
14 373.975
15 373.975
16 368.483
17 363.749
18 360.551
19 360.438
20 359.838
21 358.542
22 357.005
23 354.115
24 347.085
25 345.329
26 342.505
27 339.752
28 337.275
29 337.275
30 335.946
31 333.054
32 332.302
33 329.087
34 327.603
35 326.072
36 321.712
37 317.9
38 314.438
39 314.057
40 311.87
41 309.687
42 308.451
43 307.593
44 306.953
45 295.503
46 290.707
47 290.43
48 287.365
49 287.365
50 287.365
51 283.708
52 283.013
53 280.817
54 280.817
55 280.735
56 276.343
57 273.808
58 268.814
59 268.182
60 264.719
61 262.131
62 261.458
63 259.418
64 258.665
65 258.193
66 255.479
67 254.953
68 254.2
69 254.2
70 253.728
71 252.323
72 252.013
73 250.693
74 248.484
75 246.039
76 245.285
77 242.915
78 242.449
79 240.566
80 240.566
81 240.058
82 240.058
83 232.684
84 231.617
85 231.617
86 231.617
87 229.555
88 229.555
89 229.555
90 229.555
91 228.219
92 228.219
93 225.758
94 225.758
95 221.962
96 221.761
97 219.495
98 211.882
99 208.376
100 208.376
101 204.315
102 204.315
103 203.785
104 203.785
105 203.604
106 202.334
107 201.624
108 201.48
109 200.898
110 199.368
111 199.368
112 199.368
113 199.368
114 198.883
115 198.883
116 196.151
117 196.151
118 196.151
119 195.559
120 194.542
121 193.951
122 190.018
123 190.018
124 189.781
125 189.772
126 189.535
127 188.027
128 187.212
129 185.947
130 185.947
131 185.947
132 185.947
133 184.546
134 184.546
135 183.359
136 183.359
137 181.159
138 181.159
139 179.943
140 179.943
141 179.839
142 178.838
143 178.838
144 177.252
145 176.251
146 176.147
147 175.95
148 174.845
149 174.269
150 173.164
151 169.023
152 169.023
153 168.965
154 168.503
155 162.893
156 162.373
157 162.213
158 162.155
159 162.155
160 162.155
161 162.155
162 161.502
163 161.502
164 160.552
165 160.552
166 160.552
167 160.238
168 159.121
169 156.977
170 156.977
171 155.654
172 154.649
173 154.649
174 154.419
175 153.097
176 153.097
177 153.097
178 153.097
179 153.097
180 152.298
181 152.298
182 152.068
183 151.381
184 151.381
185 150.767
186 150.767
187 150.225
188 150.225
189 149.789
190 149.789
191 149.569
192 149.449
193 149.333
194 149.265
195 147.489
196 147.185
197 146.965
198 146.965
199 146.756
200 146.756
201 146.756
202 146.756
203 146.756
204 146.523
205 146.523
206 146.523
207 146.523
208 146.523
209 146.332
210 146.099
211 146.099
212 146.099
213 145.364
214 145.364
215 144.268
216 143.216
217 141.478
218 141.478
219 141.272
220 141.272
221 141.272
222 141.272
223 141.067
224 141.067
225 141.067
226 141.067
227 140.441
228 140.441
229 140.441
230 140.441
231 140.441
232 140.441
233 140.441
234 140.441
235 140.441
236 140.167
237 140.127
238 139.854
239 139.697
240 139.697
241 139.697
242 139.697
243 139.697
244 139.697
245 139.697
246 139.697
247 139.697
248 139.035
249 139.035
250 139.035
251 139.035
252 139.035
253 139.035
254 139.035
255 139.035
256 139.035
257 139.035
258 138.689
259 138.554
260 138.042
261 137.695
262 137.695
263 137.513
264 137.066
265 136.923
266 135.284
267 135.219
268 133.58
269 133.432
270 132.163
271 131.446
272 129.244
273 129.244
274 129.244
275 128.527
276 128.527
277 128.286
278 127.569
279 126.724
280 126.007
281 126.007
282 125.237
283 125.237
284 125.237
285 124.841
286 124.563
287 123.704
288 123.704
289 123.704
290 123.704
291 123.704
292 123.704
293 123.704
294 123.638
295 123.638
296 123.638
297 123.638
298 122.751
299 122.751
300 121.983
301 121.983
302 121.983
303 121.983
304 121.983
305 121.919
306 121.919
307 121.919
308 120.571
309 120.507
310 120.507
311 120.507
312 119.749
313 119.749
314 119.749
315 119.749
316 118.976
317 118.976
318 118.976
319 118.227
320 118.227
321 118.227
322 117.714
323 117.714
324 117.714
325 117.133
326 117.133
327 117.133
328 117.133
329 116.745
330 116.745
331 116.745
332 116.564
333 116.564
334 116.564
335 116.353
336 116.353
337 116.353
338 116.353
339 116.353
340 116.353
341 116.353
342 115.991
343 115.991
344 115.991
345 115.991
346 115.991
347 115.265
348 115.265
349 115.196
350 115.196
351 115.196
352 115.196
353 115.196
354 115.196
355 115.196
356 115.196
357 115.196
358 115.196
359 115.196
360 115.196
361 115.196
362 115.076
363 114.579
364 114.407
365 113.339
366 113.339
367 113.339
368 113.339
369 112.974
370 112.974
371 112.974
372 112.974
373 112.974
374 112.974
375 112.974
376 112.974
377 112.974
378 112.839
379 112.839
380 112.839
381 112.839
382 112.839
383 112.468
384 112.468
385 112.468
386 112.468
387 112.205
388 112.205
389 112.077
390 111.813
391 111.813
392 111.172
393 111.03
394 111.03
395 110.175
396 110.033
397 110.033
398 110.033
399 110.033
400 110.033
401 110.033
402 110.033
403 110.033
404 110.033
405 110.033
406 110.033
407 110.033
408 110.033
409 110.033
410 110.033
411 110.033
412 110.033
413 109.108
414 109.108
415 109.108
416 109.074
417 109.074
418 109.074
419 109.074
420 109.074
421 109.074
422 109.074
423 109.074
424 109.074
425 109.074
426 109.074
427 109.074
428 109.074
429 109.074
430 109.074
431 109.074
432 109.074
433 109.074
434 109.074
435 109.074
436 109.074
437 109.074
438 109.074
439 109.074
440 109.074
441 109.074
442 109.074
443 109.057
444 109.057
445 109.057
446 108.577
447 108.577
448 108.577
449 108.577
450 108.577
451 108.577
452 108.577
453 108.577
454 108.577
455 108.577
456 108.577
457 107.835
458 107.835
459 107.835
460 107.835
461 107.835
462 107.835
463 107.835
464 107.835
465 107.835
466 107.835
467 107.835
468 107.835
469 107.835
470 107.835
471 107.835
472 107.709
473 107.709
474 107.709
475 107.709
476 107.709
477 107.709
478 107.709
479 107.709
480 107.709
481 107.709
482 107.709
483 107.709
484 107.709
485 107.709
486 107.709
487 107.709
488 107.623
489 107.623
490 107.623
491 105.621
492 105.621
493 105.449
494 105.449
495 105.449
496 105.449
497 105.449
498 105.449
499 105.449
500 105.449
501 105.449
502 105.449
503 105.353
504 105.353
505 105.353
506 105.353
507 105.353
508 105.353
509 105.353
510 105.353
511 105.353
512 105.353
513 105.353
514 105.353
515 105.353
516 105.353
517 105.353
518 105.353
519 105.353
520 105.353
521 105.353
522 105.353
523 105.353
524 105.353
525 105.353
526 105.353
527 105.353
528 105.353
529 105.353
530 105.353
531 105.018
532 105.018
533 105.018
534 105.018
535 105.018
536 105.018
537 105.018
538 104.876
539 104.876
540 104.876
541 104.876
542 104.876
543 104.876
544 104.876
545 104.876
546 104.876
547 104.876
548 104.876
549 104.434
550 104.434
551 104.434
552 104.434
553 103.867
554 103.867
555 103.867
556 103.867
557 103.867
558 103.867
559 103.867
560 103.867
561 103.867
562 103.867
563 103.867
564 103.867
565 103.867
566 103.867
567 103.867
568 103.867
569 103.867
570 103.867
571 103.867
572 103.421
573 103.421
574 103.421
575 103.421
576 103.421
577 103.421
578 103.421
579 103.421
580 103.421
581 103.421
582 103.421
583 103.421
584 103.421
585 103.421
586 103.421
587 103.421
588 103.421
589 103.421
590 103.041
591 103.041
592 103.041
593 103.041
594 103.041
595 103.041
596 103.041
597 103.041
598 103.041
599 102.962
600 102.962
601 102.962
602 102.962
603 102.962
604 102.962
605 101.118
606 101.118
607 100.603
608 100.603
609 100.603
610 100.603
611 100.603
612 100.603
613 100.603
614 100.603
615 100.603
616 100.19
617 100.19
618 100.19
619 100.19
620 100.19
621 100.19
622 100.19
623 100.19
624 100.19
625 100.19
626 100.19
627 100.19
628 100.19
629 100.19
630 100.19
631 100.19
632 100.19
633 100.19
634 100.19
635 100.19
636 100.19
637 100.19
638 100.19
639 100.028
640 100.028
641 100.028
642 100.028
643 100.028
644 100.028
645 100.028
646 100.028
647 100.028
648 100.028
649 100.028
650 100.028
651 100.028
652 100.028
653 100.028
654 99.68
655 99.68
656 98.6601
657 98.6601
658 98.6601
659 98.6601
660 98.6601
661 98.6601
662 98.6601
663 98.6601
664 98.6601
665 98.6601
666 98.6601
667 98.2056
668 98.2056
669 98.2056
670 98.2056
671 98.2056
672 98.2056
673 98.2056
674 98.2056
675 98.2056
676 98.0117
677 98.0117
678 98.0117
679 98.0117
680 98.0117
681 98.0117
682 98.0117
683 98.0117
684 98.0117
685 98.0117
686 98.0117
687 98.0117
688 98.0117
689 98.0117
690 98.0117
691 98.0117
692 98.0117
693 98.0117
694 98.0117
695 98.0117
696 97.9325
697 97.9325
698 97.9325
699 97.9325
700 97.9325
701 97.9325
702 97.9325
703 97.9325
704 97.9325
705 97.9325
706 97.9325
707 97.9325
708 97.9325
709 97.9325
710 97.9325
711 97.4717
712 97.4717
713 97.4717
714 97.4717
715 97.4717
716 97.4717
717 97.4717
718 96.5164
719 96.5164
720 96.5164
721 96.5164
722 96.3723
723 96.3723
724 96.3723
725 96.3723
726 96.3723
727 96.3723
728 96.3723
729 96.3723
730 96.3723
731 96.3723
732 96.3723
733 96.3723
734 96.3723
735 96.3723
736 96.3723
737 96.3723
738 96.3723
739 96.3723
740 96.3723
741 96.3723
742 96.3723
743 96.3723
744 96.3723
745 96.3723
746 96.0055
747 96.0055
748 96.0055
749 96.0055
750 94.9083
751 94.9083
752 94.9083
753 94.9083
754 94.9083
755 94.7715
756 94.7715
757 94.2083
758 94.2083
759 94.0525
760 93.8104
761 93.1871
762 92.7892
763 92.7892
764 92.7892
765 92.7892
766 92.7892
767 92.7892
768 92.7892
769 92.7892
770 92.7892
771 92.7892
772 92.7892
773 92.7892
774 92.7892
775 92.7892
776 92.7892
777 92.7892
778 92.7892
779 91.7499
780 91.7499
781 91.7499
782 91.7499
783 91.2728
784 91.2728
785 91.2728
786 91.2728
787 91.2728
788 91.2728
789 91.2728
790 91.2728
791 91.2728
792 91.2728
793 91.2728
794 89.6266
795 89.6266
796 89.6266
797 89.6266
798 89.6266
799 89.6266
800 89.6266
801 89.6266
802 89.6266
803 89.6266
804 89.6266
805 88.5006
806 88.5006
807 84.6671
808 84.6671
809 84.6671
810 84.4027
811 84.2308
812 84.2308
813 84.2308
814 84.2308
815 84.2308
816 84.2308
817 84.2308
818 84.2308
819 84.2308
820 84.2308
821 84.2308
822 84.2308
823 83.0722
824 83.0722
825 83.0722
826 83.0722
827 83.0722
828 83.0722
829 83.0722
830 83.0308
831 83.0308
832 83.0308
833 83.0308
834 83.0308
835 83.0308
836 83.0308
837 83.0308
838 83.0308
839 83.0308
840 83.0308
841 83.0308
842 83.0308
843 82.9791
844 82.9791
845 82.9791
846 82.9791
847 82.9791
848 82.9791
849 82.9791
850 82.9791
851 82.9791
852 82.9791
853 82.9791
854 82.9791
855 82.9791
856 82.9791
857 82.9791
858 82.9791
859 82.9791
860 82.9791
861 82.9791
862 82.9791
863 82.9791
864 82.9791
865 82.9791
866 82.9791
867 82.9791
868 82.9791
869 82.9791
870 82.9791
871 82.9791
872 82.9791
873 82.9791
874 82.9791
875 82.9791
876 82.9791
877 82.9791
878 82.9791
879 82.9791
880 82.9791
881 82.9791
882 82.0851
883 82.0851
884 82.0851
885 82.0851
886 82.0851
887 82.0851
888 82.0851
889 82.0851
890 82.0851
891 82.0851
892 82.0851
893 82.0851
894 82.0851
895 81.2443
896 80.8932
897 80.8932
898 80.8932
899 80.8932
900 80.8851
901 80.8851
902 80.8851
903 80.8851
904 80.8851
905 80.2337
906 80.2337
907 80.0064
908 80.0064
909 80.0064
910 80.0064
911 80.0064
912 80.0064
913 80.0064
914 80.0064
915 80.0064
916 80.0064
917 80.0064
918 79.5619
919 79.5161
920 79.5161
921 79.5161
922 79.5161
923 79.5161
924 79.5161
925 79.5161
926 79.5161
927 79.5161
928 79.5161
929 79.5161
930 79.5161
931 79.5161
932 79.5161
933 79.5161
934 79.5161
935 79.5161
936 79.0795
937 79.0795
938 79.0795
939 79.0795
940 79.0795
941 79.0795
942 79.0795
943 79.0795
944 79.0795
945 79.0795
946 79.0795
947 79.0745
948 79.0745
949 78.627
950 78.627
951 78.627
952 78.627
953 78.627
954 78.627
955 78.627
956 78.5261
957 78.5261
958 78.5261
959 78.5261
960 78.5261
961 78.5261
962 78.5261
963 78.5261
964 78.5261
965 78.5261
966 78.5261
967 78.4894
968 78.4894
969 78.4894
970 78.4894
971 77.8866
972 77.8866
973 77.8866
974 77.8866
975 77.8866
976 77.8866
977 77.8866
978 77.8866
979 77.8866
980 77.8866
981 77.8866
982 77.8866
983 77.8866
984 77.853
985 77.853
986 77.853
987 77.853
988 77.853
989 77.853
990 77.853
991 77.853
992 77.853
993 77.853
994 77.853
995 77.853
996 77.853
997 77.853
998 77.853
999 77.853
1000 77.853
1001 77.853
1002 77.853
1003 77.853
1004 77.853
1005 77.853
1006 77.853
1007 77.853
1008 77.853
1009 77.853
1010 77.853
1011 77.853
1012 77.853
1013 77.853
1014 77.853
1015 77.853
1016 77.853
1017 77.853
1018 77.853
1019 77.853
1020 77.853
1021 77.853
1022 77.853
1023 77.853
1024 77.853
1025 77.853
1026 77.853
1027 77.853
1028 77.853
1029 77.853
1030 77.5865
1031 77.5865
1032 77.5865
1033 77.4914
1034 77.2225
1035 77.1275
1036 77.1275
1037 77.1275
1038 76.6877
1039 76.6877
1040 76.6877
1041 76.6877
1042 76.6877
1043 76.6877
1044 76.6877
1045 76.6877
1046 76.6877
1047 76.6877
1048 76.6877
1049 76.6877
1050 76.6877
1051 76.6877
1052 76.6877
1053 76.6877
1054 76.6877
1055 76.6877
1056 76.6877
1057 76.6877
1058 76.6877
1059 76.6877
1060 76.6877
1061 76.6877
1062 76.6877
1063 76.6877
1064 76.6877
1065 76.6877
1066 76.6877
1067 76.6877
1068 76.6877
1069 76.6877
1070 76.6877
1071 76.6877
1072 76.6877
1073 76.6877
1074 76.6877
1075 76.6877
1076 76.6877
1077 76.6877
1078 76.6877
1079 76.6877
1080 76.6877
1081 76.6877
1082 76.6877
1083 76.6877
1084 76.6877
1085 76.6877
1086 76.6877
1087 76.6877
1088 76.6877
1089 76.6877
1090 76.6877
1091 76.6877
1092 76.6877
1093 76.6877
1094 76.6877
1095 76.6877
1096 76.6877
1097 76.6877
1098 76.6877
1099 76.6877
1100 76.6877
1101 76.6877
1102 76.6877
1103 76.6284
1104 76.6284
1105 76.6284
1106 76.6284
1107 76.6284
1108 76.6284
1109 76.6284
1110 76.6284
1111 76.5958
1112 76.5958
1113 76.5958
1114 76.5958
1115 76.5958
1116 76.5958
1117 76.5958
1118 76.5958
1119 76.5958
1120 76.5958
1121 76.5958
1122 76.5958
1123 76.5958
1124 76.5958
1125 76.5958
1126 76.5958
1127 76.5958
1128 76.5958
1129 76.5958
1130 76.5958
1131 76.5958
1132 76.5958
1133 76.5958
1134 76.5958
1135 76.5958
1136 76.5958
1137 76.5958
1138 76.5958
1139 76.5958
1140 76.5958
1141 76.5958
1142 76.5958
1143 76.5958
1144 76.5958
1145 76.5958
1146 76.5958
1147 76.5958
1148 76.5958
1149 76.5958
1150 76.5958
1151 76.5958
1152 76.5958
1153 76.5958
1154 76.5958
1155 76.5958
1156 76.5958
1157 76.5958
1158 76.5958
1159 76.5958
1160 76.5958
1161 76.5958
1162 76.5958
1163 76.5958
1164 76.5958
1165 76.5958
1166 76.5958
1167 76.5958
1168 76.5958
1169 76.5958
1170 76.5958
1171 76.5958
1172 76.5958
1173 76.5958
1174 76.5958
1175 76.5958
1176 76.5958
1177 76.5958
1178 76.5958
1179 76.5958
1180 76.5958
1181 76.5958
1182 76.5958
1183 76.5958
1184 76.5958
1185 76.5958
1186 76.5958
1187 76.5958
1188 76.5958
1189 76.5958
1190 76.5958
1191 76.5958
1192 76.5958
1193 76.5958
1194 76.5958
1195 76.5958
1196 76.5958
1197 76.5958
1198 76.5958
1199 76.5958
1200 76.5958
1201 76.5958
1202 76.5958
1203 76.5958
1204 76.5958
1205 76.5958
1206 76.5958
1207 76.5958
1208 76.5958
1209 76.5958
1210 76.5958
1211 76.5958
1212 76.5958
1213 76.5958
1214 76.5958
1215 76.5958
1216 76.5958
1217 76.5958
1218 76.5958
1219 76.5958
1220 76.4853
1221 76.4853
1222 76.4853
1223 76.4853
1224 76.4853
1225 76.4853
1226 76.4853
1227 76.4853
1228 76.4853
1229 76.4853
1230 76.2064
1231 76.2064
1232 76.2064
1233 76.2064
1234 76.2064
1235 76.2064
1236 76.2064
1237 76.2064
1238 76.2064
1239 76.2064
1240 76.2064
1241 76.2064
1242 76.2064
1243 76.2064
1244 76.2064
1245 76.2064
1246 76.2064
1247 76.2064
1248 76.2064
1249 76.2064
1250 76.2064
1251 76.2064
1252 76.2064
1253 76.2064
1254 76.2064
1255 76.2064
1256 76.2064
1257 76.2064
1258 76.2064
1259 76.2064
1260 76.2064
1261 76.2064
1262 76.2064
1263 76.2064
1264 76.2064
1265 76.2064
1266 76.2064
1267 76.2064
1268 76.2064
1269 76.2064
1270 76.2064
1271 76.2064
1272 76.2064
1273 76.2064
1274 76.2064
1275 76.2064
1276 76.2064
1277 76.2064
1278 76.2064
1279 76.2064
1280 76.2064
1281 76.2064
1282 76.0329
1283 76.0329
1284 76.0329
1285 76.0329
1286 76.0329
1287 76.0329
1288 76.0329
1289 76.0329
1290 76.0329
1291 76.0329
1292 76.0329
1293 76.0329
1294 76.0329
1295 76.0329
1296 76.0329
1297 76.0329
1298 76.0329
1299 76.0329
1300 76.0329
1301 76.0329
1302 76.0329
1303 75.8747
1304 75.8747
1305 75.8747
1306 75.3217
1307 75.3217
1308 75.1635
1309 75.1635
1310 75.1635
1311 75.1635
1312 75.1635
1313 75.1635
1314 75.1635
1315 75.1635
1316 75.1635
1317 75.1635
1318 75.1635
1319 75.1635
1320 75.1635
1321 75.1635
1322 75.1635
1323 75.1635
1324 75.1635
1325 75.1635
1326 75.1635
1327 75.1635
1328 75.1635
1329 75.1635
1330 75.1635
1331 75.1635
1332 75.1635
1333 75.1635
1334 75.1635
1335 75.1635
1336 75.1635
1337 75.1635
1338 75.1635
1339 75.1635
1340 75.1635
1341 75.1635
1342 75.1635
1343 75.1635
1344 75.1635
1345 75.1635
1346 75.1635
1347 75.1635
1348 75.1635
1349 75.1635
1350 75.1635
1351 75.1635
1352 75.1635
1353 75.1635
1354 75.1635
1355 75.1635
1356 75.1635
1357 75.1635
1358 75.1635
1359 74.9049
1360 74.9049
1361 74.9049
1362 74.9049
1363 74.9049
1364 74.9049
1365 74.9049
1366 74.9049
1367 74.9049
1368 74.9049
1369 74.9049
1370 74.9049
1371 74.9049
1372 74.9049
1373 74.9049
1374 74.9049
1375 74.9049
1376 74.9049
1377 74.9049
1378 74.9049
1379 74.9049
1380 74.9049
1381 74.9049
1382 74.9049
1383 74.9049
1384 74.9049
1385 74.9049
1386 74.9049
1387 74.9049
1388 74.9049
1389 74.9049
1390 74.9049
1391 74.9049
1392 74.9049
1393 74.9049
1394 74.9049
1395 74.9049
1396 74.9049
1397 74.9049
1398 74.9049
1399 74.9049
1400 74.9049
1401 74.9049
1402 74.9049
1403 74.9049
1404 74.9049
1405 74.9049
1406 74.9049
1407 74.9049
1408 74.9049
1409 74.9049
1410 74.9049
1411 74.8723
1412 74.8723
1413 74.8723
1414 74.8723
1415 74.8723
1416 74.8723
1417 74.8723
1418 74.8723
1419 74.8723
1420 74.8723
1421 74.8723
1422 74.8723
1423 74.8723
1424 74.8723
1425 74.8723
1426 74.8723
1427 74.8723
1428 74.8723
1429 74.8723
1430 74.8723
1431 74.8723
1432 74.8723
1433 74.8723
1434 74.8723
1435 74.8723
1436 74.8723
1437 74.8723
1438 74.8723
1439 74.8723
1440 74.8723
1441 74.8723
1442 74.8723
1443 74.8723
1444 74.8723
1445 74.8723
1446 74.8723
1447 74.8723
1448 74.8723
1449 74.8723
1450 74.8723
1451 74.8723
1452 74.8723
1453 74.8723
1454 74.8723
1455 74.8723
1456 74.8723
1457 74.8723
1458 74.8723
1459 74.8723
1460 74.8723
1461 74.8723
1462 74.8723
1463 74.8723
1464 74.8723
1465 74.8723
1466 74.8723
1467 74.8723
1468 74.8723
1469 74.8723
1470 74.8723
1471 74.8723
1472 74.8723
1473 74.8723
1474 74.8723
1475 74.8723
1476 74.8723
1477 74.8723
1478 74.8723
1479 74.8723
1480 74.8723
1481 74.8723
1482 74.8723
1483 74.8723
1484 74.8723
1485 74.8723
1486 74.8723
1487 74.8723
1488 74.8723
1489 74.8723
1490 74.8723
1491 74.8723
1492 74.8723
1493 74.8723
1494 74.8723
1495 74.8723
1496 74.6519
1497 74.6519
1498 74.3012
1499 74.3012
1500 74.3012
1501 74.3012
1502 74.3012
1503 74.3012
1504 74.3012
1505 74.3012
1506 74.3012
1507 74.3012
1508 74.3012
1509 74.3012
1510 74.3012
1511 74.3012
1512 74.3012
1513 74.3012
1514 74.3012
1515 74.3012
1516 74.3012
1517 74.3012
1518 74.3012
1519 74.3012
1520 74.3012
1521 74.3012
1522 74.3012
1523 74.3012
1524 74.3012
1525 74.3012
1526 74.3012
1527 74.3012
1528 74.3012
1529 74.3012
1530 74.3012
1531 74.3012
1532 74.3012
1533 74.3012
1534 74.3012
1535 74.3012
1536 74.3012
1537 74.3012
1538 74.3012
1539 74.3012
1540 74.3012
1541 74.3012
1542 74.3012
1543 74.3012
1544 74.3012
1545 74.3012
1546 74.3012
1547 74.3012
1548 74.3012
1549 74.3012
1550 74.3012
1551 74.3012
1552 74.3012
1553 74.3012
1554 74.3012
1555 74.3012
1556 74.3012
1557 74.3012
1558 74.3012
1559 74.3012
1560 74.3012
1561 74.3012
1562 74.3012
1563 74.3012
1564 74.3012
1565 74.3012
1566 74.3012
1567 74.3012
1568 74.3012
1569 74.3012
1570 74.3012
1571 74.3012
1572 74.3012
1573 74.3012
1574 74.3012
1575 74.3012
1576 74.3012
1577 74.3012
1578 74.3012
1579 74.3012
1580 74.3012
1581 74.3012
1582 74.3012
1583 74.3012
1584 74.3012
1585 74.3012
1586 74.3012
1587 74.3012
1588 74.3012
1589 74.3012
1590 74.3012
1591 74.3012
1592 74.3012
1593 74.3012
1594 74.3012
1595 74.3012
1596 74.3012
1597 74.3012
1598 74.3012
1599 74.3012
1600 74.3012
1601 74.3012
1602 74.3012
1603 74.3012
1604 74.3012
1605 74.3012
1606 74.3012
1607 74.3012
1608 74.3012
1609 74.3012
1610 74.3012
1611 74.3012
1612 74.3012
1613 74.3012
1614 74.3012
1615 74.3012
1616 74.3012
1617 74.3012
1618 74.3012
1619 74.3012
1620 74.3012
1621 74.3012
1622 74.3012
1623 74.3012
1624 74.3012
1625 74.3012
1626 74.3012
1627 74.1241
1628 74.1241
1629 74.1241
1630 74.1241
1631 74.1241
1632 74.1241
1633 74.1241
1634 74.1241
1635 74.1241
1636 74.1241
1637 74.1241
1638 74.1241
1639 74.1241
1640 74.1241
1641 74.1241
1642 74.1241
1643 74.1241
1644 74.1241
1645 74.1241
1646 74.1241
1647 74.1241
1648 74.1241
1649 74.1241
1650 74.1241
1651 74.1241
1652 74.1241
1653 74.1241
1654 74.1241
1655 74.1241
1656 74.1241
1657 74.1241
1658 74.1241
1659 74.1241
1660 74.1241
1661 74.1241
1662 74.1241
1663 74.1241
1664 74.1241
1665 74.1241
1666 74.1241
1667 74.1241
1668 74.1241
1669 74.1241
1670 74.1241
1671 74.1241
1672 74.1241
1673 74.1241
1674 74.1241
1675 74.1241
1676 74.1241
1677 74.1241
1678 74.1241
1679 74.1241
1680 74.1241
1681 74.1241
1682 74.1241
1683 74.1241
1684 74.1241
1685 74.1241
1686 74.1241
1687 74.1241
1688 74.1241
1689 74.1241
1690 74.1241
1691 74.1241
1692 74.1241
1693 74.1241
1694 74.1241
1695 74.1241
1696 74.1241
1697 74.1241
1698 74.1241
1699 74.1241
1700 74.1241
1701 74.1241
1702 74.1241
1703 74.1241
1704 74.1241
1705 74.1241
1706 74.1241
1707 74.1241
1708 74.1241
1709 74.1241
1710 74.1241
1711 74.1241
1712 74.1241
1713 74.1241
1714 74.1241
1715 74.1241
1716 74.1241
1717 74.1241
1718 74.1241
1719 74.1241
1720 74.1241
1721 74.1241
1722 74.1241
1723 74.1241
1724 74.1241
1725 74.1241
1726 74.1241
1727 74.1241
1728 74.1241
1729 74.1241
1730 74.1241
1731 74.1241
1732 74.1241
1733 74.1241
1734 74.1241
1735 74.1241
1736 74.1241
1737 74.1241
1738 74.1241
1739 74.1241
1740 74.1241
1741 74.1241
1742 74.1241
1743 74.1241
1744 74.1241
1745 74.1241
1746 74.1241
1747 74.1241
1748 74.1241
1749 74.1241
1750 74.1241
1751 74.1241
1752 74.1241
1753 74.1241
1754 74.1241
1755 74.1241
1756 74.1241
1757 74.1241
1758 74.1241
1759 74.1241
1760 74.1241
1761 74.1241
1762 74.1241
1763 74.1241
1764 74.1241
1765 74.1241
1766 74.1241
1767 74.1241
1768 74.1241
1769 74.1241
1770 74.1241
1771 74.1241
1772 74.1241
1773 74.1241
1774 74.1241
1775 74.1241
1776 74.1241
1777 74.1241
1778 74.1241
1779 74.1241
1780 74.1241
1781 74.1241
1782 74.1241
1783 74.1241
1784 74.1241
1785 74.1241
1786 74.1241
1787 74.1241
1788 74.1241
1789 74.1241
1790 74.1241
1791 74.1241
1792 74.1241
1793 74.1241
1794 74.1241
1795 74.1241
1796 74.1241
1797 74.1241
1798 74.1241
1799 74.1241
1800 74.1241
1801 74.1241
1802 74.1241
1803 74.1241
1804 74.1241
1805 74.1241
1806 74.1241
1807 74.1241
1808 74.1241
1809 74.1241
1810 74.1241
1811 74.1241
1812 74.1241
1813 74.1241
1814 74.1241
1815 74.1241
1816 74.1241
1817 74.1241
1818 74.1241
1819 74.1241
1820 74.1241
1821 74.1241
1822 74.1241
1823 74.1241
1824 74.1241
1825 74.1241
1826 74.1241
1827 74.1241
1828 74.1241
1829 74.1241
1830 74.1241
1831 74.1241
1832 74.1241
1833 74.1241
1834 74.1241
1835 74.1241
1836 74.1241
1837 74.1241
1838 74.1241
1839 74.1241
1840 74.1241
1841 74.1241
1842 74.1241
1843 74.1241
1844 74.1241
1845 74.1241
1846 74.1241
1847 74.1241
1848 74.1241
1849 74.1241
1850 74.1241
1851 74.1241
1852 74.1241
1853 74.1241
1854 74.1241
1855 74.1241
1856 74.1241
1857 74.1241
1858 74.1241
1859 74.1241
1860 74.1241
1861 74.1241
1862 74.1241
1863 74.1241
1864 74.1241
1865 74.1241
1866 74.1241
1867 74.1241
1868 74.1241
1869 74.1241
1870 74.1241
1871 74.1241
1872 74.1241
1873 74.1241
1874 74.1241
1875 74.1241
1876 74.1241
1877 74.1241
1878 74.1241
1879 74.1241
1880 74.1241
1881 74.1241
1882 74.1241
1883 74.1241
1884 74.1241
1885 74.1241
1886 74.1241
1887 74.1241
1888 74.1241
1889 74.1241
1890 74.1241
1891 74.1241
1892 74.1241
1893 74.1241
1894 74.1241
1895 74.1241
1896 74.1241
1897 74.1241
1898 74.1241
1899 74.1241
1900 74.1241
1901 74.1241
1902 74.1241
1903 74.1241
1904 74.1241
1905 74.1241
1906 74.1241
1907 74.1241
1908 74.1241
1909 74.1241
1910 74.1241
1911 74.1241
1912 74.1241
1913 74.1241
1914 74.1241
1915 74.1241
1916 74.1241
1917 74.1241
1918 74.1241
1919 74.1241
1920 74.1241
1921 74.1241
1922 74.1241
1923 74.1241
1924 74.1241
1925 74.1241
1926 74.1241
1927 74.1241
1928 74.1241
1929 74.1241
1930 74.1241
1931 74.1241
1932 74.1241
1933 74.1241
1934 74.1241
1935 74.1241
1936 74.1241
1937 74.1241
1938 74.1241
1939 74.1241
1940 74.1241
1941 74.1241
1942 74.1241
1943 74.1241
1944 74.1241
1945 74.1241
1946 74.1241
1947 74.1241
1948 74.1241
1949 73.6192
1950 73.6192
1951 73.6192
1952 73.6192
1953 73.6192
1954 73.6192
1955 73.6192
1956 73.6192
1957 73.6192
1958 73.6192
1959 73.6192
1960 73.6192
1961 73.6192
1962 73.6192
1963 73.6192
1964 73.6192
1965 73.6192
1966 73.6192
1967 73.6192
1968 73.6192
1969 73.6192
1970 73.6192
1971 73.6192
1972 73.6192
1973 73.6192
1974 73.6192
1975 73.6192
1976 73.6192
1977 73.6192
1978 73.6192
1979 73.6192
1980 73.6192
1981 73.6192
1982 73.6192
1983 73.6192
1984 73.6192
1985 73.6192
1986 73.6192
1987 73.6192
1988 73.6192
1989 73.6192
1990 73.6192
1991 73.6192
1992 73.6192
1993 73.6192
1994 73.6192
1995 73.6192
1996 73.6192
1997 73.6192
1998 73.6192
1999 73.6192
2000 73.6192
2001 73.6192
2002 73.6192
2003 73.6192
2004 73.6192
2005 73.6192
2006 73.6192
2007 73.6192
2008 73.6192
2009 73.6192
2010 73.6192
2011 73.6192
2012 73.6192
2013 73.6192
2014 73.6192
2015 73.6192
2016 73.6192
2017 73.6192
2018 73.6192
2019 73.6192
2020 73.6192
2021 73.6192
2022 73.6192
2023 73.6192
2024 73.6192
2025 73.6192
2026 73.6192
2027 73.6192
2028 73.6192
2029 73.6192
2030 73.6192
2031 73.6192
2032 73.6192
2033 73.6192
2034 73.6192
2035 73.6192
2036 73.6192
2037 73.6192
2038 73.6192
2039 73.6192
2040 73.6192
2041 73.6192
2042 73.6192
2043 73.6192
2044 73.6192
2045 73.6192
2046 73.6192
2047 73.6192
2048 73.6192
2049 73.6192
2050 73.6192
2051 73.6192
2052 73.6192
2053 73.6192
2054 73.6192
2055 73.6192
2056 73.6192
2057 73.6192
2058 73.6192
2059 73.6192
2060 73.6192
2061 73.6192
2062 73.6192
2063 73.6192
2064 73.6192
2065 73.6192
2066 73.6192
2067 73.6192
2068 73.6192
2069 73.6192
2070 73.6192
2071 73.6192
2072 73.6192
2073 73.6192
2074 73.6192
2075 73.6192
2076 73.6192
2077 73.6192
2078 73.6192
2079 73.6192
2080 73.6192
2081 73.6192
2082 73.6192
2083 73.6192
2084 73.6192
2085 73.6192
2086 73.6192
2087 73.6192
2088 73.6192
2089 73.6192
2090 73.6192
2091 73.6192
2092 73.6192
2093 73.6192
2094 73.6192
2095 73.6192
2096 73.6192
2097 73.6192
2098 73.6192
2099 73.6192
2100 73.6192
2101 73.6192
2102 73.6192
2103 73.6192
2104 73.6192
2105 73.6192
2106 73.6192
2107 73.6192
2108 73.3512
2109 73.3512
2110 73.3512
2111 73.3512
2112 73.3512
2113 73.3512
2114 73.3512
2115 73.3512
2116 73.3512
2117 73.3512
2118 73.3512
2119 73.3512
2120 73.3512
2121 73.3512
2122 73.3512
2123 73.3512
2124 73.3512
2125 73.3512
2126 73.3512
2127 73.3512
2128 73.3512
2129 73.3512
2130 73.3512
2131 73.3512
2132 73.3512
2133 73.3512
2134 73.3512
2135 73.3512
2136 73.3512
2137 73.3512
2138 73.3512
2139 73.3512
2140 73.3512
2141 73.3512
2142 73.3512
2143 73.3512
2144 73.3512
2145 73.3512
2146 73.3512
2147 73.3512
2148 73.3512
2149 73.3512
2150 73.3512
2151 73.3512
2152 73.3512
2153 73.3512
2154 73.3512
2155 73.3512
2156 73.3512
2157 73.3512
2158 73.3512
2159 73.3512
2160 73.3512
2161 73.3512
2162 73.3512
2163 73.3512
2164 73.3512
2165 73.3512
2166 73.3512
2167 73.3512
2168 73.3512
2169 73.3512
2170 73.3512
2171 73.3512
2172 73.3512
2173 73.3512
2174 73.3512
2175 73.3512
2176 73.3512
2177 73.3512
2178 73.3512
2179 73.3512
2180 73.3512
2181 73.3512
2182 73.3512
2183 73.3512
2184 73.3512
2185 73.3512
2186 73.3512
2187 73.3512
2188 73.3512
2189 73.3512
2190 73.3512
2191 73.3512
2192 73.3512
2193 73.3512
2194 73.3512
2195 73.3512
2196 73.3512
2197 73.3512
2198 73.3512
2199 73.3512
2200 73.3512
2201 73.3512
2202 73.3512
2203 73.3512
2204 73.3512
2205 73.3512
2206 73.3512
2207 73.3512
2208 73.3512
2209 73.3512
2210 73.3512
2211 73.3512
2212 73.3512
2213 73.3512
2214 73.3512
2215 73.3512
2216 73.3512
2217 73.3512
2218 73.3512
2219 73.3512
2220 73.3512
2221 73.3512
2222 73.3512
2223 73.3512
2224 73.3512
2225 73.3512
2226 73.3512
2227 73.3512
2228 73.3512
2229 73.3512
2230 73.3512
2231 73.3512
2232 73.3512
2233 73.3512
2234 73.3512
2235 73.3512
2236 73.3512
2237 73.3512
2238 73.3512
2239 73.3512
2240 73.3512
2241 73.3512
2242 73.3512
2243 73.3512
2244 73.3512
2245 73.3512
2246 73.3512
2247 73.3512
2248 73.3512
2249 73.3512
2250 73.3512
2251 73.3512
2252 73.3512
2253 73.3512
2254 73.3512
2255 73.3512
2256 73.3512
2257 73.3512
2258 73.3512
2259 73.3512
2260 73.3512
2261 73.3512
2262 73.3512
2263 73.3512
2264 73.3512
2265 73.3512
2266 73.3512
2267 73.3512
2268 73.3512
2269 73.3512
2270 73.3512
2271 73.3512
2272 73.3512
2273 73.3512
2274 73.3512
2275 73.2787
2276 73.2787
2277 73.2787
2278 73.2787
2279 72.4183
2280 72.4183
2281 72.4183
2282 72.0991
2283 72.0991
2284 72.0991
2285 72.0991
2286 72.0991
2287 72.081
2288 72.081
2289 72.081
2290 72.081
2291 72.081
2292 72.081
2293 72.081
2294 72.081
2295 72.081
2296 72.081
2297 72.081
2298 72.081
2299 72.081
2300 72.081
2301 72.081
2302 72.081
2303 72.081
2304 72.081
2305 72.081
2306 72.081
2307 72.081
2308 72.081
2309 72.081
2310 72.081
2311 72.081
2312 72.081
2313 72.081
2314 72.081
2315 72.081
2316 72.081
2317 72.081
2318 72.081
2319 72.081
2320 72.081
2321 72.081
2322 72.081
2323 72.081
2324 72.081
2325 72.081
2326 72.081
2327 72.081
2328 72.081
2329 72.081
2330 72.081
2331 72.081
2332 72.081
2333 72.081
2334 72.081
2335 72.081
2336 72.081
2337 72.081
2338 72.081
2339 72.081
2340 72.081
2341 72.081
2342 72.081
2343 72.081
2344 72.081
2345 72.081
2346 72.081
2347 72.081
2348 72.081
2349 72.081
2350 72.081
2351 72.081
2352 72.081
2353 72.081
2354 72.081
2355 72.081
2356 72.081
2357 72.081
2358 72.081
2359 72.081
2360 72.081
2361 72.081
2362 72.081
2363 72.081
2364 72.081
2365 72.081
2366 72.081
2367 72.081
2368 72.081
2369 72.081
2370 72.081
2371 72.081
2372 72.081
2373 72.081
2374 72.081
2375 72.081
2376 72.081
2377 72.081
2378 72.081
2379 72.081
2380 72.081
2381 72.081
2382 72.081
2383 72.081
2384 72.081
2385 72.081
2386 72.081
2387 72.081
2388 72.081
2389 72.081
2390 72.081
2391 72.081
2392 72.081
2393 72.081
2394 72.081
2395 72.081
2396 72.081
2397 72.081
2398 72.081
2399 72.081
2400 72.081
2401 72.081
2402 72.081
2403 72.081
2404 72.081
2405 72.081
2406 72.081
2407 72.081
2408 72.081
2409 72.081
2410 72.081
2411 72.081
2412 72.081
2413 72.081
2414 72.081
2415 72.081
2416 72.081
2417 72.081
2418 72.081
2419 72.081
2420 72.081
2421 72.081
2422 72.081
2423 72.081
2424 72.081
2425 72.081
2426 72.081
2427 72.081
2428 72.081
2429 72.081
2430 72.081
2431 72.081
2432 72.081
2433 72.081
2434 72.081
2435 72.081
2436 72.081
2437 72.081
2438 72.081
2439 72.081
2440 72.081
2441 72.081
2442 72.081
2443 72.081
2444 72.081
2445 72.081
2446 72.081
2447 72.081
2448 72.081
2449 72.081
2450 72.081
2451 72.081
2452 72.081
2453 72.081
2454 72.081
2455 72.081
2456 72.081
2457 72.081
2458 72.081
2459 72.081
2460 72.081
2461 72.081
2462 72.081
2463 72.081
2464 72.081
2465 72.081
2466 72.081
2467 72.081
2468 72.081
2469 72.081
2470 72.081
2471 72.081
2472 72.081
2473 72.081
2474 72.081
2475 72.081
2476 72.081
2477 72.081
2478 72.081
2479 72.081
2480 72.081
2481 72.081
2482 72.081
2483 72.081
2484 72.081
2485 72.081
2486 72.081
2487 72.081
2488 72.081
2489 72.081
2490 72.081
2491 72.081
2492 72.081
2493 72.081
2494 72.081
2495 72.081
2496 72.081
2497 72.081
2498 72.081
2499 72.081
2500 72.081
2501 72.081
2502 72.081
2503 72.081
2504 72.0585
2505 72.0585
2506 72.0585
2507 72.0585
2508 72.0585
2509 72.0585
2510 72.0585
2511 72.0585
2512 72.0585
2513 72.0585
2514 72.0585
2515 72.0585
2516 72.0585
2517 72.0585
2518 72.0585
2519 72.0585
2520 72.0585
2521 72.0585
2522 72.0585
2523 72.0585
2524 72.0585
2525 72.0585
2526 72.0585
2527 72.0585
2528 72.0585
2529 72.0585
2530 72.0585
2531 72.0585
2532 72.0585
2533 72.0585
2534 72.0585
2535 72.0585
2536 72.0585
2537 72.0585
2538 72.0585
2539 72.0585
2540 72.0585
2541 72.0585
2542 72.0585
2543 72.0585
2544 72.0585
2545 72.0585
2546 72.0585
2547 72.0585
2548 72.0585
2549 72.0585
2550 72.0585
2551 72.0585
2552 72.0585
2553 72.0585
2554 72.0585
2555 72.0585
2556 72.0585
2557 72.0585
2558 72.0585
2559 72.0585
2560 72.0585
2561 72.0585
2562 72.0585
2563 72.0585
2564 72.0585
2565 72.0585
2566 72.0585
2567 72.0585
2568 72.0585
2569 72.0585
2570 72.0585
2571 72.0585
2572 72.0585
2573 72.0585
2574 72.0585
2575 72.0585
2576 72.0585
2577 72.0585
2578 72.0585
2579 72.0585
2580 72.0585
2581 72.0585
2582 72.0585
2583 72.0585
2584 72.0585
2585 72.0585
2586 72.0585
2587 72.0585
2588 72.0585
2589 72.0585
2590 72.0585
2591 72.0585
2592 72.0585
2593 72.0585
2594 72.0585
2595 72.0585
2596 72.0585
2597 72.0585
2598 72.0585
2599 72.0585
2600 72.0585
2601 72.0585
2602 72.0585
2603 72.0585
2604 72.0585
2605 72.0585
2606 72.0585
2607 72.0585
2608 72.0585
2609 72.0585
2610 72.0585
2611 72.0585
2612 72.0585
2613 72.0585
2614 72.0585
2615 72.0585
2616 72.0585
2617 72.0585
2618 72.0585
2619 72.0585
2620 72.0585
2621 72.0585
2622 72.0585
2623 72.0585
2624 72.0585
2625 72.0585
2626 72.0585
2627 72.0585
2628 72.0585
2629 72.0585
2630 72.0585
2631 72.0585
2632 72.0585
2633 72.0585
2634 72.0585
2635 72.0585
2636 72.0585
2637 72.0585
2638 72.0585
2639 72.0585
2640 72.0585
2641 72.0585
2642 72.0585
2643 72.0585
2644 72.0585
2645 72.0585
2646 72.0585
2647 72.0585
2648 72.0585
2649 72.0585
2650 72.0585
2651 72.0585
2652 72.0585
2653 72.0585
2654 72.0585
2655 72.0585
2656 72.0585
2657 72.0585
2658 72.0585
2659 72.0585
2660 72.0585
2661 72.0585
2662 72.0585
2663 72.0585
2664 72.0585
2665 72.0585
2666 72.0585
2667 72.0585
2668 72.0585
2669 72.0585
2670 72.0585
2671 72.0585
2672 72.0585
2673 72.0585
2674 72.0585
2675 72.0585
2676 72.0585
2677 72.0585
2678 72.0585
2679 72.0585
2680 72.0585
2681 72.0585
2682 72.0585
2683 72.0585
2684 72.0585
2685 72.0585
2686 72.0585
2687 72.0585
2688 72.0585
2689 72.0585
2690 72.0585
2691 72.0585
2692 72.0585
2693 72.0585
2694 72.0585
2695 72.0585
2696 72.0585
2697 72.0585
2698 72.0585
2699 72.0585
2700 72.0585
2701 72.0585
2702 72.0585
2703 72.0585
2704 72.0585
2705 72.0585
2706 72.0585
2707 72.0585
2708 72.0585
2709 72.0585
2710 72.0585
2711 72.0585
2712 72.0585
2713 72.0585
2714 72.0585
2715 72.0585
2716 72.0585
2717 72.0585
2718 72.0585
2719 72.0585
2720 72.0585
2721 72.0585
2722 72.0585
2723 72.0585
2724 72.0585
2725 72.0585
2726 72.0585
2727 72.0585
2728 72.0585
2729 72.0585
2730 72.0585
2731 72.0585
2732 72.0585
2733 72.0585
2734 72.0585
2735 72.0585
2736 72.0585
2737 72.0585
2738 72.0585
2739 72.0585
2740 72.0585
2741 72.0585
2742 72.0585
2743 72.0585
2744 72.0585
2745 72.0585
2746 72.0585
2747 72.0585
2748 72.0585
2749 72.0585
2750 72.0585
2751 72.0585
2752 72.0585
2753 72.0585
2754 72.0585
2755 72.0585
2756 72.0585
2757 72.0585
2758 72.0585
2759 72.0585
2760 72.0585
2761 72.0585
2762 72.0585
2763 72.0585
2764 72.0585
2765 72.0585
2766 72.0585
2767 71.742
2768 71.742
2769 71.742
2770 71.742
2771 71.742
2772 71.742
2773 71.742
2774 71.742
2775 71.742
2776 71.742
2777 71.742
2778 71.742
2779 71.742
2780 71.742
2781 71.742
2782 71.742
2783 71.742
2784 71.742
2785 71.742
2786 71.742
2787 71.742
2788 71.742
2789 71.742
2790 71.742
2791 71.742
2792 71.742
2793 71.742
2794 71.742
2795 71.742
2796 71.742
2797 71.742
2798 71.742
2799 71.742
2800 71.742
2801 71.742
2802 71.742
2803 71.742
2804 71.742
2805 71.742
2806 71.742
2807 71.742
2808 71.742
2809 71.742
2810 71.742
2811 71.742
2812 71.742
2813 71.742
2814 71.742
2815 71.742
2816 71.742
2817 71.742
2818 71.742
2819 71.742
2820 71.742
2821 71.742
2822 71.742
2823 71.742
2824 71.742
2825 71.742
2826 71.742
2827 71.742
2828 71.742
2829 71.742
2830 71.742
2831 71.742
2832 71.742
2833 71.742
2834 71.742
2835 71.742
2836 71.742
2837 71.742
2838 71.742
2839 71.742
2840 71.742
2841 71.742
2842 71.742
2843 71.742
2844 71.742
2845 71.742
2846 71.742
2847 71.742
2848 71.742
2849 71.742
2850 71.742
2851 71.742
2852 71.742
2853 71.742
2854 71.742
2855 71.742
2856 71.742
2857 71.742
2858 71.742
2859 71.742
2860 71.742
2861 71.742
2862 71.742
2863 71.742
2864 71.742
2865 71.742
2866 71.742
2867 71.742
2868 71.742
2869 71.742
2870 71.742
2871 71.742
2872 71.742
2873 71.742
2874 71.742
2875 71.742
2876 71.742
2877 71.742
2878 71.742
2879 71.742
2880 71.742
2881 71.742
2882 71.742
2883 71.742
2884 71.742
2885 71.742
2886 71.742
2887 71.742
2888 71.742
2889 71.742
2890 71.742
2891 71.742
2892 71.742
2893 71.742
2894 71.742
2895 71.742
2896 71.742
2897 71.742
2898 71.742
2899 71.742
2900 71.742
2901 71.742
2902 71.742
2903 71.742
2904 71.742
2905 71.742
2906 71.742
2907 71.742
2908 71.742
2909 71.742
2910 71.742
2911 71.2621
2912 71.2621
2913 71.2621
2914 71.2621
2915 71.2621
2916 71.2621
2917 71.2621
2918 71.2621
2919 71.2621
2920 71.2621
2921 71.2621
2922 71.2621
2923 71.2621
2924 71.2621
2925 71.2621
2926 71.2621
2927 71.2621
2928 71.2621
2929 71.2621
2930 71.2621
2931 71.2621
2932 71.2621
2933 71.2621
2934 71.2621
2935 71.2621
2936 71.2621
2937 71.2621
2938 71.2621
2939 71.2621
2940 71.2621
2941 71.2621
2942 71.2621
2943 71.2621
2944 71.2621
2945 71.2621
2946 71.2621
2947 71.2621
2948 71.2621
2949 71.2621
2950 71.2621
2951 71.2621
2952 71.2621
2953 71.2621
2954 71.2621
2955 71.2621
2956 71.2621
2957 71.2621
2958 71.2621
2959 71.2621
2960 71.2621
2961 71.2621
2962 71.2621
2963 71.2621
2964 71.2621
2965 71.2621
2966 71.2621
2967 71.2621
2968 71.2621
2969 71.2621
2970 71.2621
2971 71.2621
2972 71.2621
2973 71.2621
2974 71.2621
2975 71.2621
2976 71.2621
2977 71.2621
2978 71.2621
2979 71.2621
2980 71.2621
2981 71.2621
2982 71.2621
2983 71.2621
2984 71.2621
2985 71.2621
2986 71.2621
2987 71.2621
2988 71.0856
2989 70.9959
2990 70.9959
2991 70.9959
2992 70.9959
2993 70.9959
2994 70.9959
2995 70.9959
2996 70.9959
2997 70.9959
2998 70.9959
2999 70.9959
3000 70.9959
3001 70.9959
3002 70.9959
3003 70.9959
3004 70.9959
3005 70.9959
3006 70.9959
3007 70.9959
3008 70.9959
3009 70.9959
3010 70.9959
3011 70.9959
3012 70.9959
3013 70.9959
3014 70.9959
3015 70.9959
3016 70.9959
3017 70.9959
3018 70.9959
3019 70.9959
3020 70.9959
3021 70.9959
3022 70.9959
3023 70.3463
3024 70.3463
3025 70.3463
3026 70.3463
3027 70.3463
3028 70.3463
3029 70.3463
3030 70.3463
3031 70.3463
3032 70.3463
3033 70.3463
3034 70.3463
3035 70.3463
3036 70.3463
3037 70.3463
3038 70.3463
3039 70.3463
3040 70.3463
3041 70.3463
3042 70.3463
3043 70.3463
3044 70.3463
3045 70.3463
3046 70.3463
3047 70.3463
3048 70.3463
3049 70.3463
3050 70.3463
3051 70.3463
3052 70.3463
3053 70.3463
3054 70.3463
3055 70.3463
3056 70.3463
3057 70.3463
3058 70.3463
3059 70.3463
3060 70.3463
3061 70.3463
3062 70.3463
3063 70.3463
3064 70.3463
3065 70.3463
3066 70.3463
3067 70.3463
3068 70.3463
3069 70.3463
3070 70.3463
3071 70.3463
3072 70.3463
3073 70.3463
3074 70.3463
3075 70.3463
3076 70.3463
3077 70.3463
3078 70.3463
3079 70.3463
3080 70.3463
3081 70.3463
3082 70.3463
3083 70.3463
3084 70.3463
3085 70.3463
3086 70.3463
3087 70.3463
3088 70.3463
3089 70.3463
3090 70.3463
3091 70.3463
3092 70.2174
3093 70.2174
3094 70.2174
3095 70.2174
3096 70.1816
3097 70.1816
3098 70.1816
3099 70.1816
3100 70.1816
3101 70.1816
3102 70.1816
3103 70.1816
3104 70.1816
3105 70.1816
3106 70.1816
3107 70.1816
3108 70.1816
3109 70.1816
3110 70.1816
3111 70.1816
3112 70.1816
3113 70.1816
3114 70.1816
3115 70.1816
3116 70.1816
3117 70.1816
3118 70.1816
3119 70.1816
3120 70.1816
3121 70.1816
3122 70.1816
3123 70.1816
3124 70.1816
3125 70.1816
3126 70.1816
3127 70.1816
3128 70.1816
3129 70.1816
3130 70.1816
3131 70.1816
3132 70.1816
3133 70.1816
3134 70.1816
3135 70.1816
3136 70.1816
3137 70.1816
3138 70.1816
3139 70.1816
3140 70.1816
3141 70.1816
3142 70.1816
3143 70.1816
3144 70.1816
3145 70.1816
3146 70.1816
3147 70.1816
3148 70.1816
3149 70.1816
3150 70.1816
3151 70.1816
3152 70.1816
3153 70.1816
3154 70.1816
3155 70.1816
3156 70.1816
3157 70.1816
3158 70.1816
3159 70.1816
3160 70.1816
3161 70.1816
3162 70.1816
3163 70.1816
3164 70.1816
3165 70.1816
3166 70.1816
3167 70.1816
3168 70.1816
3169 70.1816
3170 70.1816
3171 70.1816
3172 70.1816
3173 70.1816
3174 70.1816
3175 70.1816
3176 70.1816
3177 70.1816
3178 70.1816
3179 70.1816
3180 70.1816
3181 70.1816
3182 70.1816
3183 70.1816
3184 70.1816
3185 70.1816
3186 70.1816
3187 70.1816
3188 70.1816
3189 70.1816
3190 70.1816
3191 70.1816
3192 70.1816
3193 70.1816
3194 70.1816
3195 70.1816
3196 70.1816
3197 70.1816
3198 70.1816
3199 70.1816
3200 70.1816
3201 70.1816
3202 70.1816
3203 70.1816
3204 70.1816
3205 70.1816
3206 70.1816
3207 70.1816
3208 70.1816
3209 70.1816
3210 70.1816
3211 70.1816
3212 70.1816
3213 70.1816
3214 70.1816
3215 70.1816
3216 70.1816
3217 70.1816
3218 70.1816
3219 70.1816
3220 70.1816
3221 70.1816
3222 70.1816
3223 70.1816
3224 70.1816
3225 70.1816
3226 70.1816
3227 70.1816
3228 70.1816
3229 70.1816
3230 70.1816
3231 70.1474
3232 70.1474
3233 70.1474
3234 70.1474
3235 70.1474
3236 70.1474
3237 70.1474
3238 70.1474
3239 70.1474
3240 70.1474
3241 70.1474
3242 70.1474
3243 70.1474
3244 70.1474
3245 70.1474
3246 70.1474
3247 70.1474
3248 70.1474
3249 70.1474
3250 70.1474
3251 70.1474
3252 70.1474
3253 70.1474
3254 70.1474
3255 70.1474
3256 69.8056
3257 69.8056
3258 69.8056
3259 69.8056
3260 69.8056
3261 69.8056
3262 69.8056
3263 69.8056
3264 69.8056
3265 69.8056
3266 69.8056
3267 69.8056
3268 69.8056
3269 69.8056
3270 69.8056
3271 69.8056
3272 69.8056
3273 69.8056
3274 69.8056
3275 69.8056
3276 69.8056
3277 69.8056
3278 69.8056
3279 69.8056
3280 69.8056
3281 69.8056
3282 69.8056
3283 69.8056
3284 69.8056
3285 69.8056
3286 69.8056
3287 69.8056
3288 69.8056
3289 69.8056
3290 69.8056
3291 69.8056
3292 69.8056
3293 69.8056
3294 69.8056
3295 69.8056
3296 69.8056
3297 69.8056
3298 69.8056
3299 69.8056
3300 69.8056
3301 69.8056
3302 69.8056
3303 69.8056
3304 69.8056
3305 69.8056
3306 69.8056
3307 69.8056
3308 69.8056
3309 69.8056
3310 69.8056
3311 69.8056
3312 69.8056
3313 69.8056
3314 69.8056
3315 69.8056
3316 69.8056
3317 69.8056
3318 69.8056
3319 69.8056
3320 69.8056
3321 69.8056
3322 69.8056
3323 69.8056
3324 69.8056
3325 69.8056
3326 69.8056
3327 69.8056
3328 69.8056
3329 69.8056
3330 69.8056
3331 69.8056
3332 69.8056
3333 69.8056
3334 69.8056
3335 69.8056
3336 69.8056
3337 69.8056
3338 69.8056
3339 69.8056
3340 69.8056
3341 69.8056
3342 69.8056
3343 69.8056
3344 69.8056
3345 69.8056
3346 69.8056
3347 69.8056
3348 69.8056
3349 69.8056
3350 69.8056
3351 69.8056
3352 69.8056
3353 69.8056
3354 69.8056
3355 69.8056
3356 69.8056
3357 69.8056
3358 69.8056
3359 69.8056
3360 69.8056
3361 69.8056
3362 69.8056
3363 69.8056
3364 69.8056
3365 69.8056
3366 69.8056
3367 69.8056
3368 69.8056
3369 69.8056
3370 69.8056
3371 69.8056
3372 69.8056
3373 69.8056
3374 69.8056
3375 69.8056
3376 69.8056
3377 69.8056
3378 69.8056
3379 69.8056
3380 69.8056
3381 69.8056
3382 69.8056
3383 69.8056
3384 69.8056
3385 69.8056
3386 69.8056
3387 69.8056
3388 69.8056
3389 69.8056
3390 69.8056
3391 69.8056
3392 69.8056
3393 69.8056
3394 69.8056
3395 69.8056
3396 69.8056
3397 69.8056
3398 69.8056
3399 69.8056
3400 69.8056
3401 69.8056
3402 69.8056
3403 69.8056
3404 69.8056
3405 69.8056
3406 69.8056
3407 69.8056
3408 69.8056
3409 69.8056
3410 69.8056
3411 69.8056
3412 69.8056
3413 69.8056
3414 69.8056
3415 69.8056
3416 69.8056
3417 69.8056
3418 69.8056
3419 69.8056
3420 69.8056
3421 69.8056
3422 69.8056
3423 69.8056
3424 69.8056
3425 69.8056
3426 69.8056
3427 69.8056
3428 69.8056
3429 69.8056
3430 69.8056
3431 69.8056
3432 69.8056
3433 69.8056
3434 69.8056
3435 69.8056
3436 69.8056
3437 69.8056
3438 69.8056
3439 69.8056
3440 69.8056
3441 69.8056
3442 69.8056
3443 69.8056
3444 69.8056
3445 69.8056
3446 69.8056
3447 69.8056
3448 69.8056
3449 69.8056
3450 69.8056
3451 69.8056
3452 69.8056
3453 69.8056
3454 69.8056
3455 69.8056
3456 69.8056
3457 69.8056
3458 69.8056
3459 69.8056
3460 69.8056
3461 69.8056
3462 69.8056
3463 69.8056
3464 69.8056
3465 69.8056
3466 69.8056
3467 69.8056
3468 69.8056
3469 69.8056
3470 69.8056
3471 69.8056
3472 69.8056
3473 69.8056
3474 69.8056
3475 69.8056
3476 69.8056
3477 69.8056
3478 69.8056
3479 69.8056
3480 69.8056
3481 69.8056
3482 69.8056
3483 69.8056
3484 69.8056
3485 69.8056
3486 69.8056
3487 69.8056
3488 69.8056
3489 69.8056
3490 69.8056
3491 69.8056
3492 69.8056
3493 69.8056
3494 69.8056
3495 69.8056
3496 69.8056
3497 69.8056
3498 69.8056
3499 69.8056
3500 69.8056
3501 69.8056
3502 69.8056
3503 69.8056
3504 69.8056
3505 69.8056
3506 69.8056
3507 69.8056
3508 69.8056
3509 69.8056
3510 69.8056
3511 69.8056
3512 69.8056
3513 69.8056
3514 69.8056
3515 69.8056
3516 69.8056
3517 69.8056
3518 69.8056
3519 69.8056
3520 69.8056
3521 69.8056
3522 69.8056
3523 69.8056
3524 69.8056
3525 69.8056
3526 69.8056
3527 69.8056
3528 69.8056
3529 69.8056
3530 69.8056
3531 69.8056
3532 69.8056
3533 69.8056
3534 69.8056
3535 69.8056
3536 69.8056
3537 69.8056
3538 69.8056
3539 69.8056
3540 69.8056
3541 69.8056
3542 69.8056
3543 69.8056
3544 69.8056
3545 69.8056
3546 69.8056
3547 69.8056
3548 69.8056
3549 69.8056
3550 69.8056
3551 69.8056
3552 69.8056
3553 69.8056
3554 69.8056
3555 69.8056
3556 69.8056
3557 69.8056
3558 69.8056
3559 69.8056
3560 69.8056
3561 69.8056
3562 69.8056
3563 69.8056
3564 69.8056
3565 69.8056
3566 69.8056
3567 69.8056
3568 69.8056
3569 69.8056
3570 69.8056
3571 69.8056
3572 69.8056
3573 69.8056
3574 69.8056
3575 69.8056
3576 69.8056
3577 69.8056
3578 69.8056
3579 69.8056
3580 69.8056
3581 69.8056
3582 69.8056
3583 69.8056
3584 69.8056
3585 69.8056
3586 69.8056
3587 69.8056
3588 69.8056
3589 69.8056
3590 69.8056
3591 69.8056
3592 69.8056
3593 69.8056
3594 69.8056
3595 69.8056
3596 69.8056
3597 69.8056
3598 69.8056
3599 69.8056
3600 69.8056
3601 69.8056
3602 69.8056
3603 69.8056
3604 69.8056
3605 69.8056
3606 69.8056
3607 69.8056
3608 69.8056
3609 69.8056
3610 69.8056
3611 69.8056
3612 69.8056
3613 69.8056
3614 69.8056
3615 69.8056
3616 69.8056
3617 69.8056
3618 69.8056
3619 69.8056
3620 69.8056
3621 69.8056
3622 69.8056
3623 69.8056
3624 69.8056
3625 69.8056
3626 69.8056
3627 69.8056
3628 69.8056
3629 69.8056
3630 69.8056
3631 69.8056
3632 69.8056
3633 69.8056
3634 69.8056
3635 69.8056
3636 69.8056
3637 69.8056
3638 69.8056
3639 69.8056
3640 69.8056
3641 69.8056
3642 69.8056
3643 69.8056
3644 69.8056
3645 69.8056
3646 69.8056
3647 69.8056
3648 69.8056
3649 69.8056
3650 69.8056
3651 69.8056
3652 69.8056
3653 69.8056
3654 69.8056
3655 69.8056
3656 69.8056
3657 69.8056
3658 69.8056
3659 69.8056
3660 69.8056
3661 69.8056
3662 69.8056
3663 69.8056
3664 69.8056
3665 69.8056
3666 69.8056
3667 69.8056
3668 69.8056
3669 69.8056
3670 69.8056
3671 69.8056
3672 69.8056
3673 69.8056
3674 69.8056
3675 69.8056
3676 69.8056
3677 69.8056
3678 69.8056
3679 69.8056
3680 69.8056
3681 69.8056
3682 69.8056
3683 69.8056
3684 69.8056
3685 69.8056
3686 69.8056
3687 69.8056
3688 69.8056
3689 69.8056
3690 69.8056
3691 69.8056
3692 69.8056
3693 69.8056
3694 69.8056
3695 69.8056
3696 69.8056
3697 69.8056
3698 69.8056
3699 69.8056
3700 69.8056
3701 69.8056
3702 69.8056
3703 69.8056
3704 69.8056
3705 69.8056
3706 69.8056
3707 69.8056
3708 69.8056
3709 69.8056
3710 69.8056
3711 69.8056
3712 69.8056
3713 69.8056
3714 69.8056
3715 69.8056
3716 69.8056
3717 69.8056
3718 69.8056
3719 69.8056
3720 69.8056
3721 69.8056
3722 69.8056
3723 69.8056
3724 69.8056
3725 69.8056
3726 69.8056
3727 69.8056
3728 69.8056
3729 69.8056
3730 69.8056
3731 69.8056
3732 69.8056
3733 69.8056
3734 69.8056
3735 69.8056
3736 69.8056
3737 69.8056
3738 69.8056
3739 69.8056
3740 69.8056
3741 69.8056
3742 69.8056
3743 69.8056
3744 69.8056
3745 69.8056
3746 69.8056
3747 69.8056
3748 69.8056
3749 69.8056
3750 69.8056
3751 69.8056
3752 69.8056
3753 69.8056
3754 69.8056
3755 69.8056
3756 69.8056
3757 69.8056
3758 69.8056
3759 69.8056
3760 69.8056
3761 69.8056
3762 69.8056
3763 69.8056
3764 69.8056
3765 69.8056
3766 68.996
3767 68.996
3768 68.996
3769 68.996
3770 68.996
3771 68.996
3772 68.996
3773 68.996
3774 68.8493
3775 68.8493
3776 68.8493
3777 68.8493
3778 68.8493
3779 68.8493
3780 68.8493
3781 68.8493
3782 68.8493
3783 68.8493
3784 68.8493
3785 68.8493
3786 68.8493
3787 68.8493
3788 68.8493
3789 68.8493
3790 68.8493
3791 68.8493
3792 68.8493
3793 68.8493
3794 68.8493
3795 68.8493
3796 68.8493
3797 68.8493
3798 68.8493
3799 68.8493
3800 68.8493
3801 68.8493
3802 68.8493
3803 68.8493
3804 68.8493
3805 68.8493
3806 68.8493
3807 68.8493
3808 68.8493
3809 68.8493
3810 68.8493
3811 68.8493
3812 68.8493
3813 68.8493
3814 68.8493
3815 68.8493
3816 68.8493
3817 68.8493
3818 68.8493
3819 68.8493
3820 68.8493
3821 68.8493
3822 68.8493
3823 68.8493
3824 68.8493
3825 68.8493
3826 68.8493
3827 68.8493
3828 68.8493
3829 68.8493
3830 68.8493
3831 68.8493
3832 68.8493
3833 68.8493
3834 68.8493
3835 68.8493
3836 68.8493
3837 68.8493
3838 68.8493
3839 68.8493
3840 68.8493
3841 68.8493
3842 68.8493
3843 68.8493
3844 68.8493
3845 68.8493
3846 68.8493
3847 68.8493
3848 68.8493
3849 68.8493
3850 68.8493
3851 68.8493
3852 68.8493
3853 68.8493
3854 68.8493
3855 68.8493
3856 68.8493
3857 68.8493
3858 68.8493
3859 68.8493
3860 68.8493
3861 68.8493
3862 68.8493
3863 68.8493
3864 68.8493
3865 68.8493
3866 68.8493
3867 68.8493
3868 68.8493
3869 68.8493
3870 68.8493
3871 68.8493
3872 68.8493
3873 68.8493
3874 68.8493
3875 68.8493
3876 68.8493
3877 68.8493
3878 68.8493
3879 68.8493
3880 68.8493
3881 68.8493
3882 68.8493
3883 68.8493
3884 68.8493
3885 68.8493
3886 68.8493
3887 68.8493
3888 68.8493
3889 68.8493
3890 68.8493
3891 68.8493
3892 68.8493
3893 68.8493
3894 68.8493
3895 68.8493
3896 68.8493
3897 68.8493
3898 68.8493
3899 68.8493
3900 68.8493
3901 68.8493
3902 68.8493
3903 68.8493
3904 68.8493
3905 68.8493
3906 68.8493
3907 68.8493
3908 68.8493
3909 68.8493
3910 68.8493
3911 68.8493
3912 68.8493
3913 68.8493
3914 68.8493
3915 68.8493
3916 68.8493
3917 68.8493
3918 68.8493
3919 68.8493
3920 68.8493
3921 68.8493
3922 68.8493
3923 68.8493
3924 68.8493
3925 68.8493
3926 68.8493
3927 68.8493
3928 68.8493
3929 68.8493
3930 68.8493
3931 68.8493
3932 68.8493
3933 68.8493
3934 68.8493
3935 68.8493
3936 68.8493
3937 68.8493
3938 68.8493
3939 68.8493
3940 68.8493
3941 68.8493
3942 68.8493
3943 68.8493
3944 68.8493
3945 68.8493
3946 68.8493
3947 68.8493
3948 68.8493
3949 68.8493
3950 68.8493
3951 68.8493
3952 68.8493
3953 68.8493
3954 68.8493
3955 68.8493
3956 68.8493
3957 68.8493
3958 68.8493
3959 68.8493
3960 68.8493
3961 68.8493
3962 68.8493
3963 68.8493
3964 68.8493
3965 68.8493
3966 68.8493
3967 68.8493
3968 68.8493
3969 68.8493
3970 68.8493
3971 68.8493
3972 68.8493
3973 68.8493
3974 68.8493
3975 68.8493
3976 68.8493
3977 68.8493
3978 68.8493
3979 68.8493
3980 68.8493
3981 68.8493
3982 68.8493
3983 68.8493
3984 68.8493
3985 68.8493
3986 68.8493
3987 68.8493
3988 68.8493
3989 68.8493
3990 68.8493
3991 68.8493
3992 68.8493
3993 68.8493
3994 68.8493
3995 68.8493
3996 68.8493
3997 68.8493
3998 68.8493
3999 68.8493
4000 68.8493
4001 68.8493
4002 68.8493
4003 68.8493
4004 68.8493
4005 68.8493
4006 68.8493
4007 68.8493
4008 68.8493
4009 68.8493
4010 68.8493
4011 68.8493
4012 68.8493
4013 68.8493
4014 68.8493
4015 68.8493
4016 68.8493
4017 68.8493
4018 68.8493
4019 68.8493
4020 68.8493
4021 68.8493
4022 68.8493
4023 68.8493
4024 68.8493
4025 68.8493
4026 68.8493
4027 68.8493
4028 68.8493
4029 68.8493
4030 68.8493
4031 68.8493
4032 68.8493
4033 68.8493
4034 68.8493
4035 68.8493
4036 68.8493
4037 68.8493
4038 68.8493
4039 68.8493
4040 68.8493
4041 68.8493
4042 68.8493
4043 68.8493
4044 68.8493
4045 68.8493
4046 68.8493
4047 68.8493
4048 68.8493
4049 68.8493
4050 68.8493
4051 68.8493
4052 68.8493
4053 68.8493
4054 68.8493
4055 68.8493
4056 68.8493
4057 68.8493
4058 68.8493
4059 68.8493
4060 68.8493
4061 68.8493
4062 68.8493
4063 68.8493
4064 68.8493
4065 68.8493
4066 68.8493
4067 68.8493
4068 68.8493
4069 68.8493
4070 68.8493
4071 68.8493
4072 68.8493
4073 68.8493
4074 68.8493
4075 68.8493
4076 68.8493
4077 68.8493
4078 68.8493
4079 68.8493
4080 68.8493
4081 68.8493
4082 68.8493
4083 68.8493
4084 68.8493
4085 68.8493
4086 68.8493
4087 68.8493
4088 68.8493
4089 68.8493
4090 68.8493
4091 68.8493
4092 68.8493
4093 68.8493
4094 68.8493
4095 68.8493
4096 68.8493
4097 68.8493
4098 68.8493
4099 68.8493
4100 68.8493
4101 68.8493
4102 68.8493
4103 68.8493
4104 68.8493
4105 68.8493
4106 68.8493
4107 68.8493
4108 68.8493
4109 68.8493
4110 68.8493
4111 68.8493
4112 68.8493
4113 68.8493
4114 68.8493
4115 68.8493
4116 68.8493
4117 68.8493
4118 68.8493
4119 68.8493
4120 68.8493
4121 68.8493
4122 68.8493
4123 68.8493
4124 68.8493
4125 68.8493
4126 68.8493
4127 68.8493
4128 68.8493
4129 68.8493
4130 68.8493
4131 68.8493
4132 68.8493
4133 68.8493
4134 68.8493
4135 68.8493
4136 68.8493
4137 68.8493
4138 68.8493
4139 68.8493
4140 68.8493
4141 68.8493
4142 68.8493
4143 68.8493
4144 68.8493
4145 68.8493
4146 68.8493
4147 68.8493
4148 68.8493
4149 68.8493
4150 68.8493
4151 68.8493
4152 68.8493
4153 68.8493
4154 68.8493
4155 68.8493
4156 68.8493
4157 68.8493
4158 68.8493
4159 68.8493
4160 68.8493
4161 68.8493
4162 68.8493
4163 68.8493
4164 68.8493
4165 68.8493
4166 68.8493
4167 68.8493
4168 68.8493
4169 68.8493
4170 68.8493
4171 68.8493
4172 68.8493
4173 68.8493
4174 68.8493
4175 68.8493
4176 68.8493
4177 68.8493
4178 68.8493
4179 68.8493
4180 68.8493
4181 68.8493
4182 68.8493
4183 68.8493
4184 68.8493
4185 68.8493
4186 68.8493
4187 68.8493
4188 68.8493
4189 68.8493
4190 68.8493
4191 68.8493
4192 68.8493
4193 68.8493
4194 68.8493
4195 68.8493
4196 68.8493
4197 68.8493
4198 68.8493
4199 68.8493
4200 68.8493
4201 68.8493
4202 68.8493
4203 68.8493
4204 68.8493
4205 68.8493
4206 68.8493
4207 68.8493
4208 68.8493
4209 68.8493
4210 68.8493
4211 68.8493
4212 68.8493
4213 68.8493
4214 68.8493
4215 68.8493
4216 68.8493
4217 68.8493
4218 68.8493
4219 68.8493
4220 68.8493
4221 68.8493
4222 68.8493
4223 68.8493
4224 68.8493
4225 68.8493
4226 68.8493
4227 68.8493
4228 68.8493
4229 68.8493
4230 68.8493
4231 68.8493
4232 68.8493
4233 68.8493
4234 68.8493
4235 68.8493
4236 68.8493
4237 68.8493
4238 68.8493
4239 68.8493
4240 68.8493
4241 68.8493
4242 68.8493
4243 68.8493
4244 68.8493
4245 68.8493
4246 68.8493
4247 68.8493
4248 68.8493
4249 68.8493
4250 68.8493
4251 68.8493
4252 68.8493
4253 68.8493
4254 68.8493
4255 68.8493
4256 68.8493
4257 68.8493
4258 68.8493
4259 68.8493
4260 68.8493
4261 68.8493
4262 68.8493
4263 68.8493
4264 68.8493
4265 68.8493
4266 68.8493
4267 68.8493
4268 68.8493
4269 68.8493
4270 68.8493
4271 68.8493
4272 68.8493
4273 68.8493
4274 68.8493
4275 68.8493
4276 68.8493
4277 68.8493
4278 68.8493
4279 68.8493
4280 68.8493
4281 68.8493
4282 68.8493
4283 68.8493
4284 68.8493
4285 68.8493
4286 68.8493
4287 68.8493
4288 68.8493
4289 68.8493
4290 68.8493
4291 68.8493
4292 68.8493
4293 68.8493
4294 68.8493
4295 68.8493
4296 68.8493
4297 68.8493
4298 68.8493
4299 68.8493
4300 68.8493
4301 68.8493
4302 68.8493
4303 68.8493
4304 68.8493
4305 68.8493
4306 68.8493
4307 68.8493
4308 68.8493
4309 68.8493
4310 68.8493
4311 68.8493
4312 68.8493
4313 68.8493
4314 68.8493
4315 68.8493
4316 68.8493
4317 68.8493
4318 68.8493
4319 68.8493
4320 68.8493
4321 68.8493
4322 68.8493
4323 68.8493
4324 68.8493
4325 68.8493
4326 68.8493
4327 68.8493
4328 68.8493
4329 68.8493
4330 68.8493
4331 68.8493
4332 68.8493
4333 68.8493
4334 68.8493
4335 68.8493
4336 68.8493
4337 68.8493
4338 68.8493
4339 68.8493
4340 68.8493
4341 68.8493
4342 68.8493
4343 68.8493
4344 68.8493
4345 68.8493
4346 68.8493
4347 68.8493
4348 68.8493
4349 68.8493
4350 68.8493
4351 68.8493
4352 68.8493
4353 68.8493
4354 68.8493
4355 68.8493
4356 68.8493
4357 68.8493
4358 68.8493
4359 68.8493
4360 68.8493
4361 68.8493
4362 68.8493
4363 68.8493
4364 68.8493
4365 68.8493
4366 68.8493
4367 68.8493
4368 68.8493
4369 68.8493
4370 68.8493
4371 68.8493
4372 68.8493
4373 68.8493
4374 68.8493
4375 68.8493
4376 68.8493
4377 68.8493
4378 68.8493
4379 68.8493
4380 68.8493
4381 68.8493
4382 68.8493
4383 68.8493
4384 68.8493
4385 68.8493
4386 68.8493
4387 68.8493
4388 68.8493
4389 68.8493
4390 68.8493
4391 68.8493
4392 68.8493
4393 68.8493
4394 68.8493
4395 68.8493
4396 68.8493
4397 68.8493
4398 68.8493
4399 68.8493
4400 68.8493
4401 68.8493
4402 68.8493
4403 68.8493
4404 68.8493
4405 68.8493
4406 68.8493
4407 68.8493
4408 68.8493
4409 68.8493
4410 68.8493
4411 68.8493
4412 68.8493
4413 68.8493
4414 68.8493
4415 68.8493
4416 68.8493
4417 68.8493
4418 68.8493
4419 68.8493
4420 68.8493
4421 68.8493
4422 68.8493
4423 68.8493
4424 68.8493
4425 68.8493
4426 68.8493
4427 68.8493
4428 68.8493
4429 68.8493
4430 68.8493
4431 68.8493
4432 68.8493
4433 68.8493
4434 68.8493
4435 68.8493
4436 68.8493
4437 68.8493
4438 68.8493
4439 68.8493
4440 68.8493
4441 68.8493
4442 68.8493
4443 68.8493
4444 68.8493
4445 68.8493
4446 68.8493
4447 68.8493
4448 68.8493
4449 68.8493
4450 68.8493
4451 68.8493
4452 68.8493
4453 68.8493
4454 68.8493
4455 68.8493
4456 68.8493
4457 68.8493
4458 68.8493
4459 68.8493
4460 68.8493
4461 68.8493
4462 68.8493
4463 68.8493
4464 68.8493
4465 68.8493
4466 68.8493
4467 68.8493
4468 68.8493
4469 68.8493
4470 68.8493
4471 68.8493
4472 68.8493
4473 68.8493
4474 68.8493
4475 68.8493
4476 68.8493
4477 68.8493
4478 68.8493
4479 68.8493
4480 68.8493
4481 68.8493
4482 68.8493
4483 68.8493
4484 68.8493
4485 68.8493
4486 68.8493
4487 68.8493
4488 68.8493
4489 68.8493
4490 68.8493
4491 68.8493
4492 68.8493
4493 68.8493
4494 68.8493
4495 68.8493
4496 68.8493
4497 68.8493
4498 68.8493
4499 68.8493
4500 68.8493
4501 68.8493
4502 68.8493
4503 68.8493
4504 68.8493
4505 68.8493
4506 68.8493
4507 68.8493
4508 68.8493
4509 68.8493
4510 68.8493
4511 68.8493
4512 68.8493
4513 68.8493
4514 68.8493
4515 68.8493
4516 68.8493
4517 68.8493
4518 68.8493
4519 68.8493
4520 68.8493
4521 68.8493
4522 68.8493
4523 68.8493
4524 68.8493
4525 68.8493
4526 68.8493
4527 68.8493
4528 68.8493
4529 68.8493
4530 68.8493
4531 68.8493
4532 68.8493
4533 68.8493
4534 68.8493
4535 68.8493
4536 68.8493
4537 68.8493
4538 68.8493
4539 68.8493
4540 68.8493
4541 68.8493
4542 68.8493
4543 68.8493
4544 68.8493
4545 68.8493
4546 68.8493
4547 68.8493
4548 68.8493
4549 68.8493
4550 68.8493
4551 68.8493
4552 68.8493
4553 68.8493
4554 68.8493
4555 68.8493
4556 68.8493
4557 68.8493
4558 68.8493
4559 68.8493
4560 68.8493
4561 68.8493
4562 68.8493
4563 68.8493
4564 68.8493
4565 68.8493
4566 68.8493
4567 68.8493
4568 68.8493
4569 68.8493
4570 68.8493
4571 68.8493
4572 68.8493
4573 68.8493
4574 68.8493
4575 68.8493
4576 68.8493
4577 68.8493
4578 68.8493
4579 68.8493
4580 68.8493
4581 68.8493
4582 68.8493
4583 68.8493
4584 68.8493
4585 68.8493
4586 68.8493
4587 68.8493
4588 68.8493
4589 68.8493
4590 68.8493
4591 68.8493
4592 68.8493
4593 68.8493
4594 68.8493
4595 68.8493
4596 68.8493
4597 68.8493
4598 68.8493
4599 68.8493
4600 68.8493
4601 68.8493
4602 68.8493
4603 68.8493
4604 68.8493
4605 68.8493
4606 68.8493
4607 68.8493
4608 68.8493
4609 68.8493
4610 68.8493
4611 68.8493
4612 68.8493
4613 68.8493
4614 68.8493
4615 68.8493
4616 68.8493
4617 68.8493
4618 68.8493
4619 68.8493
4620 68.8493
4621 68.8493
4622 68.8493
4623 68.8493
4624 68.8493
4625 68.8493
4626 68.8493
4627 68.8493
4628 68.8493
4629 68.8493
4630 68.8493
4631 68.8493
4632 68.8493
4633 68.8493
4634 68.8493
4635 68.8493
4636 68.8493
4637 68.8493
4638 68.8493
4639 68.8493
4640 68.8493
4641 68.8493
4642 68.8493
4643 68.8493
4644 68.8493
4645 68.8493
4646 68.8493
4647 68.8493
4648 68.8493
4649 68.8493
4650 68.8493
4651 68.8493
4652 68.8493
4653 68.8493
4654 68.8493
4655 68.8493
4656 68.8493
4657 68.8493
4658 68.8493
4659 68.8493
4660 68.8493
4661 68.8493
4662 68.8493
4663 68.8493
4664 68.8493
4665 68.8493
4666 68.8493
4667 68.8493
4668 68.8493
4669 68.8493
4670 68.8493
4671 68.8493
4672 68.8493
4673 68.8493
4674 68.8493
4675 68.8493
4676 68.8493
4677 68.8493
4678 68.8493
4679 68.8493
4680 68.8493
4681 68.8493
4682 68.1718
4683 68.1718
4684 68.1718
4685 68.1718
4686 68.1718
4687 68.1718
4688 68.1718
4689 68.1718
4690 68.1718
4691 68.1718
4692 68.1718
4693 68.1718
4694 68.1718
4695 68.1718
4696 68.1718
4697 68.1718
4698 68.1718
4699 68.1718
4700 68.1718
4701 68.1718
4702 68.1718
4703 68.1718
4704 68.1718
4705 68.1718
4706 68.1718
4707 68.1718
4708 68.1718
4709 68.1718
4710 68.1718
4711 68.1718
4712 68.1718
4713 68.1718
4714 68.1718
4715 68.1718
4716 68.1718
4717 68.1718
4718 68.1718
4719 68.1718
4720 68.1718
4721 68.1718
4722 68.1718
4723 68.1718
4724 68.1718
4725 68.1718
4726 68.1718
4727 68.1718
4728 68.1718
4729 68.1718
4730 68.1718
4731 68.1718
4732 68.1718
4733 68.1718
4734 68.1718
4735 68.1718
4736 68.1718
4737 68.1718
4738 68.1718
4739 68.1718
4740 68.1718
4741 68.1718
4742 68.1718
4743 68.1718
4744 68.1718
4745 68.1718
4746 68.1718
4747 68.1718
4748 68.1718
4749 68.1718
4750 68.1718
4751 68.1718
4752 68.1718
4753 68.1718
4754 68.1718
4755 68.1718
4756 68.1718
4757 68.1718
4758 68.1718
4759 68.1718
4760 68.1718
4761 68.1718
4762 68.1718
4763 68.1718
4764 68.1718
4765 68.1718
4766 68.1718
4767 68.1718
4768 68.1718
4769 68.1718
4770 68.1718
4771 68.1718
4772 68.1718
4773 68.1718
4774 68.1718
4775 68.1718
4776 68.1718
4777 68.1718
4778 68.1718
4779 68.1718
4780 68.1718
4781 68.1718
4782 68.1718
4783 68.1718
4784 68.1718
4785 68.1718
4786 68.1718
4787 68.1718
4788 68.1718
4789 68.1718
4790 68.1718
4791 68.1718
4792 68.1718
4793 68.1718
4794 68.1718
4795 68.1718
4796 68.1718
4797 68.1718
4798 68.1718
4799 68.1718
4800 68.1718
4801 68.1718
4802 68.1718
4803 68.1718
4804 68.1718
4805 68.1718
4806 68.1718
4807 68.1718
4808 68.1718
4809 68.1718
4810 68.1718
4811 68.1718
4812 68.1718
4813 68.1718
4814 68.1718
4815 68.1718
4816 68.1718
4817 68.1718
4818 68.1718
4819 68.1718
4820 68.1718
4821 68.1718
4822 68.1718
4823 68.1718
4824 68.1718
4825 68.1718
4826 68.1718
4827 68.1718
4828 68.1718
4829 68.1718
4830 68.1718
4831 68.1718
4832 68.1718
4833 68.1718
4834 68.1718
4835 68.1718
4836 68.1718
4837 68.1718
4838 68.1718
4839 68.1718
4840 68.1718
4841 68.1718
4842 68.1718
4843 68.1718
4844 68.1718
4845 68.1718
4846 68.1718
4847 68.1718
4848 68.1718
4849 68.1718
4850 68.1718
4851 68.1718
4852 68.1718
4853 68.1718
4854 68.1718
4855 68.1718
4856 68.1718
4857 68.1718
4858 68.1718
4859 68.1718
4860 68.1718
4861 68.1718
4862 68.1718
4863 68.1718
4864 68.1718
4865 68.1718
4866 68.1718
4867 68.1718
4868 68.1718
4869 68.1718
4870 68.1718
4871 68.1718
4872 68.1718
4873 68.1718
4874 68.1718
4875 68.1718
4876 68.1718
4877 68.1718
4878 68.1718
4879 68.1718
4880 68.1718
4881 68.1718
4882 68.1718
4883 68.1718
4884 68.1718
4885 68.1718
4886 68.1718
4887 68.1718
4888 68.1718
4889 68.1718
4890 68.1718
4891 68.1718
4892 68.1718
4893 68.1718
4894 68.1718
4895 68.1718
4896 68.1718
4897 68.1718
4898 68.1718
4899 68.1718
4900 68.1718
4901 68.1718
4902 68.1718
4903 68.1718
4904 68.1718
4905 68.1718
4906 68.1718
4907 68.1718
4908 68.1718
4909 68.1718
4910 68.1718
4911 68.1718
4912 68.1718
4913 68.1718
4914 68.1718
4915 68.1718
4916 68.1718
4917 68.1718
4918 68.1718
4919 68.1718
4920 68.1718
4921 68.1718
4922 68.1718
4923 68.1718
4924 68.1718
4925 68.1718
4926 68.1718
4927 68.1718
4928 68.1718
4929 68.1718
4930 68.1718
4931 68.1718
4932 68.1718
4933 68.1718
4934 68.1718
4935 68.1718
4936 68.1718
4937 68.1718
4938 68.1718
4939 68.1718
4940 68.1718
4941 68.1718
4942 68.1718
4943 68.1718
4944 68.1718
4945 68.1718
4946 68.1718
4947 68.1718
4948 68.1718
4949 68.1718
4950 68.1718
4951 68.1718
4952 68.1718
4953 68.1718
4954 68.1718
4955 68.1718
4956 68.1718
4957 68.1718
4958 68.1718
4959 68.1718
4960 68.1718
4961 68.1718
4962 68.1718
4963 68.1718
4964 68.1718
4965 68.1718
4966 68.1718
4967 68.1718
4968 68.1718
4969 68.1718
4970 68.1718
4971 68.1718
4972 68.1718
4973 68.1718
4974 68.1718
4975 68.1718
4976 68.1718
4977 68.1718
4978 68.1718
4979 68.1718
4980 68.1718
4981 68.1718
4982 68.1718
4983 68.1718
4984 68.1718
4985 68.1718
4986 68.1718
4987 68.1718
4988 68.1718
4989 68.1718
4990 68.1718
4991 68.1718
4992 68.1718
4993 68.1718
4994 68.1718
4995 68.1718
4996 68.1718
4997 68.1718
4998 68.1718
4999 68.1718
5000 68.1718
5001 68.1718
5002 68.1718
5003 68.1718
5004 68.1718
5005 68.1718
5006 68.1718
5007 68.1718
5008 68.1718
5009 68.1718
5010 68.1718
5011 68.1718
5012 68.1718
5013 68.1718
5014 68.1718
5015 68.1718
5016 68.1718
5017 68.1718
5018 68.1718
5019 68.1718
5020 68.1718
5021 68.1718
5022 68.1718
5023 68.1718
5024 68.1718
5025 68.1718
5026 68.1718
5027 68.1718
5028 68.1718
5029 68.1718
5030 68.1718
5031 68.1718
5032 68.1718
5033 68.1718
5034 68.1718
5035 68.1718
5036 68.1718
5037 68.1718
5038 68.1718
5039 68.1718
5040 68.1718
5041 68.1718
5042 68.1718
5043 68.1718
5044 68.1718
5045 68.1718
5046 68.1718
5047 68.1718
5048 68.1718
5049 68.1718
5050 68.1718
5051 68.1718
5052 68.1718
5053 68.1718
5054 68.1718
5055 68.1718
5056 68.1718
5057 68.1718
5058 68.1718
5059 68.1718
5060 68.1718
5061 68.1718
5062 68.1718
5063 68.1718
5064 68.1718
5065 68.1718
5066 68.1718
5067 68.1718
5068 68.1718
5069 68.1718
5070 68.1718
5071 68.1718
5072 68.1718
5073 68.1718
5074 68.1718
5075 68.1718
5076 68.1718
5077 68.1718
5078 68.1718
5079 68.1718
5080 68.1718
5081 68.1718
5082 68.1718
5083 68.1718
5084 68.1718
5085 68.1718
5086 68.1718
5087 68.1718
5088 68.1718
5089 68.1718
5090 68.1718
5091 68.1718
5092 68.1718
5093 68.1718
5094 68.1718
5095 68.1718
5096 68.1718
5097 68.1718
5098 68.1718
5099 68.1718
5100 68.1718
5101 68.1718
5102 68.1718
5103 68.1718
5104 68.1718
5105 68.1718
5106 68.1718
5107 68.1718
5108 68.1718
5109 68.1718
5110 68.1718
5111 68.1718
5112 68.1718
5113 68.1718
5114 68.1718
5115 68.1718
5116 68.1718
5117 68.1718
5118 68.1718
5119 68.1718
5120 68.1718
5121 68.1718
5122 68.1718
5123 68.1718
5124 68.1718
5125 68.1718
5126 68.1718
5127 68.1718
5128 68.1718
5129 68.1718
5130 68.1718
5131 68.1718
5132 68.1718
5133 68.1718
5134 68.1718
5135 68.1718
5136 68.1718
5137 68.1718
5138 68.1718
5139 68.1718
5140 68.1718
5141 68.1718
5142 68.1718
5143 68.1718
5144 68.1718
5145 68.1718
5146 68.1718
5147 68.1718
5148 68.1718
5149 68.1718
5150 68.1718
5151 68.1718
5152 68.1718
5153 68.1718
5154 68.1718
5155 68.1718
5156 68.1718
5157 68.1718
5158 68.1718
5159 68.1718
5160 68.1718
5161 68.1718
5162 68.1718
5163 68.1718
5164 68.1718
5165 68.1718
5166 68.1718
5167 68.1718
5168 68.1718
5169 68.1718
5170 68.1718
5171 68.1718
5172 68.1718
5173 68.1718
5174 68.1718
5175 68.1718
5176 68.1718
5177 68.1718
5178 68.1718
5179 68.1718
5180 68.1718
5181 68.1718
5182 68.1718
5183 68.1718
5184 68.1718
5185 68.1718
5186 68.1718
5187 68.1718
5188 68.1718
5189 68.1718
5190 68.1718
5191 68.1718
5192 68.1718
5193 68.1718
5194 68.1718
5195 68.1718
5196 68.1718
5197 68.1718
5198 68.1718
5199 68.1718
5200 68.1718
5201 68.1718
5202 68.1718
5203 68.1718
5204 68.1718
5205 68.1718
5206 68.1718
5207 68.1718
5208 68.1718
5209 68.1718
5210 68.1718
5211 68.1718
5212 68.1718
5213 68.1718
5214 68.1718
5215 68.1718
5216 68.1718
5217 68.1718
5218 68.1718
5219 68.1718
5220 68.1718
5221 68.1718
5222 68.1718
5223 68.1718
5224 68.1718
5225 68.1718
5226 68.1718
5227 68.1718
5228 68.1718
5229 68.1718
5230 68.1718
5231 68.1718
5232 68.1718
5233 68.1718
5234 68.1718
5235 68.1718
5236 68.1718
5237 68.1718
5238 68.1718
5239 68.1718
5240 68.1718
5241 68.1718
5242 68.1718
5243 68.1718
5244 68.1718
5245 68.1718
5246 68.1718
5247 68.1718
5248 68.1718
5249 68.1718
5250 68.1718
5251 68.1718
5252 68.1718
5253 68.1718
5254 68.1718
5255 68.1718
5256 68.1718
5257 68.1718
5258 68.1718
5259 68.1718
5260 68.1718
5261 68.1718
5262 68.1718
5263 68.1718
5264 68.1718
5265 68.1718
5266 68.1718
5267 68.1718
5268 68.1718
5269 68.1718
5270 68.1718
5271 68.1718
5272 68.1718
5273 68.1718
5274 68.1718
5275 68.1718
5276 68.1718
5277 68.1718
5278 68.1718
5279 68.1718
5280 68.1718
5281 68.1718
5282 68.1718
5283 68.1718
5284 68.1718
5285 68.1718
5286 68.1718
5287 68.1718
5288 68.1718
5289 68.1718
5290 68.1718
5291 68.1718
5292 68.1718
5293 68.1718
5294 68.1718
5295 68.1718
5296 68.1718
5297 68.1718
5298 68.1718
5299 68.1718
5300 68.1718
5301 68.1718
5302 68.1718
5303 68.1718
5304 68.1718
5305 68.1718
5306 68.1718
5307 68.1718
5308 68.1718
5309 68.1718
5310 68.1718
5311 68.1718
5312 68.1718
5313 68.1718
5314 68.1718
5315 68.1718
5316 68.1718
5317 68.1718
5318 68.1718
5319 68.1718
5320 68.1718
5321 68.1718
5322 68.1718
5323 68.1718
5324 68.1718
5325 68.1718
5326 68.1718
5327 68.1718
5328 68.1718
5329 68.1718
5330 68.1718
5331 68.1718
5332 68.1718
5333 68.1718
5334 68.1718
5335 68.1718
5336 68.1718
5337 68.1718
5338 68.1718
5339 68.1718
5340 68.1718
5341 68.1718
5342 68.1718
5343 68.1718
5344 68.1718
5345 68.1718
5346 68.1718
5347 68.1718
5348 68.1718
5349 68.1718
5350 68.1718
5351 68.1718
5352 68.1718
5353 68.1718
5354 68.1718
5355 68.1718
5356 68.1718
5357 68.1718
5358 68.1718
5359 68.1718
5360 68.1718
5361 68.1718
5362 68.1718
5363 68.1718
5364 68.1718
5365 68.1718
5366 68.1718
5367 68.1718
5368 68.1718
5369 68.1718
5370 68.1718
5371 68.1718
5372 68.1718
5373 68.1718
5374 68.1718
5375 68.1718
5376 68.1718
5377 68.1718
5378 68.1718
5379 68.1718
5380 68.1718
5381 68.1718
5382 68.1718
5383 68.1718
5384 68.1718
5385 68.1718
5386 68.1718
5387 68.1718
5388 68.1718
5389 68.1718
5390 68.1718
5391 68.1718
5392 68.1718
5393 68.1718
5394 68.1718
5395 68.1718
5396 68.1718
5397 68.1718
5398 68.1718
5399 68.1718
5400 68.1718
5401 68.1718
5402 68.1718
5403 68.1718
5404 68.1718
5405 68.1718
5406 68.1718
5407 68.1718
5408 68.1718
5409 68.1718
5410 68.1718
5411 68.1718
5412 68.1718
5413 68.1718
5414 68.1718
5415 68.1718
5416 68.1718
5417 68.1718
5418 68.1718
5419 68.1718
5420 68.1718
5421 68.1718
5422 68.1718
5423 68.1718
5424 68.1718
5425 68.1718
5426 68.1718
5427 68.1718
5428 68.1718
5429 68.1718
5430 68.1718
5431 68.1718
5432 68.1718
5433 68.1718
5434 68.1718
5435 68.1718
5436 68.1718
5437 68.1718
5438 68.1718
5439 68.1718
5440 68.1718
5441 68.1718
5442 68.1718
5443 68.1718
5444 68.1718
5445 68.1718
5446 68.1718
5447 68.1718
5448 68.1718
5449 68.1718
5450 68.1718
5451 68.1718
5452 68.1718
5453 68.1718
5454 68.1718
5455 68.1718
5456 68.1718
5457 68.1718
5458 68.1718
5459 68.1718
5460 68.1718
5461 68.1718
5462 68.1718
5463 68.1718
5464 68.1718
5465 68.1718
5466 68.1718
5467 68.1718
5468 68.1718
5469 68.1718
5470 68.1718
5471 68.1718
5472 68.1718
5473 68.1718
5474 68.1718
5475 68.1718
5476 68.1718
5477 68.1718
5478 68.1718
5479 68.1718
5480 68.1718
5481 68.1718
5482 68.1718
5483 68.1718
5484 68.1718
5485 68.1718
5486 68.1718
5487 68.1718
5488 68.1718
5489 68.1718
5490 68.1718
5491 68.1718
5492 68.1718
5493 68.1718
5494 68.1718
5495 68.1718
5496 68.1718
5497 68.1718
5498 68.1718
5499 68.1718
5500 68.1718
5501 68.1718
5502 68.1718
5503 68.1718
5504 68.1718
5505 68.1718
5506 68.1718
5507 68.1718
5508 68.1718
5509 68.1718
5510 68.1718
5511 68.1718
5512 68.1718
5513 68.1718
5514 68.1718
5515 68.1718
5516 68.1718
5517 68.1718
5518 68.1718
5519 68.1718
5520 68.1718
5521 68.1718
5522 68.1718
5523 68.1718
5524 68.1718
5525 68.1718
5526 68.1718
5527 68.1718
5528 68.1718
5529 68.1718
5530 68.1718
5531 68.1718
5532 68.1718
5533 68.1718
5534 68.1718
5535 68.1718
5536 68.1718
5537 68.1718
5538 68.1718
5539 68.1718
5540 68.1718
5541 68.1718
5542 68.1718
5543 68.1718
5544 68.1718
5545 68.1718
5546 68.1718
5547 68.1718
5548 68.1718
5549 68.1718
5550 68.1718
5551 68.1718
5552 68.1718
5553 68.1718
5554 68.1718
5555 68.1718
5556 68.1718
5557 68.1718
5558 68.1718
5559 68.1718
5560 68.1718
5561 68.1718
5562 68.1718
5563 68.1718
5564 68.1718
5565 68.1718
5566 68.1718
5567 68.1718
5568 68.1718
5569 68.1718
5570 68.1718
5571 68.1718
5572 68.1718
5573 68.1718
5574 68.1718
5575 68.1718
5576 68.1718
5577 68.1718
5578 68.1718
5579 68.1718
5580 68.1718
5581 68.1718
5582 68.1718
5583 68.1718
5584 68.1718
5585 68.1718
5586 68.1718
5587 68.1718
5588 68.1718
5589 68.1718
5590 68.1718
5591 68.1718
5592 68.1718
5593 68.1718
5594 68.1718
5595 68.1718
5596 68.1718
5597 68.1718
5598 68.1718
5599 68.1718
5600 68.1718
5601 68.1718
5602 68.1718
5603 68.1718
5604 68.1718
5605 68.1718
5606 68.1718
5607 68.1718
5608 68.1718
5609 68.1718
5610 68.1718
5611 68.1718
5612 68.1718
5613 68.1718
5614 68.1718
5615 68.1718
5616 68.1718
5617 68.1718
5618 68.1718
5619 68.1718
5620 68.1718
5621 68.1718
5622 68.1718
5623 68.1718
5624 68.1718
5625 68.1718
5626 68.1718
5627 68.1718
5628 68.1718
5629 68.1718
5630 68.1718
5631 68.1718
5632 68.1718
5633 68.1718
5634 68.1718
5635 68.1718
5636 68.1718
5637 68.1718
5638 68.1718
5639 68.1718
5640 68.1718
5641 68.1718
5642 68.1718
5643 68.1718
5644 68.1718
5645 68.1718
5646 68.1718
5647 68.1718
5648 68.1718
5649 68.1718
5650 68.1718
5651 68.1718
5652 68.1718
5653 68.1718
5654 68.1718
5655 68.1718
5656 68.1718
5657 68.1718
5658 68.1718
5659 68.1718
5660 68.1718
5661 68.1718
5662 68.1718
5663 68.1718
5664 68.1718
5665 68.1718
5666 68.1718
5667 68.1718
5668 68.1718
5669 68.1718
5670 68.1718
5671 68.1718
5672 68.1718
5673 68.1718
5674 68.1718
5675 68.1718
5676 68.1718
5677 68.1718
5678 68.1718
5679 68.1718
5680 68.1718
5681 68.1718
5682 68.1718
5683 68.1718
5684 68.1718
5685 68.1718
5686 68.1718
5687 68.1718
5688 68.1718
5689 68.1718
5690 68.1718
5691 68.1718
5692 68.1718
5693 68.1718
5694 68.1718
5695 68.1718
5696 68.1718
5697 68.1718
5698 68.1718
5699 68.1718
5700 68.1718
5701 68.1718
5702 68.1718
5703 68.1718
5704 68.1718
5705 68.1718
5706 68.1718
5707 68.1718
5708 68.1718
5709 68.1718
5710 68.1718
5711 68.1718
5712 68.1718
5713 68.1718
5714 68.1718
5715 68.1718
5716 68.1718
5717 68.1718
5718 68.1718
5719 68.1718
5720 68.1718
5721 68.1718
5722 68.1718
5723 68.1718
5724 68.1718
5725 68.1718
5726 68.1718
5727 68.1718
5728 68.1718
5729 68.1718
5730 68.1718
5731 68.1718
5732 68.1718
5733 68.1718
5734 68.1718
5735 68.1718
5736 68.1718
5737 68.1718
5738 68.1718
5739 68.1718
5740 68.1718
5741 68.1718
5742 68.1718
5743 68.1718
5744 68.1718
5745 68.1718
5746 68.1718
5747 68.1718
5748 68.1718
5749 68.1718
5750 68.1718
5751 68.1718
5752 68.1718
5753 68.1718
5754 68.1718
5755 68.1718
5756 68.1718
5757 68.1718
5758 68.1718
5759 68.1718
5760 68.1718
5761 68.1718
5762 68.1718
5763 68.1718
5764 68.1718
5765 68.1718
5766 68.1718
5767 68.1718
5768 68.1718
5769 68.1718
5770 68.1718
5771 68.1718
5772 68.1718
5773 68.1718
5774 68.1718
5775 68.1718
5776 68.1718
5777 68.1718
5778 68.1718
5779 68.1718
5780 68.1718
5781 68.1718
5782 68.1718
5783 68.1718
5784 68.1718
5785 68.1718
5786 68.1718
5787 68.1718
5788 68.1718
5789 68.1718
5790 68.1718
5791 68.1718
5792 68.1718
5793 68.1718
5794 68.1718
5795 68.1718
5796 68.1718
5797 68.1718
5798 68.1718
5799 68.1718
5800 68.1718
5801 68.1718
5802 68.1718
5803 68.1718
5804 68.1718
5805 68.1718
5806 68.1718
5807 68.1718
5808 68.1718
5809 68.1718
5810 68.1718
5811 68.1718
5812 68.1718
5813 68.1718
5814 68.1718
5815 68.1718
5816 68.1718
5817 68.1718
5818 68.1718
5819 68.1718
5820 68.1718
5821 68.1718
5822 68.1718
5823 68.1718
5824 68.1718
5825 68.1718
5826 68.1718
5827 68.1718
5828 68.1718
5829 68.1718
5830 68.1718
5831 68.1718
5832 68.1718
5833 68.1718
5834 68.1718
5835 68.1718
5836 68.1718
5837 68.1718
5838 68.1718
5839 68.1718
5840 68.1718
5841 68.1718
5842 68.1718
5843 68.1718
5844 68.1718
5845 68.1718
5846 68.1718
5847 68.1718
5848 68.1718
5849 68.1718
5850 68.1718
5851 68.1718
5852 68.1718
5853 68.1718
5854 68.1718
5855 68.1718
5856 68.1718
5857 68.1718
5858 68.1718
5859 68.1718
5860 68.1718
5861 68.1718
5862 68.1718
5863 68.1718
5864 68.1718
5865 68.1718
5866 68.1718
5867 68.1718
5868 68.1718
5869 68.1718
5870 68.1718
5871 68.1718
5872 68.1718
5873 68.1718
5874 68.1718
5875 68.1718
5876 68.1718
5877 68.1718
5878 68.1718
5879 68.1718
5880 68.1718
5881 68.1718
5882 68.1718
5883 68.1718
5884 68.1718
5885 68.1718
5886 68.1718
5887 68.1718
5888 68.1718
5889 68.1718
5890 68.1718
5891 68.1718
5892 68.1718
5893 68.1718
5894 68.1718
5895 68.1718
5896 68.1718
5897 68.1718
5898 68.1718
5899 68.1718
5900 68.1718
5901 68.1718
5902 68.1718
5903 68.1718
5904 68.1718
5905 68.1718
5906 68.1718
5907 68.1718
5908 68.1718
5909 68.1718
5910 68.1718
5911 68.1718
5912 68.1718
5913 68.1718
5914 68.1718
5915 68.1718
5916 68.1718
5917 68.1718
5918 68.1718
5919 68.1718
5920 68.1718
5921 68.1718
5922 68.1718
5923 68.1718
5924 68.1718
5925 68.1718
5926 68.1718
5927 68.1718
5928 68.1718
5929 68.1718
5930 68.1718
5931 68.1718
5932 68.1718
5933 68.1718
5934 68.1718
5935 68.1718
5936 68.1718
5937 68.1718
5938 68.1718
5939 68.1718
5940 68.1718
5941 68.1718
5942 68.1718
5943 68.1718
5944 68.1718
5945 68.1718
5946 68.1718
5947 68.1718
5948 68.1718
5949 68.1718
5950 68.1718
5951 68.1718
5952 68.1718
5953 68.1718
5954 68.1718
5955 68.1718
5956 68.1718
5957 68.1718
5958 68.1718
5959 68.1718
5960 68.1718
5961 68.1718
5962 68.1718
5963 68.1718
5964 68.1718
5965 68.1718
5966 68.1718
5967 68.1718
5968 68.1718
5969 68.1718
5970 68.1718
5971 68.1718
5972 68.1718
5973 68.1718
5974 68.1718
5975 68.1718
5976 68.1718
5977 68.1718
5978 68.1718
5979 68.1718
5980 68.1718
5981 68.1718
5982 68.1718
5983 68.1718
5984 68.1718
5985 68.1718
5986 68.1718
5987 68.1718
5988 68.1718
5989 68.1718
5990 68.1718
5991 68.1718
5992 68.1718
5993 68.1718
5994 68.1718
5995 68.1718
5996 68.1718
5997 68.1718
5998 68.1718
5999 68.1718
