0 463.887
1 438.075
2 427.689
3 423.602
4 415.298
5 408.699
6 405.972
7 399.373
8 399.197
9 398.895
10 397.486
11 394.981
12 390.17
13 388.68
14 381.083
15 378.005
16 375.991
17 370.271
18 367.81
19 362.463
20 362.463
21 358.783
22 353.5
23 353.5
24 343.883
25 343.328
26 337.752
27 336.845
28 331.248
29 331.248
30 326.907
31 326.907
32 323.719
33 316.814
34 305.187
35 305.187
36 301.229
37 296.75
38 292.79
39 292.79
40 289.804
41 288.67
42 285.294
43 283.307
44 277.196
45 271.631
46 270.21
47 270.21
48 270.21
49 268.762
50 268.217
51 267.406
52 264.474
53 262.703
54 260.833
55 260.833
56 256.708
57 254.559
58 254.559
59 253.127
60 253.127
61 250.081
62 249.553
63 245.309
64 244.069
65 243.658
66 240.564
67 237.032
68 237.032
69 235.606
70 234.254
71 233.03
72 229.122
73 229.082
74 227.712
75 226.319
76 226.319
77 225.64
78 225.554
79 220.922
80 219.992
81 215.4
82 215.4
83 215.085
84 215.045
85 214.691
86 214.152
87 213.357
88 212.734
89 211.026
90 208.822
91 206.636
92 206.636
93 205.132
94 204.614
95 204.614
96 204.614
97 203.951
98 203.951
99 203.943
100 203.886
101 203.854
102 203.742
103 202.694
104 202.084
105 202.084
106 200.729
107 199.591
108 198.235
109 198.235
110 198.235
111 198.235
112 198.235
113 197.417
114 197.417
115 197.417
116 197.189
117 195.921
118 194.774
119 193.279
120 193.279
121 192.736
122 191.226
123 189.18
124 187.67
125 187.108
126 186.888
127 184.847
128 184.847
129 184.813
130 184.813
131 183.716
132 183.716
133 183.716
134 183.577
135 183.547
136 183.408
137 180.58
138 180.58
139 180.176
140 178.342
141 177.363
142 176.909
143 176.505
144 176.459
145 176.395
146 175.067
147 174.599
148 173.78
149 173.241
150 172.422
151 170.961
152 170.217
153 170.217
154 170.217
155 169.607
156 169.211
157 169.211
158 168.958
159 168.562
160 168.407
161 168.407
162 168.035
163 165.293
164 165.293
165 164.062
166 163.693
167 163.693
168 161.789
169 161.201
170 161.201
171 161.201
172 160.895
173 159.605
174 158.711
175 158.711
176 158.711
177 158.394
178 158.394
179 158.394
180 158.147
181 158.147
182 158.147
183 158.147
184 157.116
185 156.796
186 156.796
187 156.796
188 156.796
189 156.765
190 156.765
191 156.765
192 156.765
193 156.751
194 156.751
195 156.751
196 155.292
197 154.891
198 154.891
199 154.179
200 154.042
201 153.561
202 152.362
203 151.494
204 151.494
205 151.494
206 151.494
207 150.218
208 150.218
209 150.218
210 150.07
211 150.07
212 150.07
213 149.294
214 149.294
215 148.282
216 148.282
217 148.282
218 148.282
219 147.985
220 147.985
221 147.793
222 146.436
223 146.272
224 142.579
225 141.221
226 139.93
227 139.93
228 139.93
229 137.921
230 137.921
231 137.563
232 137.563
233 137.563
234 136.741
235 136.741
236 136.741
237 135.532
238 135.532
239 135.532
240 135.532
241 135.532
242 135.532
243 134.572
244 134.572
245 134.572
246 134.572
247 134.572
248 134.572
249 134.572
250 134.572
251 134.572
252 134.572
253 134.572
254 134.572
255 132.962
256 132.872
257 132.872
258 131.933
259 131.933
260 131.843
261 131.843
262 131.843
263 131.791
264 128.213
265 128.213
266 127.372
267 127.372
268 127.372
269 127.372
270 126.598
271 126.598
272 126.598
273 126.598
274 126.598
275 126.598
276 125.974
277 125.974
278 125.974
279 125.974
280 125.974
281 125.974
282 125.974
283 125.974
284 125.311
285 125.311
286 125.311
287 125.311
288 125.311
289 124.705
290 124.705
291 124.705
292 124.355
293 124.355
294 124.355
295 124.355
296 124.355
297 124.355
298 124.355
299 124.355
300 124.355
301 124.355
302 124.262
303 124.262
304 124.262
305 124.262
306 124.262
307 124.182
308 124.182
309 124.182
310 124.182
311 124.182
312 124.182
313 124.182
314 124.182
315 124.063
316 124.063
317 124.063
318 124.063
319 124.063
320 124.063
321 124.063
322 124.063
323 124.063
324 124.063
325 124.063
326 124.063
327 124.063
328 124.063
329 124.063
330 124.063
331 124.063
332 120.757
333 120.305
334 119.561
335 119.561
336 119.561
337 119.483
338 119.483
339 119.483
340 119.483
341 119.483
342 119.483
343 119.483
344 119.483
345 119.483
346 119.483
347 119.483
348 119.483
349 119.483
350 119.483
351 119.367
352 119.119
353 119.119
354 119.003
355 116.926
356 116.81
357 116.81
358 116.81
359 116.81
360 116.81
361 116.531
362 116.531
363 116.531
364 116.531
365 116.531
366 116.531
367 116.531
368 116.531
369 116.531
370 116.531
371 116.531
372 116.498
373 116.498
374 116.453
375 116.453
376 114.419
377 114.374
378 114.344
379 113.618
380 113.618
381 113.618
382 113.497
383 113.497
384 113.497
385 113.497
386 113.497
387 113.497
388 113.497
389 113.497
390 113.497
391 113.497
392 113.497
393 113.497
394 113.497
395 113.497
396 113.497
397 113.497
398 113.497
399 113.497
400 113.497
401 113.497
402 113.497
403 113.497
404 113.497
405 113.497
406 113.497
407 113.497
408 113.497
409 113.497
410 113.497
411 113.497
412 113.497
413 113.497
414 113.497
415 113.497
416 113.305
417 113.305
418 113.305
419 113.305
420 113.305
421 112.966
422 112.966
423 112.966
424 112.966
425 112.966
426 112.966
427 112.518
428 112.518
429 112.518
430 112.518
431 112.518
432 112.518
433 112.518
434 112.518
435 112.518
436 112.518
437 112.032
438 112.032
439 112.032
440 112.032
441 112.032
442 112.032
443 112.032
444 112.032
445 112.032
446 112.032
447 112.032
448 112.032
449 112.032
450 112.032
451 112.032
452 112.032
453 112.032
454 112.032
455 112.032
456 112.032
457 112.032
458 112.032
459 112.032
460 112.032
461 112.032
462 112.032
463 112.032
464 110.741
465 110.741
466 110.534
467 110.534
468 110.534
469 110.534
470 110.534
471 110.534
472 110.534
473 110.534
474 109.985
475 109.985
476 109.985
477 109.985
478 109.985
479 109.985
480 107.65
481 107.65
482 107.65
483 107.65
484 107.65
485 106.659
486 106.659
487 106.659
488 106.659
489 106.659
490 106.659
491 106.197
492 106.197
493 106.197
494 106.189
495 106.058
496 106.058
497 105.954
498 105.954
499 105.719
500 105.615
501 105.41
502 105.41
503 105.41
504 105.41
505 105.41
506 105.41
507 105.41
508 105.41
509 105.41
510 105.41
511 105.405
512 105.405
513 105.405
514 105.405
515 105.405
516 105.405
517 105.405
518 105.405
519 105.405
520 105.405
521 105.405
522 105.405
523 104.626
524 104.626
525 104.626
526 104.626
527 104.079
528 104.079
529 104.079
530 103.914
531 103.914
532 103.807
533 103.807
534 102.617
535 102.51
536 102.51
537 102.51
538 102.51
539 102.51
540 102.51
541 102.51
542 102.51
543 102.51
544 102.36
545 102.36
546 102.36
547 102.36
548 102.36
549 102.36
550 102.36
551 102.36
552 102.36
553 102.36
554 102.36
555 102.36
556 102.36
557 101.754
558 101.754
559 101.754
560 101.754
561 101.754
562 101.754
563 101.754
564 99.7888
565 98.7689
566 98.7689
567 98.7689
568 98.7689
569 98.7689
570 98.7689
571 98.7689
572 98.7689
573 98.7689
574 98.7689
575 98.7689
576 98.7689
577 98.7689
578 98.7689
579 98.7689
580 98.7689
581 98.7689
582 98.5694
583 98.2888
584 98.2888
585 98.2888
586 98.2888
587 98.2888
588 98.1931
589 98.1931
590 98.1931
591 98.1931
592 98.1931
593 98.1931
594 98.1931
595 98.1931
596 98.1931
597 98.1931
598 98.1931
599 98.1931
600 98.1931
601 98.1931
602 98.1931
603 98.1931
604 98.1475
605 98.1475
606 97.5948
607 97.5948
608 97.5948
609 97.5948
610 97.5948
611 97.5948
612 97.5948
613 97.5948
614 97.5948
615 97.5948
616 97.5948
617 97.5948
618 97.5948
619 97.5948
620 97.5948
621 97.5948
622 97.5948
623 97.5948
624 97.5948
625 97.5948
626 97.5948
627 97.5948
628 97.5948
629 97.5948
630 97.5948
631 97.5948
632 97.5948
633 97.4906
634 97.4906
635 97.4906
636 97.4906
637 97.4906
638 97.4906
639 97.4906
640 97.4906
641 97.4906
642 97.4906
643 97.4906
644 97.4906
645 97.4906
646 97.4906
647 97.4906
648 97.0413
649 97.0413
650 97.0413
651 97.0413
652 97.0413
653 97.0413
654 97.0413
655 97.0413
656 97.0413
657 97.0413
658 97.0413
659 97.0413
660 97.0413
661 97.0413
662 97.0413
663 97.0413
664 97.0413
665 97.0413
666 97.0413
667 96.8995
668 96.8995
669 96.8995
670 96.8995
671 96.8995
672 96.8995
673 96.8995
674 96.8995
675 96.8995
676 96.8995
677 96.8995
678 96.8995
679 96.8995
680 96.8995
681 96.8995
682 96.8995
683 96.8995
684 96.8995
685 96.8995
686 96.8995
687 96.8995
688 96.8995
689 96.8995
690 96.8995
691 96.8995
692 96.8995
693 96.8995
694 96.8995
695 96.8995
696 96.8995
697 96.8995
698 96.8995
699 96.8995
700 96.8995
701 96.8995
702 96.8995
703 96.8995
704 96.8995
705 96.8995
706 96.8995
707 96.8995
708 96.8995
709 96.8995
710 96.8995
711 96.8995
712 96.8995
713 96.8995
714 95.9641
715 95.9641
716 95.9641
717 95.9641
718 95.9641
719 95.9641
720 95.9641
721 95.1286
722 94.1006
723 94.1006
724 94.1006
725 94.0797
726 94.0797
727 94.0797
728 94.0797
729 94.0107
730 93.7733
731 93.7042
732 93.7042
733 93.7042
734 93.7042
735 93.7042
736 93.7042
737 93.7042
738 93.7042
739 93.7042
740 92.2862
741 92.2862
742 92.2862
743 92.2862
744 92.2862
745 92.2862
746 92.2862
747 92.2235
748 92.2235
749 92.2235
750 92.2235
751 92.2235
752 92.2235
753 92.2235
754 92.2235
755 92.2235
756 92.2235
757 92.2235
758 92.1746
759 92.1746
760 92.0826
761 92.0826
762 92.0826
763 92.0826
764 92.0826
765 92.0826
766 92.0826
767 92.0826
768 92.0826
769 92.0826
770 88.5086
771 88.5086
772 88.5086
773 88.5086
774 88.5086
775 88.5086
776 88.5086
777 88.5086
778 88.5086
779 88.5086
780 88.5086
781 88.5086
782 88.5086
783 88.5086
784 88.5086
785 88.5086
786 88.5086
787 88.5086
788 88.5086
789 88.5086
790 88.5086
791 88.5086
792 88.5086
793 88.3075
794 88.3075
795 88.3075
796 88.3075
797 88.3075
798 88.3075
799 88.3075
800 88.3075
801 88.3075
802 88.3075
803 88.3075
804 88.3075
805 88.3075
806 88.3075
807 88.3075
808 88.3075
809 88.3075
810 88.3075
811 88.3075
812 88.3075
813 88.3075
814 88.3075
815 88.3075
816 88.3075
817 88.3075
818 88.3075
819 88.3075
820 88.2623
821 88.2623
822 88.2347
823 88.2347
824 88.2347
825 88.2347
826 88.2347
827 88.2347
828 88.2347
829 88.2347
830 88.2347
831 88.2347
832 88.2347
833 88.2347
834 88.2347
835 88.2347
836 88.2347
837 88.2347
838 88.2347
839 88.2347
840 88.2347
841 88.2347
842 88.2347
843 88.2347
844 88.2347
845 88.2347
846 88.2347
847 88.2347
848 88.2347
849 88.2347
850 88.2347
851 88.2347
852 88.2347
853 88.2347
854 88.2347
855 88.2347
856 88.1554
857 88.1554
858 88.1554
859 88.1554
860 88.1554
861 88.1554
862 88.1554
863 88.1554
864 88.1554
865 88.1554
866 88.1554
867 88.1554
868 88.1554
869 88.1554
870 88.1554
871 88.1554
872 88.1554
873 88.1554
874 88.1554
875 88.1554
876 88.1554
877 88.1554
878 88.1554
879 88.1554
880 88.1554
881 88.1554
882 88.1554
883 88.1554
884 88.1554
885 88.1554
886 88.1554
887 88.1554
888 88.1554
889 88.1554
890 88.1554
891 88.1554
892 88.1554
893 88.1554
894 88.1554
895 88.1554
896 88.1554
897 88.1554
898 88.1554
899 88.1554
900 88.1554
901 88.1554
902 88.1554
903 88.1554
904 88.1554
905 88.1554
906 88.1554
907 88.1554
908 88.1554
909 88.1554
910 88.1554
911 88.1554
912 88.1554
913 88.1554
914 88.1554
915 88.1554
916 88.1554
917 88.1554
918 88.1554
919 88.1554
920 88.1554
921 87.6041
922 87.6041
923 87.6041
924 87.6041
925 87.6041
926 87.5336
927 86.7294
928 86.7294
929 86.7294
930 86.7294
931 86.7294
932 86.7294
933 86.7294
934 86.7294
935 86.7294
936 86.7294
937 86.7294
938 86.7294
939 86.7294
940 86.7294
941 86.7294
942 86.7294
943 86.7294
944 86.3532
945 86.1354
946 86.1079
947 86.1079
948 86.1079
949 86.1079
950 86.1079
951 86.1079
952 86.1079
953 86.1079
954 86.1079
955 86.1079
956 86.1079
957 86.1079
958 86.1079
959 86.0663
960 86.0663
961 86.0663
962 86.0663
963 86.0663
964 86.0663
965 86.0663
966 86.0663
967 86.0663
968 86.0663
969 86.0663
970 86.0663
971 86.0663
972 86.0663
973 86.0663
974 86.0663
975 86.0663
976 86.0663
977 86.0663
978 86.0663
979 86.0663
980 86.0663
981 86.0663
982 86.0663
983 86.0663
984 86.0663
985 86.0663
986 86.0663
987 86.0663
988 86.0663
989 86.0663
990 86.0663
991 86.0663
992 86.0663
993 86.0663
994 86.0663
995 86.0663
996 86.0663
997 86.0663
998 86.0663
999 86.0663
1000 86.0663
1001 86.0663
1002 86.0663
1003 86.0663
1004 86.0663
1005 86.0663
1006 85.4799
1007 85.4799
1008 85.4799
1009 85.4799
1010 85.4799
1011 85.4799
1012 85.4799
1013 85.4799
1014 85.4799
1015 85.4799
1016 85.4799
1017 85.4799
1018 85.4799
1019 85.4799
1020 85.4799
1021 85.4799
1022 85.4799
1023 85.4799
1024 85.4799
1025 85.4799
1026 85.4799
1027 85.4799
1028 85.4799
1029 85.4799
1030 85.4799
1031 85.4799
1032 85.4799
1033 85.3233
1034 85.3233
1035 84.964
1036 84.964
1037 84.964
1038 84.4511
1039 84.4511
1040 84.4511
1041 84.4511
1042 84.4511
1043 84.4511
1044 84.4511
1045 84.4511
1046 84.4511
1047 84.4511
1048 84.4511
1049 84.4511
1050 84.4511
1051 84.4511
1052 84.4511
1053 84.4511
1054 84.4511
1055 84.4511
1056 84.4511
1057 84.4511
1058 84.4511
1059 84.4511
1060 84.4511
1061 84.4511
1062 84.4511
1063 84.4511
1064 84.4511
1065 84.4511
1066 84.4511
1067 84.4511
1068 84.4511
1069 84.4511
1070 84.4511
1071 84.4511
1072 84.4511
1073 84.4511
1074 84.4511
1075 84.4511
1076 84.4083
1077 84.4083
1078 84.4083
1079 84.2323
1080 84.2323
1081 84.2323
1082 84.2323
1083 84.2254
1084 84.2254
1085 84.2254
1086 84.2254
1087 84.2254
1088 84.0788
1089 84.0788
1090 84.0788
1091 84.0788
1092 84.0788
1093 84.0788
1094 84.0788
1095 84.0788
1096 84.0788
1097 84.0788
1098 84.0788
1099 84.0788
1100 84.0788
1101 84.0788
1102 84.0788
1103 84.0788
1104 84.0788
1105 84.0788
1106 84.0788
1107 84.0788
1108 84.0788
1109 84.0788
1110 84.0788
1111 84.0788
1112 84.0788
1113 84.0788
1114 84.0788
1115 84.0788
1116 84.0788
1117 84.0788
1118 84.0788
1119 84.0788
1120 84.0788
1121 84.0788
1122 84.0788
1123 84.0788
1124 84.0788
1125 84.0788
1126 84.0788
1127 84.0788
1128 84.0788
1129 84.0788
1130 84.0788
1131 84.0788
1132 84.0788
1133 84.0788
1134 84.0788
1135 84.0788
1136 84.0788
1137 84.0788
1138 84.0788
1139 83.752
1140 83.752
1141 83.752
1142 83.752
1143 83.752
1144 83.752
1145 83.752
1146 83.752
1147 83.752
1148 83.2069
1149 83.2069
1150 83.2069
1151 83.2069
1152 83.2069
1153 83.2069
1154 83.2069
1155 83.2069
1156 83.2069
1157 83.2069
1158 83.2069
1159 83.2069
1160 83.2069
1161 83.2069
1162 83.2069
1163 83.2069
1164 83.2069
1165 83.2069
1166 83.2069
1167 83.2069
1168 83.2069
1169 83.2069
1170 83.2069
1171 83.2069
1172 83.2069
1173 83.2069
1174 83.2069
1175 83.1112
1176 83.1112
1177 83.1112
1178 83.1112
1179 83.1112
1180 83.1112
1181 83.1112
1182 83.1112
1183 83.1112
1184 83.1112
1185 83.1112
1186 83.1112
1187 83.1112
1188 83.1112
1189 83.1112
1190 83.1112
1191 83.1112
1192 83.1112
1193 83.1112
1194 83.1112
1195 83.1112
1196 83.1112
1197 83.1112
1198 83.1112
1199 83.1112
1200 83.1112
1201 83.1112
1202 83.1112
1203 83.1112
1204 83.1112
1205 83.1112
1206 83.1112
1207 83.1112
1208 83.1112
1209 82.8322
1210 82.8322
1211 82.8322
1212 82.8322
1213 82.8322
1214 82.8322
1215 82.8322
1216 82.8322
1217 82.8322
1218 82.8322
1219 82.8322
1220 82.8322
1221 82.8322
1222 82.8322
1223 82.8322
1224 82.8322
1225 82.8322
1226 82.8322
1227 82.8322
1228 82.8322
1229 82.5925
1230 82.5925
1231 82.4765
1232 82.4765
1233 82.4765
1234 82.4765
1235 82.4765
1236 82.4765
1237 82.4765
1238 82.4765
1239 82.4765
1240 82.4765
1241 82.4765
1242 82.4765
1243 82.4765
1244 82.4765
1245 82.4765
1246 82.4765
1247 82.4765
1248 82.4765
1249 82.4765
1250 82.4765
1251 82.4765
1252 82.4765
1253 82.4765
1254 82.4765
1255 82.4765
1256 82.4765
1257 82.4765
1258 82.4765
1259 82.4765
1260 82.4765
1261 82.091
1262 82.091
1263 82.091
1264 82.091
1265 82.091
1266 82.091
1267 82.091
1268 82.091
1269 82.091
1270 82.091
1271 82.091
1272 82.091
1273 82.091
1274 82.091
1275 82.091
1276 82.091
1277 82.091
1278 82.091
1279 82.091
1280 82.091
1281 82.091
1282 82.091
1283 82.091
1284 82.091
1285 82.091
1286 82.091
1287 82.091
1288 82.091
1289 82.091
1290 82.091
1291 82.091
1292 82.091
1293 82.091
1294 82.091
1295 82.091
1296 82.091
1297 82.091
1298 82.091
1299 82.091
1300 82.091
1301 81.7803
1302 81.7803
1303 81.7803
1304 81.7803
1305 81.5251
1306 81.5251
1307 81.5251
1308 81.5251
1309 81.5251
1310 81.5251
1311 81.5251
1312 81.5251
1313 81.5251
1314 81.5251
1315 81.5251
1316 81.5251
1317 81.5251
1318 81.5251
1319 81.5251
1320 81.5251
1321 81.5251
1322 81.5251
1323 81.5251
1324 81.5251
1325 81.5251
1326 81.5251
1327 81.5251
1328 81.5251
1329 81.5251
1330 81.5251
1331 81.5251
1332 81.5251
1333 81.5251
1334 81.5251
1335 81.5251
1336 81.5251
1337 81.5251
1338 81.5251
1339 81.5251
1340 81.5251
1341 81.5251
1342 81.4745
1343 81.4745
1344 81.4745
1345 81.4745
1346 81.4745
1347 81.4745
1348 81.4745
1349 81.4745
1350 81.4745
1351 81.4745
1352 81.4745
1353 81.4745
1354 81.2978
1355 81.2978
1356 81.2978
1357 81.2978
1358 81.2978
1359 81.2978
1360 81.0163
1361 81.0163
1362 81.0163
1363 81.0163
1364 81.0163
1365 81.0163
1366 81.0163
1367 81.0163
1368 81.0163
1369 81.0163
1370 81.0163
1371 81.0163
1372 81.0163
1373 81.0163
1374 81.0163
1375 81.0163
1376 81.0163
1377 81.0163
1378 81.0163
1379 81.0163
1380 81.0163
1381 81.0163
1382 81.0163
1383 81.0163
1384 81.0163
1385 81.0163
1386 81.0163
1387 81.0163
1388 81.0163
1389 81.0163
1390 81.0163
1391 81.0163
1392 81.0163
1393 81.0163
1394 81.0163
1395 81.0163
1396 81.0163
1397 81.0163
1398 81.0163
1399 81.0163
1400 81.0163
1401 80.8969
1402 80.8969
1403 80.8969
1404 80.8969
1405 80.8969
1406 80.8969
1407 80.8969
1408 80.8969
1409 80.8969
1410 80.8969
1411 80.8969
1412 80.8969
1413 80.8969
1414 80.8969
1415 80.8969
1416 80.3304
1417 80.3304
1418 80.3304
1419 80.3304
1420 80.3304
1421 80.3304
1422 80.2613
1423 80.2613
1424 80.2613
1425 80.2613
1426 80.2613
1427 80.2613
1428 80.2613
1429 80.2613
1430 80.2613
1431 80.2613
1432 80.2613
1433 80.2613
1434 80.2613
1435 80.2613
1436 80.2613
1437 80.2613
1438 80.2613
1439 80.2613
1440 80.2613
1441 80.2613
1442 80.2613
1443 80.2613
1444 80.2613
1445 80.2613
1446 80.2613
1447 80.2613
1448 80.153
1449 80.153
1450 80.153
1451 80.153
1452 80.153
1453 80.153
1454 80.153
1455 80.153
1456 80.153
1457 80.153
1458 80.153
1459 80.153
1460 80.153
1461 80.153
1462 80.153
1463 80.153
1464 80.153
1465 80.153
1466 80.153
1467 80.153
1468 80.153
1469 80.153
1470 80.153
1471 80.153
1472 80.153
1473 80.153
1474 80.153
1475 80.153
1476 80.153
1477 80.153
1478 80.153
1479 80.153
1480 80.153
1481 80.153
1482 80.153
1483 80.153
1484 80.153
1485 80.153
1486 80.153
1487 80.153
1488 80.153
1489 80.153
1490 80.153
1491 80.153
1492 80.153
1493 80.153
1494 80.153
1495 80.153
1496 80.153
1497 80.153
1498 80.153
1499 80.153
1500 80.153
1501 79.6997
1502 79.6997
1503 79.6997
1504 79.6997
1505 79.6997
1506 79.6997
1507 79.6997
1508 79.6997
1509 79.6997
1510 79.6997
1511 79.6997
1512 79.6997
1513 79.6997
1514 79.6997
1515 79.6997
1516 79.5893
1517 79.5893
1518 79.5001
1519 79.5001
1520 79.5001
1521 79.5001
1522 79.5001
1523 79.5001
1524 79.5001
1525 79.5001
1526 79.5001
1527 79.5001
1528 79.5001
1529 79.5001
1530 79.5001
1531 79.5001
1532 79.5001
1533 79.5001
1534 79.5001
1535 79.5001
1536 79.5001
1537 79.5001
1538 79.5001
1539 79.5001
1540 79.5001
1541 79.5001
1542 79.5001
1543 79.5001
1544 79.5001
1545 79.5001
1546 79.5001
1547 79.5001
1548 79.5001
1549 79.5001
1550 79.5001
1551 79.5001
1552 79.5001
1553 79.5001
1554 79.5001
1555 79.5001
1556 79.5001
1557 79.5001
1558 79.5001
1559 79.5001
1560 79.5001
1561 79.5001
1562 79.5001
1563 79.5001
1564 79.5001
1565 79.5001
1566 79.5001
1567 79.467
1568 79.3734
1569 79.2847
1570 79.2847
1571 79.2847
1572 79.2847
1573 79.2847
1574 79.2847
1575 79.2847
1576 79.2847
1577 79.2847
1578 79.2847
1579 79.1686
1580 79.1686
1581 79.1686
1582 79.1686
1583 79.1686
1584 79.1686
1585 79.1686
1586 79.1686
1587 79.1686
1588 78.1119
1589 78.1119
1590 78.1119
1591 78.1119
1592 78.1119
1593 78.1119
1594 78.1119
1595 78.1119
1596 78.1119
1597 78.1119
1598 78.1119
1599 78.1119
1600 78.1119
1601 78.1119
1602 78.1119
1603 78.1119
1604 78.1119
1605 78.0481
1606 78.0481
1607 78.0481
1608 78.0481
1609 78.0481
1610 78.0481
1611 78.0481
1612 78.0481
1613 78.0481
1614 78.0481
1615 78.0481
1616 78.0481
1617 78.0481
1618 78.0481
1619 78.0481
1620 78.0481
1621 78.0481
1622 78.0481
1623 78.0481
1624 78.0481
1625 78.0481
1626 78.0481
1627 78.0481
1628 78.0481
1629 78.0481
1630 78.0481
1631 78.0481
1632 78.0481
1633 78.0481
1634 78.0481
1635 78.0481
1636 78.0481
1637 78.0481
1638 78.0481
1639 78.0481
1640 78.0481
1641 78.0481
1642 78.0481
1643 78.0481
1644 78.0481
1645 78.0481
1646 78.0481
1647 78.0481
1648 78.0481
1649 78.0481
1650 78.0481
1651 78.0481
1652 78.0481
1653 78.0481
1654 78.0481
1655 78.0481
1656 78.0481
1657 78.0481
1658 78.0481
1659 78.0481
1660 78.0481
1661 78.0481
1662 78.0481
1663 78.0481
1664 78.0481
1665 78.0481
1666 78.0481
1667 78.0481
1668 78.0481
1669 78.0481
1670 78.0481
1671 78.0481
1672 78.0481
1673 78.0481
1674 78.0481
1675 78.0481
1676 78.0481
1677 78.0481
1678 78.0481
1679 78.0481
1680 78.0481
1681 78.0481
1682 78.0481
1683 78.0481
1684 78.0481
1685 78.0481
1686 78.0481
1687 78.0481
1688 78.0481
1689 78.0481
1690 78.0481
1691 78.0481
1692 78.0481
1693 78.0481
1694 78.0481
1695 78.0481
1696 78.0481
1697 78.0481
1698 78.0481
1699 78.0481
1700 78.0481
1701 78.0481
1702 77.9185
1703 77.9185
1704 77.9185
1705 77.9185
1706 77.9185
1707 77.9185
1708 77.9185
1709 77.9185
1710 77.9185
1711 77.9185
1712 77.9185
1713 77.9185
1714 77.9185
1715 77.9185
1716 77.9185
1717 77.9185
1718 77.9185
1719 77.9185
1720 77.9185
1721 77.9185
1722 77.9185
1723 77.9185
1724 77.9185
1725 77.9185
1726 77.9185
1727 77.9185
1728 77.9185
1729 77.9185
1730 77.9185
1731 77.9185
1732 77.9185
1733 77.9185
1734 77.9185
1735 77.9185
1736 77.9185
1737 77.9185
1738 77.9185
1739 77.9185
1740 77.9185
1741 77.9185
1742 77.9185
1743 77.9185
1744 77.9185
1745 77.9185
1746 77.9185
1747 77.9185
1748 77.9185
1749 77.9185
1750 77.9185
1751 77.9185
1752 77.9185
1753 77.9185
1754 77.9185
1755 77.9185
1756 77.9185
1757 77.9185
1758 77.9185
1759 77.9185
1760 77.9185
1761 77.9185
1762 77.9185
1763 77.9185
1764 77.9185
1765 77.9185
1766 77.9185
1767 77.9185
1768 77.9185
1769 77.9185
1770 77.9185
1771 77.9185
1772 77.9185
1773 77.9185
1774 77.9185
1775 77.9185
1776 77.9185
1777 77.9185
1778 77.9185
1779 77.9185
1780 77.5993
1781 77.5993
1782 77.0583
1783 77.0583
1784 77.0583
1785 77.0583
1786 76.7468
1787 76.7468
1788 76.7468
1789 76.7468
1790 76.7468
1791 76.7468
1792 76.7468
1793 76.7468
1794 76.7468
1795 76.7468
1796 76.7468
1797 76.7468
1798 76.7468
1799 76.7468
1800 76.7468
1801 76.7468
1802 76.7468
1803 76.7468
1804 76.7468
1805 76.7468
1806 76.7468
1807 76.7468
1808 76.7468
1809 76.7468
1810 76.7468
1811 76.7468
1812 76.7468
1813 76.7468
1814 76.7468
1815 76.7468
1816 76.7468
1817 76.7468
1818 76.7468
1819 76.7468
1820 76.7468
1821 76.7468
1822 76.7468
1823 76.7468
1824 76.7468
1825 76.7468
1826 76.7468
1827 76.7468
1828 76.7468
1829 76.7468
1830 76.7468
1831 76.7468
1832 76.7468
1833 76.7468
1834 76.7468
1835 76.7468
1836 76.7468
1837 76.7468
1838 76.7468
1839 76.7468
1840 76.7468
1841 76.7468
1842 76.7468
1843 76.7468
1844 76.7468
1845 76.7468
1846 76.7468
1847 76.7468
1848 76.7468
1849 76.7468
1850 76.7468
1851 76.7468
1852 76.7468
1853 76.7468
1854 76.7468
1855 76.7468
1856 76.7468
1857 76.7468
1858 76.7468
1859 76.7468
1860 76.7468
1861 76.7468
1862 76.7468
1863 76.7468
1864 76.7468
1865 76.7468
1866 76.7468
1867 76.3681
1868 76.3681
1869 76.3681
1870 76.3681
1871 76.3681
1872 76.3681
1873 76.3681
1874 76.3681
1875 76.3681
1876 76.3681
1877 76.3681
1878 76.3681
1879 76.3681
1880 76.3681
1881 76.3681
1882 76.3681
1883 76.3681
1884 76.3681
1885 76.0053
1886 76.0053
1887 76.0053
1888 76.0053
1889 76.0053
1890 75.4079
1891 75.4079
1892 75.4079
1893 75.4079
1894 75.4079
1895 75.4079
1896 75.4079
1897 75.4079
1898 75.4079
1899 75.4079
1900 75.4079
1901 75.4079
1902 75.4079
1903 75.4079
1904 75.4079
1905 75.4079
1906 75.4079
1907 75.4079
1908 75.4079
1909 75.4079
1910 75.4079
1911 75.4079
1912 75.4079
1913 75.4079
1914 75.4079
1915 75.4079
1916 75.4079
1917 75.4079
1918 75.4079
1919 75.4079
1920 75.4079
1921 75.4079
1922 75.4079
1923 75.4079
1924 75.4079
1925 75.4079
1926 75.4079
1927 75.4079
1928 75.4079
1929 75.4079
1930 75.4079
1931 75.4079
1932 75.4079
1933 75.4079
1934 75.4079
1935 75.4079
1936 75.4079
1937 75.4079
1938 75.4079
1939 75.4079
1940 75.4079
1941 75.4079
1942 75.4079
1943 75.4079
1944 75.4079
1945 75.4079
1946 75.4079
1947 75.4079
1948 75.4079
1949 75.4079
1950 75.4079
1951 75.4079
1952 75.4079
1953 75.4079
1954 75.4079
1955 75.4079
1956 75.4079
1957 75.4079
1958 75.4079
1959 75.4079
1960 75.4079
1961 75.4079
1962 75.4079
1963 75.4079
1964 75.4079
1965 75.4079
1966 75.4079
1967 75.4079
1968 75.4079
1969 75.4079
1970 75.4079
1971 75.4079
1972 75.4079
1973 75.4079
1974 75.4079
1975 75.4079
1976 75.4079
1977 75.4079
1978 75.4079
1979 75.4079
1980 75.4079
1981 75.4079
1982 75.4079
1983 75.4079
1984 75.4079
1985 75.4079
1986 75.4079
1987 75.4079
1988 75.4079
1989 75.4079
1990 75.4079
1991 75.4079
1992 75.4079
1993 75.4079
1994 75.4079
1995 75.4079
1996 75.4079
1997 75.4079
1998 75.4079
1999 75.4079
2000 75.4079
2001 75.4079
2002 75.4079
2003 75.4079
2004 75.4079
2005 75.4079
2006 75.4079
2007 75.4079
2008 75.4079
2009 75.4079
2010 75.4079
2011 75.4079
2012 75.4079
2013 75.4079
2014 75.4079
2015 75.4079
2016 75.4079
2017 75.4079
2018 75.4079
2019 75.4079
2020 75.4079
2021 75.4079
2022 75.4079
2023 75.4079
2024 75.4079
2025 75.4079
2026 75.4079
2027 75.4079
2028 75.4079
2029 75.4079
2030 75.4079
2031 75.4079
2032 75.4079
2033 75.4079
2034 75.4079
2035 75.4079
2036 75.4079
2037 75.4079
2038 75.4079
2039 75.4079
2040 75.4079
2041 75.4079
2042 75.4079
2043 75.4079
2044 75.4079
2045 75.4079
2046 75.4079
2047 75.4079
2048 75.4079
2049 75.4079
2050 75.4079
2051 75.4079
2052 75.4079
2053 75.4079
2054 75.4079
2055 75.4079
2056 75.4079
2057 75.4079
2058 75.4079
2059 75.4079
2060 75.4079
2061 75.4079
2062 75.4079
2063 75.4079
2064 75.4079
2065 75.4079
2066 75.4079
2067 75.4079
2068 75.4079
2069 75.4079
2070 75.3068
2071 75.3068
2072 75.3068
2073 75.3068
2074 75.3068
2075 75.3068
2076 75.3068
2077 75.3068
2078 75.3068
2079 75.3068
2080 75.3068
2081 75.3068
2082 75.3068
2083 75.3068
2084 75.3068
2085 75.3068
2086 75.3068
2087 75.3068
2088 75.3068
2089 75.3068
2090 75.3068
2091 75.3068
2092 75.3068
2093 75.3068
2094 75.3068
2095 75.3068
2096 75.3068
2097 75.3068
2098 75.3068
2099 75.3068
2100 75.3068
2101 75.3068
2102 75.3068
2103 75.3068
2104 75.3068
2105 75.3068
2106 75.3068
2107 75.3068
2108 75.3068
2109 75.3068
2110 75.3068
2111 75.3068
2112 75.2513
2113 75.2513
2114 75.2513
2115 75.2513
2116 75.2513
2117 75.2513
2118 75.2513
2119 75.2513
2120 75.2513
2121 75.2513
2122 75.2513
2123 75.2513
2124 75.2513
2125 75.2513
2126 75.2513
2127 75.2513
2128 75.2513
2129 75.2513
2130 75.2513
2131 75.2513
2132 75.2513
2133 75.2513
2134 75.2513
2135 75.2513
2136 75.2513
2137 75.2513
2138 75.2513
2139 75.2513
2140 75.2513
2141 75.2513
2142 75.2513
2143 75.2513
2144 75.2513
2145 75.2513
2146 75.2513
2147 75.2513
2148 75.2513
2149 75.2513
2150 75.2513
2151 75.2513
2152 75.2513
2153 75.2513
2154 75.2513
2155 75.2513
2156 75.2513
2157 75.2513
2158 75.2513
2159 75.2513
2160 75.2513
2161 75.2513
2162 75.2513
2163 75.2513
2164 75.2513
2165 75.2513
2166 75.2436
2167 75.2436
2168 75.2436
2169 75.2436
2170 75.2436
2171 75.2436
2172 75.2436
2173 75.2436
2174 75.2436
2175 75.2436
2176 75.2436
2177 75.2436
2178 75.2436
2179 75.2436
2180 75.2436
2181 75.2436
2182 75.2436
2183 75.2436
2184 75.2436
2185 75.2436
2186 75.2436
2187 75.2436
2188 75.2436
2189 75.2436
2190 75.2436
2191 75.2436
2192 75.2436
2193 75.2436
2194 75.2436
2195 75.2436
2196 75.2436
2197 75.2436
2198 75.2436
2199 75.2436
2200 75.2436
2201 75.2436
2202 75.2436
2203 75.2436
2204 75.2436
2205 75.2436
2206 75.2436
2207 75.2436
2208 75.2436
2209 75.2436
2210 75.2436
2211 75.2436
2212 75.2436
2213 75.2436
2214 75.2436
2215 75.2436
2216 75.2436
2217 75.2436
2218 75.2436
2219 75.2436
2220 75.2436
2221 75.2436
2222 75.2436
2223 75.2436
2224 75.2436
2225 75.2436
2226 75.2436
2227 75.2436
2228 75.2436
2229 75.2436
2230 75.2436
2231 75.2436
2232 75.2436
2233 75.2436
2234 75.2436
2235 75.2436
2236 75.2436
2237 75.2436
2238 75.2436
2239 75.2436
2240 75.2436
2241 75.2436
2242 75.2436
2243 75.2436
2244 75.2436
2245 75.2436
2246 75.2436
2247 75.2436
2248 75.2436
2249 75.2436
2250 75.2436
2251 75.2436
2252 75.2436
2253 75.2436
2254 75.2436
2255 75.2436
2256 75.2436
2257 75.2436
2258 75.2436
2259 75.2436
2260 75.2436
2261 75.2436
2262 75.2436
2263 75.2436
2264 75.2436
2265 75.2436
2266 75.2436
2267 75.2436
2268 75.2436
2269 75.2436
2270 75.2436
2271 75.2436
2272 75.2436
2273 75.2436
2274 75.2436
2275 75.2436
2276 75.2436
2277 75.2436
2278 75.2436
2279 75.2436
2280 75.2436
2281 75.2436
2282 75.2436
2283 75.2436
2284 75.2436
2285 75.2436
2286 75.2436
2287 75.2436
2288 75.2436
2289 75.2436
2290 75.2436
2291 75.2436
2292 75.2436
2293 75.2436
2294 75.2436
2295 75.2436
2296 75.2436
2297 75.2436
2298 75.2436
2299 75.2436
2300 75.2436
2301 75.2436
2302 75.2436
2303 75.2436
2304 75.2436
2305 75.2436
2306 75.2436
2307 75.2436
2308 75.2436
2309 75.2436
2310 75.2436
2311 75.2436
2312 75.2436
2313 75.2436
2314 75.1591
2315 75.1591
2316 75.1591
2317 75.1591
2318 75.1591
2319 75.1591
2320 75.1591
2321 75.1591
2322 75.1591
2323 75.1591
2324 75.1591
2325 75.1591
2326 75.1591
2327 75.1591
2328 75.1591
2329 74.8833
2330 74.8833
2331 74.8833
2332 74.8833
2333 74.8833
2334 74.8833
2335 74.8833
2336 74.8833
2337 74.8833
2338 74.8833
2339 74.8833
2340 74.8833
2341 74.8833
2342 74.8833
2343 74.8833
2344 74.8833
2345 74.8833
2346 74.8833
2347 74.8833
2348 74.8833
2349 74.8833
2350 74.8833
2351 74.8833
2352 74.8833
2353 74.8833
2354 74.8833
2355 74.8833
2356 74.8833
2357 74.8833
2358 74.8833
2359 74.8833
2360 74.8833
2361 74.8833
2362 74.8833
2363 74.8833
2364 74.8833
2365 74.8833
2366 74.8833
2367 74.8833
2368 74.8833
2369 74.8833
2370 74.8833
2371 74.8833
2372 74.8833
2373 74.8833
2374 74.8833
2375 74.8833
2376 74.8833
2377 74.8833
2378 74.8833
2379 74.8833
2380 74.8833
2381 74.8833
2382 74.8833
2383 74.8833
2384 74.8833
2385 74.8833
2386 74.8833
2387 74.8833
2388 74.8833
2389 74.8833
2390 74.8833
2391 74.8833
2392 74.8833
2393 74.8833
2394 74.8833
2395 74.8833
2396 74.8833
2397 74.8833
2398 74.8833
2399 74.8833
2400 74.8833
2401 74.8833
2402 74.8833
2403 74.8833
2404 74.8833
2405 74.8833
2406 74.8833
2407 74.8833
2408 74.8833
2409 74.8833
2410 74.8833
2411 74.8833
2412 74.8833
2413 74.8833
2414 74.8833
2415 74.8833
2416 74.8833
2417 74.8632
2418 74.8632
2419 74.8632
2420 74.8632
2421 74.8632
2422 74.8632
2423 74.8632
2424 74.8632
2425 74.8632
2426 74.8632
2427 74.8632
2428 74.8632
2429 74.8632
2430 74.8632
2431 74.8632
2432 74.8632
2433 74.8632
2434 74.8632
2435 74.8632
2436 74.8632
2437 74.8632
2438 74.8632
2439 74.8632
2440 74.8632
2441 74.8632
2442 74.8632
2443 74.8632
2444 74.8632
2445 74.8632
2446 74.8632
2447 74.8632
2448 74.8632
2449 74.8632
2450 74.8632
2451 74.8632
2452 74.8632
2453 74.8632
2454 74.8632
2455 74.8632
2456 74.8632
2457 74.8632
2458 74.8632
2459 74.8632
2460 74.8632
2461 74.8632
2462 74.8632
2463 74.8632
2464 74.8632
2465 74.8632
2466 74.8632
2467 74.8632
2468 74.8632
2469 74.8632
2470 74.8632
2471 74.8632
2472 74.8632
2473 74.8632
2474 74.8632
2475 74.8632
2476 74.8632
2477 74.8632
2478 74.8632
2479 74.8632
2480 74.8632
2481 74.8632
2482 74.8632
2483 74.8632
2484 74.8632
2485 74.8632
2486 74.8632
2487 74.8632
2488 74.8632
2489 74.8632
2490 74.8632
2491 74.8632
2492 74.8632
2493 74.8632
2494 74.8632
2495 74.8632
2496 74.8632
2497 74.8632
2498 74.8632
2499 74.8632
2500 74.8632
2501 74.8632
2502 74.8632
2503 74.8632
2504 74.8632
2505 74.8632
2506 74.8632
2507 74.8632
2508 74.8632
2509 74.8632
2510 74.8632
2511 74.8632
2512 74.8632
2513 74.8632
2514 74.8632
2515 74.8632
2516 74.8632
2517 74.8632
2518 74.8632
2519 74.8632
2520 74.8632
2521 74.8632
2522 74.8632
2523 74.8632
2524 74.8632
2525 74.8632
2526 74.8632
2527 74.8632
2528 74.8632
2529 74.8632
2530 74.8632
2531 74.8632
2532 74.8632
2533 74.8632
2534 74.8632
2535 74.8632
2536 74.8632
2537 74.8632
2538 74.8632
2539 74.8632
2540 74.8632
2541 74.8632
2542 74.8632
2543 74.8632
2544 74.8632
2545 74.8632
2546 74.8632
2547 74.8632
2548 74.8632
2549 74.8632
2550 74.8632
2551 74.8632
2552 74.8632
2553 74.8632
2554 74.8632
2555 74.8632
2556 74.8632
2557 74.8632
2558 74.8632
2559 74.8632
2560 74.8632
2561 74.8632
2562 74.8632
2563 74.8632
2564 74.8632
2565 74.8632
2566 74.8632
2567 74.8632
2568 74.8632
2569 74.8632
2570 74.8632
2571 74.8632
2572 74.8632
2573 74.8632
2574 74.8632
2575 74.8632
2576 74.8632
2577 74.8632
2578 74.8632
2579 74.8632
2580 74.8632
2581 74.8632
2582 74.8632
2583 74.8632
2584 74.8632
2585 74.8632
2586 74.8632
2587 74.8632
2588 74.8632
2589 74.8632
2590 74.8632
2591 74.8632
2592 74.8632
2593 74.8632
2594 74.8632
2595 74.8632
2596 74.8632
2597 74.8632
2598 74.8632
2599 74.8632
2600 74.8632
2601 74.8632
2602 74.8632
2603 74.8632
2604 74.8632
2605 74.8632
2606 74.8632
2607 74.8632
2608 74.8632
2609 74.8632
2610 74.8632
2611 74.8632
2612 74.8632
2613 74.8632
2614 74.8632
2615 74.8632
2616 74.8632
2617 74.8632
2618 74.8632
2619 74.8632
2620 74.8632
2621 74.8632
2622 74.8632
2623 74.8632
2624 74.8632
2625 74.8632
2626 74.8632
2627 74.8632
2628 74.8632
2629 74.8632
2630 74.8632
2631 74.8632
2632 74.8632
2633 74.8632
2634 74.8632
2635 74.8632
2636 74.8632
2637 74.8632
2638 74.8632
2639 74.8632
2640 74.8632
2641 74.8632
2642 74.8632
2643 74.8632
2644 74.8632
2645 74.8632
2646 74.8632
2647 74.8632
2648 74.8632
2649 74.8632
2650 74.8632
2651 74.8632
2652 74.8632
2653 74.8632
2654 74.8632
2655 74.8632
2656 74.8632
2657 74.8632
2658 74.8632
2659 74.8632
2660 74.8632
2661 74.8632
2662 74.8632
2663 74.8632
2664 74.8632
2665 74.8632
2666 74.8632
2667 74.8632
2668 74.8632
2669 74.8632
2670 74.8632
2671 74.8632
2672 74.8632
2673 74.8632
2674 74.8632
2675 74.8632
2676 74.8632
2677 74.8632
2678 74.8632
2679 74.8632
2680 74.8632
2681 74.8632
2682 74.8632
2683 74.8632
2684 74.8632
2685 74.8632
2686 74.8632
2687 74.8632
2688 74.8632
2689 74.8632
2690 74.8632
2691 74.8632
2692 74.8632
2693 74.8632
2694 74.8632
2695 74.8632
2696 74.8632
2697 74.8632
2698 74.8632
2699 74.8632
2700 74.8632
2701 74.8632
2702 74.8632
2703 74.8632
2704 74.8632
2705 74.8632
2706 74.8632
2707 74.8632
2708 74.8632
2709 74.8632
2710 74.8632
2711 74.8632
2712 74.8632
2713 74.8632
2714 74.8632
2715 74.8632
2716 74.8632
2717 74.8632
2718 74.8632
2719 74.8632
2720 74.8632
2721 74.8632
2722 74.8632
2723 74.8632
2724 74.8632
2725 74.8632
2726 74.8632
2727 74.8632
2728 74.8632
2729 74.8632
2730 74.8632
2731 74.8632
2732 74.8632
2733 74.8632
2734 74.8632
2735 74.8632
2736 74.8632
2737 74.8632
2738 74.8632
2739 74.8632
2740 74.8632
2741 74.8632
2742 74.8632
2743 74.8632
2744 74.8632
2745 74.8632
2746 74.8632
2747 74.8632
2748 74.8632
2749 74.8632
2750 74.8632
2751 74.8632
2752 74.8632
2753 74.8632
2754 74.8632
2755 74.8632
2756 74.8632
2757 74.8632
2758 74.8632
2759 74.8632
2760 74.8632
2761 74.8632
2762 74.8632
2763 74.8632
2764 74.8632
2765 74.8632
2766 74.8632
2767 74.8632
2768 74.8632
2769 74.8632
2770 74.8632
2771 74.8632
2772 74.8632
2773 74.8632
2774 74.8632
2775 74.8632
2776 74.8632
2777 74.8632
2778 74.8632
2779 74.8632
2780 74.8632
2781 74.8632
2782 74.8632
2783 74.8632
2784 74.8632
2785 74.8632
2786 74.8632
2787 74.8632
2788 74.8632
2789 74.8632
2790 74.8632
2791 74.8632
2792 74.8632
2793 74.8632
2794 74.8632
2795 74.8632
2796 74.8632
2797 74.8632
2798 74.8632
2799 74.8632
2800 74.8632
2801 74.8632
2802 74.8632
2803 74.8632
2804 74.8632
2805 74.8632
2806 74.8632
2807 74.8632
2808 74.8632
2809 74.8632
2810 74.8632
2811 74.8632
2812 74.8632
2813 74.8632
2814 74.8632
2815 74.8632
2816 74.8632
2817 74.8632
2818 74.8632
2819 74.8632
2820 74.8632
2821 74.8632
2822 74.8632
2823 74.8632
2824 74.8632
2825 74.8632
2826 74.8632
2827 74.8632
2828 74.8632
2829 74.8632
2830 74.8632
2831 74.8632
2832 74.8632
2833 74.8632
2834 74.8632
2835 74.8632
2836 74.8632
2837 74.8632
2838 74.8632
2839 74.8632
2840 74.8632
2841 74.8632
2842 74.8632
2843 74.8632
2844 74.8632
2845 74.8632
2846 74.8632
2847 74.8632
2848 74.8632
2849 74.8632
2850 74.8632
2851 74.8632
2852 74.8632
2853 74.8632
2854 74.8632
2855 74.8632
2856 74.8632
2857 74.8632
2858 74.8632
2859 74.8632
2860 74.8632
2861 74.8632
2862 74.8632
2863 74.8632
2864 74.8632
2865 74.8632
2866 74.8632
2867 74.8632
2868 74.8632
2869 74.8632
2870 74.8632
2871 74.8632
2872 74.8632
2873 74.8632
2874 74.8632
2875 74.8632
2876 74.8632
2877 74.8632
2878 74.8632
2879 74.8632
2880 74.8632
2881 74.8632
2882 74.8632
2883 74.8632
2884 74.8632
2885 74.8632
2886 74.8632
2887 74.8632
2888 74.8632
2889 74.8632
2890 74.8632
2891 74.8632
2892 74.8632
2893 74.8632
2894 74.8632
2895 74.8632
2896 74.8632
2897 74.8632
2898 74.8632
2899 74.8632
2900 74.8632
2901 74.8632
2902 74.8632
2903 74.8632
2904 74.8632
2905 74.8632
2906 74.8632
2907 74.8632
2908 74.8632
2909 74.8632
2910 74.8632
2911 74.8632
2912 74.8632
2913 74.8632
2914 74.8632
2915 74.8632
2916 74.8632
2917 74.8632
2918 74.8632
2919 74.8632
2920 74.8632
2921 74.8632
2922 74.8632
2923 74.8632
2924 74.8632
2925 74.8632
2926 74.8632
2927 74.8632
2928 74.8632
2929 74.8632
2930 74.8632
2931 74.8632
2932 74.8632
2933 74.8632
2934 74.8632
2935 74.8632
2936 74.8632
2937 74.8632
2938 74.8632
2939 74.8632
2940 74.8632
2941 74.8632
2942 74.8632
2943 74.8632
2944 74.8632
2945 74.8632
2946 74.8632
2947 74.8632
2948 74.8632
2949 74.8632
2950 74.8632
2951 74.8632
2952 74.8632
2953 74.8632
2954 74.8632
2955 74.8632
2956 74.8632
2957 74.8632
2958 74.8632
2959 74.8632
2960 74.8632
2961 74.8632
2962 74.8632
2963 74.8632
2964 74.8632
2965 74.8632
2966 74.8632
2967 74.8632
2968 74.8632
2969 74.8632
2970 74.8632
2971 74.8632
2972 74.8632
2973 74.8632
2974 74.8632
2975 74.8632
2976 74.8632
2977 74.8632
2978 74.8632
2979 74.8632
2980 74.8632
2981 74.8632
2982 74.8632
2983 74.8632
2984 74.8632
2985 74.8632
2986 74.8632
2987 74.8632
2988 74.8632
2989 74.8632
2990 74.8632
2991 74.8632
2992 74.8632
2993 74.8632
2994 74.8632
2995 74.8632
2996 74.8632
2997 74.8632
2998 74.8632
2999 74.8632
3000 74.8632
3001 74.8632
3002 74.8632
3003 74.8632
3004 74.8632
3005 74.8632
3006 74.8632
3007 74.8632
3008 74.8632
3009 74.8632
3010 74.8632
3011 74.8632
3012 74.8632
3013 74.8632
3014 74.8632
3015 74.8632
3016 74.8632
3017 74.8632
3018 74.8632
3019 74.8632
3020 74.8632
3021 74.8632
3022 74.8632
3023 74.8632
3024 74.8632
3025 74.8632
3026 74.8632
3027 74.8632
3028 74.8632
3029 74.8632
3030 74.8632
3031 74.8632
3032 74.8632
3033 74.8632
3034 74.8632
3035 74.8632
3036 74.8632
3037 74.8632
3038 74.8632
3039 74.8632
3040 74.8632
3041 74.8632
3042 74.8632
3043 74.8632
3044 74.8632
3045 74.8632
3046 74.8632
3047 74.8632
3048 74.8632
3049 74.8632
3050 74.8632
3051 74.8632
3052 74.8632
3053 74.8632
3054 74.8632
3055 74.8632
3056 74.8632
3057 74.8632
3058 74.8632
3059 74.8632
3060 74.8632
3061 74.8632
3062 74.8632
3063 74.8632
3064 74.8632
3065 74.8504
3066 74.8504
3067 74.8504
3068 74.8504
3069 74.8504
3070 74.8504
3071 74.8504
3072 74.8504
3073 74.8504
3074 74.8504
3075 74.8504
3076 74.8504
3077 74.8504
3078 74.8085
3079 74.8085
3080 74.8085
3081 74.8085
3082 74.8085
3083 74.8085
3084 74.8085
3085 74.8085
3086 74.8085
3087 74.8085
3088 74.8085
3089 74.8085
3090 74.8085
3091 74.8085
3092 74.8085
3093 74.8085
3094 74.8085
3095 74.8085
3096 74.8085
3097 74.8085
3098 74.8085
3099 74.8085
3100 74.8085
3101 74.8085
3102 74.8085
3103 74.8085
3104 74.8085
3105 74.8085
3106 74.8085
3107 74.8085
3108 74.8085
3109 74.8085
3110 74.8085
3111 74.8085
3112 74.8085
3113 74.8085
3114 74.8085
3115 74.8085
3116 74.8085
3117 74.8085
3118 74.8085
3119 74.8085
3120 74.8085
3121 74.8085
3122 74.8085
3123 74.8085
3124 74.8085
3125 74.8085
3126 74.8085
3127 74.8085
3128 74.8085
3129 74.8085
3130 74.8085
3131 74.8085
3132 74.8085
3133 74.8085
3134 74.8085
3135 74.8085
3136 74.8085
3137 74.8085
3138 74.8085
3139 74.8085
3140 74.8085
3141 74.8085
3142 74.8085
3143 74.8085
3144 74.8085
3145 74.8085
3146 74.8085
3147 74.8085
3148 74.8085
3149 74.8085
3150 74.8085
3151 74.8085
3152 74.8085
3153 74.8085
3154 74.8085
3155 74.8085
3156 74.8085
3157 74.8085
3158 74.8085
3159 74.8085
3160 74.8085
3161 74.8085
3162 74.8085
3163 74.8085
3164 74.8085
3165 74.8085
3166 74.8085
3167 74.8085
3168 74.8085
3169 74.8085
3170 74.8085
3171 74.8085
3172 74.8085
3173 74.8085
3174 74.8085
3175 74.8085
3176 74.8085
3177 74.8085
3178 74.8085
3179 74.8085
3180 74.8085
3181 74.8085
3182 74.8085
3183 74.8085
3184 74.8085
3185 74.8085
3186 74.8085
3187 74.8085
3188 74.8085
3189 74.8085
3190 74.8085
3191 74.8085
3192 74.8085
3193 74.8085
3194 74.8085
3195 74.8085
3196 74.8085
3197 74.8085
3198 74.8085
3199 74.8085
3200 74.8085
3201 74.8085
3202 74.8085
3203 74.8085
3204 74.8085
3205 74.8085
3206 74.8085
3207 74.8085
3208 74.8085
3209 74.8085
3210 74.8085
3211 74.8085
3212 74.8085
3213 74.8085
3214 74.8085
3215 74.8085
3216 74.8085
3217 74.8085
3218 74.8085
3219 74.8085
3220 74.8085
3221 74.8085
3222 74.8085
3223 74.8085
3224 74.8085
3225 74.8085
3226 74.8085
3227 74.8085
3228 74.8085
3229 74.8085
3230 74.8085
3231 74.8085
3232 74.8085
3233 74.8085
3234 74.8085
3235 74.8085
3236 74.8085
3237 74.8085
3238 74.8085
3239 74.8085
3240 74.8085
3241 74.8085
3242 74.8085
3243 74.8085
3244 74.8085
3245 74.8085
3246 74.8085
3247 74.8085
3248 74.8085
3249 74.8085
3250 74.8085
3251 74.8085
3252 74.8085
3253 74.8085
3254 74.8085
3255 74.8085
3256 74.8085
3257 74.8085
3258 74.8085
3259 74.8085
3260 74.8085
3261 74.8043
3262 74.8043
3263 74.8043
3264 74.8043
3265 74.8043
3266 74.8043
3267 74.8043
3268 74.8043
3269 74.8043
3270 74.8043
3271 74.8043
3272 74.8043
3273 74.8043
3274 74.8043
3275 74.8043
3276 74.8043
3277 74.8043
3278 74.8043
3279 74.8043
3280 74.8043
3281 74.8043
3282 74.8043
3283 74.8043
3284 74.8043
3285 74.8043
3286 74.8043
3287 74.8043
3288 74.8043
3289 74.7639
3290 74.7639
3291 74.7639
3292 74.7639
3293 74.7639
3294 74.7639
3295 74.7639
3296 74.7639
3297 74.7639
3298 74.7639
3299 74.7639
3300 74.7639
3301 74.7639
3302 74.7639
3303 74.7639
3304 74.7639
3305 74.7639
3306 74.7639
3307 74.7009
3308 74.7009
3309 74.7009
3310 74.7009
3311 74.7009
3312 74.7009
3313 74.7009
3314 74.7009
3315 74.7009
3316 74.7009
3317 74.7009
3318 74.7009
3319 74.7009
3320 74.7009
3321 74.7009
3322 74.7009
3323 74.7009
3324 74.7009
3325 74.7009
3326 74.7009
3327 74.7009
3328 74.7009
3329 74.7009
3330 74.7009
3331 74.7009
3332 74.7009
3333 74.7009
3334 74.7009
3335 74.7009
3336 74.7009
3337 74.7009
3338 74.7009
3339 74.7009
3340 74.7009
3341 74.7009
3342 74.7009
3343 74.7009
3344 74.7009
3345 74.7009
3346 74.7009
3347 74.7009
3348 74.7009
3349 74.7009
3350 74.7009
3351 74.7009
3352 74.7009
3353 74.7009
3354 74.7009
3355 74.7009
3356 74.7009
3357 74.7009
3358 74.7009
3359 74.7009
3360 74.7009
3361 74.7009
3362 74.7009
3363 74.7009
3364 74.7009
3365 74.7009
3366 74.7009
3367 74.7009
3368 74.7009
3369 74.7009
3370 74.7009
3371 74.7009
3372 74.7009
3373 74.7009
3374 74.7009
3375 74.7009
3376 74.7009
3377 74.7009
3378 74.7009
3379 74.7009
3380 74.7009
3381 74.7009
3382 74.7009
3383 74.7009
3384 74.7009
3385 74.7009
3386 74.7009
3387 74.7009
3388 74.7009
3389 74.7009
3390 74.7009
3391 74.7009
3392 74.7009
3393 74.7009
3394 74.7009
3395 74.7009
3396 74.7009
3397 74.5884
3398 74.5884
3399 74.5884
3400 74.5884
3401 74.5884
3402 74.5884
3403 74.5884
3404 74.5884
3405 74.5884
3406 74.5884
3407 74.5884
3408 74.5884
3409 74.5884
3410 74.5884
3411 74.5884
3412 74.5884
3413 74.5884
3414 74.5884
3415 74.2342
3416 74.2342
3417 74.2342
3418 74.2342
3419 74.2342
3420 74.2342
3421 74.2342
3422 74.2342
3423 74.2342
3424 74.2342
3425 74.2342
3426 74.2342
3427 74.2342
3428 74.2342
3429 74.2342
3430 74.2342
3431 74.2342
3432 74.2342
3433 74.2342
3434 73.8992
3435 73.8992
3436 73.8992
3437 73.8992
3438 73.8992
3439 73.8992
3440 73.8992
3441 73.8992
3442 73.8992
3443 73.8992
3444 73.8992
3445 73.8992
3446 73.8992
3447 73.8992
3448 73.8992
3449 73.8992
3450 73.8992
3451 73.8992
3452 73.8992
3453 73.8992
3454 73.8992
3455 73.8992
3456 73.8992
3457 73.8992
3458 73.8992
3459 73.8992
3460 73.8992
3461 73.8992
3462 73.8992
3463 73.8992
3464 73.8992
3465 73.8992
3466 73.8992
3467 73.8992
3468 73.8992
3469 73.8992
3470 73.8992
3471 73.8992
3472 73.8992
3473 73.8992
3474 73.8992
3475 73.8992
3476 73.8992
3477 73.8992
3478 73.8992
3479 73.8992
3480 73.8992
3481 73.8992
3482 73.8992
3483 73.8992
3484 73.8992
3485 73.8992
3486 73.8992
3487 73.8992
3488 73.8992
3489 73.8992
3490 73.8992
3491 73.8992
3492 73.8992
3493 73.8992
3494 73.8992
3495 73.8992
3496 73.8992
3497 73.8992
3498 73.8992
3499 73.8992
3500 73.8992
3501 73.8992
3502 73.8992
3503 73.8992
3504 73.8992
3505 73.8992
3506 73.8992
3507 73.8992
3508 73.8992
3509 73.8992
3510 73.8992
3511 73.8992
3512 73.8992
3513 73.8992
3514 73.8992
3515 73.8992
3516 73.8992
3517 73.8992
3518 73.8992
3519 73.8992
3520 73.8992
3521 73.8992
3522 73.8992
3523 73.8992
3524 73.8992
3525 73.8992
3526 73.8992
3527 73.8992
3528 73.8992
3529 73.8992
3530 73.8992
3531 73.8992
3532 73.8992
3533 73.8992
3534 73.8992
3535 73.8992
3536 73.8992
3537 73.8992
3538 73.8992
3539 73.8992
3540 73.8992
3541 73.8992
3542 73.8992
3543 73.8992
3544 73.8992
3545 73.8992
3546 73.8992
3547 73.8992
3548 73.8992
3549 73.8992
3550 73.8992
3551 73.8992
3552 73.8992
3553 73.8992
3554 73.8992
3555 73.8992
3556 73.8992
3557 73.8992
3558 73.8992
3559 73.8992
3560 73.8992
3561 73.8992
3562 73.8992
3563 73.8992
3564 73.8992
3565 73.8992
3566 73.8992
3567 73.8992
3568 73.8992
3569 73.8992
3570 73.8992
3571 73.8992
3572 73.8992
3573 73.8992
3574 73.8992
3575 73.8992
3576 73.8992
3577 73.8992
3578 73.8992
3579 73.8992
3580 73.8992
3581 73.8992
3582 73.8992
3583 73.8992
3584 73.8992
3585 73.8992
3586 73.8992
3587 73.8992
3588 73.8992
3589 73.8992
3590 73.8992
3591 73.8992
3592 73.8992
3593 73.8992
3594 73.8992
3595 73.8992
3596 73.8992
3597 73.8992
3598 73.8992
3599 73.8992
3600 73.8992
3601 73.8992
3602 73.8992
3603 73.8992
3604 73.8992
3605 73.8992
3606 73.8992
3607 73.8992
3608 73.8992
3609 73.8992
3610 73.8992
3611 73.8992
3612 73.8992
3613 73.8992
3614 73.8992
3615 73.8992
3616 73.8992
3617 73.8992
3618 73.8992
3619 73.8992
3620 73.8992
3621 73.8992
3622 73.8992
3623 73.8992
3624 73.8992
3625 73.8992
3626 73.8992
3627 73.8992
3628 73.8992
3629 73.8992
3630 73.8992
3631 73.8992
3632 73.8992
3633 73.8992
3634 73.8992
3635 73.8992
3636 73.8992
3637 73.8992
3638 73.8992
3639 73.8992
3640 73.8992
3641 73.8992
3642 73.8992
3643 73.8992
3644 73.8992
3645 73.8992
3646 73.8992
3647 73.8992
3648 73.8992
3649 73.8992
3650 73.8992
3651 73.8992
3652 73.8992
3653 73.8992
3654 73.8992
3655 73.8992
3656 73.8992
3657 73.8992
3658 73.8992
3659 73.8992
3660 73.8992
3661 73.8992
3662 73.8992
3663 73.8992
3664 73.8992
3665 73.8992
3666 73.8992
3667 73.8992
3668 73.8992
3669 73.8992
3670 73.8992
3671 73.8992
3672 73.8992
3673 73.8992
3674 73.8992
3675 73.8992
3676 73.8992
3677 73.8992
3678 73.8992
3679 73.8992
3680 73.8992
3681 73.8992
3682 73.8992
3683 73.8992
3684 73.8992
3685 73.8992
3686 73.8992
3687 73.8992
3688 73.8992
3689 73.8992
3690 73.8992
3691 73.8992
3692 73.8992
3693 73.8992
3694 73.8992
3695 73.8992
3696 73.8992
3697 73.8992
3698 73.8992
3699 73.8992
3700 73.8992
3701 73.8992
3702 73.8992
3703 73.8992
3704 73.8992
3705 73.8992
3706 73.8992
3707 73.8992
3708 73.8992
3709 73.8992
3710 73.8992
3711 73.8992
3712 73.8992
3713 73.8992
3714 73.8992
3715 73.8992
3716 73.2219
3717 73.2219
3718 73.2219
3719 73.2219
3720 73.2219
3721 73.2219
3722 73.2219
3723 73.2219
3724 73.2219
3725 73.2219
3726 73.2219
3727 73.2219
3728 73.2219
3729 73.2219
3730 73.2219
3731 73.2219
3732 73.2219
3733 73.2219
3734 73.2219
3735 73.2219
3736 73.2219
3737 73.2219
3738 73.2219
3739 73.2219
3740 73.2219
3741 73.2219
3742 73.2219
3743 73.2219
3744 73.2219
3745 73.2219
3746 73.2219
3747 73.2219
3748 73.2219
3749 73.2219
3750 73.2219
3751 73.2219
3752 73.2219
3753 73.2219
3754 73.2219
3755 73.2219
3756 73.2219
3757 73.2219
3758 73.2219
3759 73.2219
3760 73.2219
3761 73.2219
3762 73.2219
3763 73.2219
3764 73.2219
3765 73.2219
3766 73.2219
3767 73.2219
3768 73.2219
3769 73.2219
3770 73.2219
3771 73.2219
3772 73.2219
3773 73.2219
3774 73.2219
3775 73.2219
3776 73.2219
3777 73.2219
3778 73.2219
3779 73.2219
3780 73.2219
3781 73.2219
3782 73.2219
3783 73.2219
3784 73.2219
3785 73.2219
3786 73.2219
3787 73.2219
3788 73.2219
3789 73.2219
3790 73.2219
3791 73.2219
3792 73.2219
3793 73.2219
3794 73.2219
3795 73.2219
3796 73.2219
3797 73.2219
3798 73.2219
3799 73.2219
3800 73.2219
3801 73.2219
3802 73.2219
3803 73.2219
3804 73.2219
3805 73.2219
3806 73.2219
3807 73.2219
3808 73.2219
3809 73.2219
3810 73.2219
3811 73.2219
3812 73.2219
3813 73.2219
3814 73.2219
3815 73.2219
3816 73.2219
3817 73.2219
3818 73.2219
3819 73.2219
3820 73.2219
3821 73.2219
3822 73.2219
3823 73.2219
3824 73.2219
3825 73.2219
3826 73.2219
3827 73.2219
3828 73.2219
3829 73.2219
3830 73.2219
3831 73.2219
3832 73.2219
3833 73.2219
3834 73.2219
3835 73.2219
3836 73.2219
3837 73.2219
3838 73.2219
3839 73.2219
3840 73.2219
3841 73.2219
3842 73.2219
3843 73.2219
3844 73.2219
3845 73.2219
3846 73.2219
3847 73.2219
3848 73.2219
3849 73.2219
3850 73.2219
3851 73.2219
3852 73.2219
3853 73.2219
3854 73.2219
3855 73.2219
3856 73.2219
3857 73.2219
3858 73.2219
3859 73.2219
3860 73.2219
3861 73.2219
3862 73.2219
3863 73.2219
3864 73.2219
3865 73.2219
3866 73.2219
3867 73.2219
3868 73.2219
3869 73.2219
3870 73.2219
3871 73.2219
3872 73.2219
3873 73.2219
3874 73.2219
3875 73.2219
3876 73.2219
3877 73.2219
3878 73.2219
3879 73.2219
3880 73.2219
3881 73.2219
3882 73.2219
3883 73.2219
3884 73.2219
3885 73.2219
3886 73.2219
3887 73.2219
3888 73.2219
3889 73.2219
3890 73.2219
3891 73.2219
3892 73.2219
3893 73.2219
3894 73.2219
3895 73.2219
3896 73.2219
3897 73.2219
3898 73.2219
3899 73.2219
3900 73.2219
3901 73.2219
3902 73.2219
3903 73.2219
3904 73.2219
3905 73.2219
3906 73.2219
3907 73.2219
3908 73.2219
3909 73.2219
3910 73.2219
3911 73.2219
3912 73.2219
3913 73.2219
3914 73.2219
3915 73.2219
3916 73.2219
3917 73.2219
3918 73.2219
3919 73.2219
3920 73.2219
3921 73.2219
3922 73.2219
3923 73.2219
3924 73.2219
3925 73.2219
3926 73.2219
3927 73.2219
3928 73.2219
3929 73.2219
3930 73.2219
3931 73.2219
3932 73.2219
3933 73.2219
3934 73.2219
3935 73.2219
3936 73.2219
3937 73.2219
3938 73.2219
3939 73.2219
3940 73.2219
3941 73.2219
3942 73.2219
3943 73.2219
3944 73.2219
3945 73.2219
3946 73.2219
3947 73.2219
3948 73.2219
3949 73.2219
3950 73.2219
3951 73.2219
3952 73.2219
3953 73.2219
3954 73.2219
3955 73.2219
3956 73.2219
3957 73.2219
3958 73.2219
3959 73.2219
3960 73.2219
3961 73.2219
3962 73.2219
3963 73.2219
3964 73.2219
3965 73.2219
3966 73.2219
3967 73.2219
3968 73.2219
3969 73.2219
3970 73.2219
3971 73.2219
3972 73.2219
3973 73.2219
3974 73.2219
3975 73.2219
3976 73.2219
3977 73.2219
3978 73.2219
3979 73.2219
3980 73.2219
3981 73.2219
3982 73.2219
3983 73.2219
3984 73.2219
3985 73.2219
3986 73.2219
3987 73.2219
3988 73.2219
3989 73.2219
3990 73.2219
3991 73.2219
3992 73.2219
3993 73.2219
3994 73.2219
3995 73.2219
3996 73.2219
3997 73.2219
3998 73.2219
3999 73.2219
4000 73.2219
4001 73.2219
4002 73.2219
4003 73.2219
4004 73.2219
4005 73.2219
4006 73.2219
4007 73.2219
4008 73.2219
4009 73.2219
4010 73.2219
4011 73.2219
4012 73.2219
4013 73.2219
4014 73.2219
4015 73.2219
4016 73.2219
4017 73.2219
4018 73.2219
4019 73.2219
4020 73.2219
4021 73.2219
4022 73.2219
4023 73.2219
4024 73.2219
4025 73.2219
4026 73.2219
4027 73.2219
4028 73.2219
4029 73.2219
4030 73.2219
4031 73.2219
4032 73.2219
4033 73.2219
4034 73.2219
4035 73.2219
4036 73.2219
4037 73.2219
4038 73.2219
4039 73.2219
4040 73.2219
4041 73.2219
4042 73.2219
4043 73.2219
4044 73.2219
4045 73.2219
4046 73.2219
4047 73.2219
4048 73.2219
4049 73.2219
4050 73.2219
4051 73.2219
4052 73.2219
4053 73.2219
4054 73.2219
4055 73.2219
4056 73.2219
4057 73.2219
4058 73.2219
4059 73.2219
4060 73.2219
4061 73.2219
4062 73.2219
4063 73.2219
4064 73.2219
4065 73.2219
4066 73.2219
4067 73.2219
4068 73.2219
4069 73.2219
4070 73.2219
4071 73.2219
4072 73.2219
4073 73.2219
4074 73.2219
4075 73.2219
4076 73.2219
4077 73.2219
4078 73.2219
4079 73.2219
4080 73.2219
4081 73.2219
4082 73.2219
4083 73.2219
4084 73.2219
4085 73.2219
4086 73.2219
4087 73.2219
4088 73.2219
4089 73.2219
4090 73.2219
4091 73.2219
4092 73.2219
4093 73.2219
4094 73.2219
4095 73.2219
4096 73.2219
4097 73.2219
4098 73.2219
4099 73.2219
4100 73.2219
4101 73.2219
4102 73.2219
4103 73.2219
4104 73.2219
4105 73.2219
4106 73.2219
4107 73.2219
4108 73.2219
4109 73.2219
4110 73.2219
4111 73.2219
4112 73.2219
4113 73.2219
4114 73.2219
4115 73.2219
4116 73.2219
4117 73.2219
4118 73.2219
4119 73.2219
4120 73.2219
4121 73.2219
4122 73.2219
4123 73.2219
4124 73.2219
4125 73.2219
4126 73.2219
4127 73.2219
4128 73.2219
4129 73.2219
4130 73.2219
4131 73.2219
4132 73.2219
4133 73.2219
4134 73.2219
4135 73.2219
4136 73.2219
4137 73.2219
4138 73.2219
4139 73.2219
4140 73.2219
4141 73.2219
4142 73.2219
4143 73.2219
4144 73.2219
4145 73.2219
4146 73.2219
4147 73.2219
4148 73.2219
4149 73.2219
4150 73.2219
4151 73.2219
4152 73.2219
4153 73.2219
4154 73.2219
4155 73.2219
4156 73.2219
4157 73.2219
4158 73.2219
4159 73.2219
4160 73.2219
4161 73.2219
4162 73.2219
4163 73.2219
4164 73.2219
4165 73.2219
4166 73.2219
4167 73.2219
4168 73.2219
4169 73.2219
4170 73.2219
4171 73.2219
4172 73.2219
4173 73.2219
4174 73.2219
4175 73.2219
4176 73.2219
4177 73.2219
4178 73.2219
4179 73.2219
4180 73.2219
4181 73.2219
4182 73.2219
4183 73.2219
4184 73.2219
4185 73.2219
4186 73.2219
4187 73.2219
4188 73.2219
4189 73.2219
4190 73.2219
4191 73.2219
4192 73.2219
4193 73.2219
4194 73.2219
4195 73.2219
4196 73.2219
4197 73.2219
4198 73.2219
4199 73.2219
4200 73.2219
4201 73.2219
4202 73.2219
4203 73.2219
4204 73.2219
4205 73.2219
4206 73.2219
4207 73.2219
4208 73.2219
4209 73.2219
4210 73.2219
4211 73.2219
4212 73.2219
4213 73.2219
4214 73.2219
4215 73.2219
4216 73.2219
4217 73.2219
4218 73.2219
4219 73.2219
4220 73.2219
4221 73.2219
4222 73.2219
4223 73.2219
4224 73.2219
4225 73.2219
4226 73.2219
4227 73.2219
4228 73.2219
4229 73.2219
4230 73.2219
4231 73.2219
4232 73.2219
4233 73.2219
4234 73.2219
4235 73.2219
4236 73.2219
4237 73.2219
4238 73.2219
4239 73.2219
4240 73.2219
4241 73.2219
4242 73.2219
4243 73.2219
4244 73.2219
4245 73.2219
4246 73.2219
4247 73.2219
4248 73.2219
4249 73.2219
4250 73.2219
4251 73.2219
4252 73.2219
4253 73.2219
4254 73.2219
4255 73.2219
4256 73.2219
4257 73.2219
4258 73.2219
4259 73.2219
4260 73.2219
4261 73.2219
4262 73.2219
4263 73.2219
4264 73.2219
4265 73.2219
4266 73.2219
4267 73.2219
4268 73.2219
4269 73.2219
4270 73.2219
4271 73.2219
4272 73.2219
4273 73.2219
4274 73.2219
4275 73.2219
4276 73.2219
4277 73.2219
4278 73.2219
4279 73.2219
4280 73.2219
4281 73.2219
4282 73.2219
4283 73.2219
4284 73.2219
4285 73.2219
4286 73.2219
4287 73.2219
4288 73.2219
4289 73.2219
4290 73.2219
4291 73.2219
4292 73.2219
4293 73.2219
4294 73.2219
4295 73.2219
4296 73.2219
4297 73.2219
4298 73.2219
4299 73.2219
4300 73.2219
4301 73.2219
4302 73.2219
4303 73.2219
4304 73.2219
4305 73.2219
4306 73.2219
4307 73.2219
4308 73.2219
4309 73.2219
4310 73.2219
4311 73.2219
4312 73.2219
4313 73.2219
4314 73.2219
4315 73.2219
4316 73.2219
4317 73.2219
4318 73.2219
4319 73.2219
4320 73.2219
4321 73.2219
4322 73.2219
4323 73.2219
4324 73.2219
4325 73.2219
4326 73.2219
4327 73.2219
4328 73.2219
4329 73.2219
4330 73.2219
4331 73.2219
4332 73.2219
4333 73.2219
4334 73.2219
4335 73.2219
4336 73.2219
4337 73.2219
4338 73.2219
4339 73.2219
4340 73.2219
4341 73.2219
4342 73.2219
4343 73.2219
4344 73.2219
4345 73.2219
4346 73.2219
4347 73.2219
4348 73.2219
4349 73.2219
4350 73.2219
4351 73.2219
4352 73.2219
4353 73.2219
4354 73.2219
4355 73.2219
4356 73.2219
4357 73.2219
4358 73.2219
4359 73.2219
4360 73.2219
4361 73.2219
4362 73.2219
4363 73.2219
4364 73.2219
4365 73.2219
4366 73.2219
4367 73.2219
4368 73.2219
4369 73.2219
4370 73.2219
4371 73.2219
4372 73.2219
4373 73.2219
4374 73.2219
4375 73.2219
4376 73.2219
4377 73.2219
4378 73.2219
4379 73.2219
4380 73.2219
4381 73.2219
4382 73.2219
4383 73.2219
4384 73.2219
4385 73.2219
4386 73.2219
4387 73.2219
4388 73.2219
4389 73.2219
4390 73.2219
4391 73.2219
4392 73.2219
4393 73.2219
4394 73.2219
4395 73.2219
4396 73.2219
4397 73.2219
4398 73.2219
4399 73.2219
4400 73.2219
4401 73.2219
4402 73.2219
4403 73.2219
4404 73.2219
4405 73.2219
4406 73.2219
4407 73.2219
4408 73.2219
4409 73.2219
4410 73.2219
4411 73.2219
4412 73.2219
4413 73.2219
4414 73.2219
4415 73.2219
4416 73.2219
4417 73.2219
4418 73.2219
4419 73.2219
4420 73.2219
4421 73.2219
4422 73.2219
4423 73.2219
4424 73.2219
4425 73.2219
4426 73.2219
4427 73.2219
4428 73.2219
4429 73.2219
4430 73.2219
4431 73.2219
4432 73.2219
4433 73.2219
4434 73.2219
4435 73.2219
4436 73.2219
4437 73.2219
4438 73.2219
4439 73.2219
4440 73.2219
4441 73.2219
4442 73.2219
4443 73.2219
4444 73.2219
4445 73.2219
4446 73.2219
4447 73.2219
4448 73.2219
4449 73.2219
4450 73.2219
4451 73.2219
4452 73.2219
4453 73.2219
4454 73.2219
4455 73.2219
4456 73.2219
4457 73.2219
4458 73.2219
4459 73.2219
4460 73.2219
4461 73.2219
4462 73.2219
4463 73.2219
4464 73.2219
4465 73.2219
4466 73.2219
4467 73.2219
4468 73.2219
4469 73.2219
4470 73.2219
4471 73.2219
4472 73.2219
4473 73.2219
4474 73.2219
4475 73.2219
4476 73.2219
4477 73.2219
4478 73.2219
4479 73.2219
4480 73.2219
4481 73.2219
4482 73.2219
4483 73.2219
4484 73.2219
4485 73.2219
4486 73.2219
4487 73.2219
4488 73.2219
4489 73.2219
4490 73.2219
4491 73.2219
4492 73.2219
4493 73.2219
4494 73.2219
4495 73.2219
4496 73.2219
4497 73.2219
4498 73.2219
4499 73.2219
4500 73.2219
4501 73.2219
4502 73.2219
4503 73.2219
4504 73.2219
4505 73.2219
4506 73.2219
4507 73.2219
4508 73.2219
4509 73.2219
4510 73.2219
4511 73.2219
4512 73.2219
4513 73.2219
4514 73.2219
4515 73.2219
4516 73.2219
4517 73.2219
4518 73.2219
4519 73.2219
4520 73.2219
4521 73.2219
4522 73.2219
4523 73.2219
4524 73.2219
4525 73.2219
4526 73.2219
4527 73.2219
4528 73.2219
4529 73.2219
4530 73.2219
4531 73.2219
4532 73.2219
4533 73.2219
4534 73.2219
4535 73.2219
4536 73.2219
4537 73.2219
4538 73.2219
4539 73.2219
4540 73.2219
4541 73.2219
4542 73.2219
4543 73.2219
4544 73.2219
4545 73.2219
4546 73.2219
4547 73.2219
4548 73.2219
4549 73.2219
4550 73.2219
4551 73.2219
4552 73.2219
4553 73.2219
4554 73.2219
4555 73.2219
4556 73.2219
4557 73.2219
4558 73.2219
4559 73.2219
4560 73.2219
4561 73.2219
4562 73.2219
4563 73.2219
4564 73.2219
4565 73.2219
4566 73.2219
4567 73.2219
4568 73.2219
4569 73.2219
4570 73.2219
4571 73.2219
4572 73.2219
4573 73.2219
4574 73.2219
4575 73.2219
4576 73.2219
4577 73.2219
4578 73.2219
4579 73.2219
4580 73.2219
4581 73.2219
4582 73.2219
4583 73.2219
4584 73.2219
4585 73.2219
4586 73.2219
4587 73.2219
4588 73.2219
4589 73.2219
4590 73.2219
4591 73.2219
4592 73.2219
4593 73.2219
4594 73.2219
4595 73.2219
4596 73.2219
4597 73.2219
4598 73.2219
4599 73.2219
4600 73.2219
4601 73.2219
4602 73.2219
4603 73.2219
4604 73.2219
4605 73.2219
4606 73.2219
4607 73.2219
4608 73.2219
4609 73.2219
4610 73.2219
4611 73.2219
4612 73.2219
4613 73.2219
4614 73.2219
4615 73.2219
4616 73.2219
4617 73.2219
4618 73.2219
4619 73.2219
4620 73.2219
4621 73.2219
4622 73.2219
4623 73.2219
4624 73.2219
4625 73.2219
4626 73.2219
4627 73.2219
4628 73.2219
4629 73.2219
4630 73.2219
4631 73.2219
4632 73.2219
4633 73.2219
4634 73.2219
4635 73.2219
4636 73.2219
4637 73.2219
4638 73.2219
4639 73.2219
4640 73.2219
4641 73.2219
4642 73.2219
4643 73.2219
4644 73.2219
4645 73.2219
4646 73.2219
4647 73.2219
4648 73.2219
4649 73.2219
4650 73.2219
4651 73.2219
4652 73.2219
4653 73.2219
4654 73.2219
4655 73.2219
4656 73.2219
4657 73.2219
4658 73.2219
4659 73.2219
4660 73.2219
4661 73.2219
4662 73.2219
4663 73.2219
4664 73.2219
4665 73.2219
4666 73.2219
4667 73.2219
4668 73.2219
4669 73.2219
4670 73.2219
4671 73.2219
4672 73.2219
4673 73.2219
4674 73.2219
4675 73.2219
4676 73.2219
4677 73.2219
4678 73.2219
4679 73.2219
4680 73.2219
4681 73.2219
4682 73.2219
4683 73.2219
4684 73.2219
4685 73.2219
4686 73.2219
4687 73.2219
4688 73.2219
4689 73.2219
4690 73.2219
4691 73.2219
4692 73.2219
4693 73.2219
4694 73.2219
4695 73.2219
4696 73.2219
4697 73.2219
4698 73.2219
4699 73.2219
4700 73.2219
4701 73.2219
4702 73.2219
4703 73.2219
4704 73.2219
4705 73.2219
4706 73.2219
4707 73.2219
4708 73.2219
4709 73.2219
4710 73.2219
4711 73.2219
4712 73.2219
4713 73.2219
4714 73.2219
4715 73.2219
4716 73.2219
4717 73.2219
4718 73.2219
4719 73.2219
4720 73.2219
4721 73.2219
4722 73.2219
4723 73.2219
4724 73.2219
4725 73.2219
4726 73.2219
4727 73.2219
4728 73.2219
4729 73.2219
4730 73.2219
4731 73.2219
4732 73.2219
4733 73.2219
4734 73.2219
4735 73.2219
4736 73.2219
4737 73.2219
4738 73.2219
4739 73.2219
4740 73.2219
4741 73.2219
4742 73.2219
4743 73.2219
4744 73.2219
4745 73.2219
4746 73.2219
4747 73.2219
4748 73.2219
4749 73.2219
4750 73.2219
4751 73.2219
4752 73.2219
4753 73.2219
4754 73.2219
4755 73.0705
4756 73.0705
4757 73.0705
4758 73.0705
4759 72.9078
4760 72.9078
4761 72.9078
4762 72.9078
4763 72.9078
4764 72.9078
4765 72.9078
4766 72.9078
4767 72.9078
4768 72.9078
4769 72.9078
4770 72.9078
4771 72.9078
4772 72.9078
4773 72.9078
4774 72.9078
4775 72.9078
4776 72.9078
4777 72.9078
4778 72.9078
4779 72.9078
4780 72.9078
4781 72.9078
4782 72.9078
4783 72.9078
4784 72.9078
4785 72.9078
4786 72.9078
4787 72.9078
4788 72.9078
4789 72.8914
4790 72.8914
4791 72.8914
4792 72.8914
4793 72.8914
4794 72.8914
4795 72.8914
4796 72.8914
4797 72.8914
4798 72.8914
4799 72.8914
4800 72.8914
4801 72.8914
4802 72.8914
4803 72.8914
4804 72.8914
4805 72.8914
4806 72.8914
4807 72.8914
4808 72.8914
4809 72.8914
4810 72.8914
4811 72.8914
4812 72.8914
4813 72.8914
4814 72.8914
4815 72.7794
4816 72.7794
4817 72.7794
4818 72.7794
4819 72.7794
4820 72.7794
4821 72.7794
4822 72.7794
4823 72.7794
4824 72.7794
4825 72.7794
4826 72.7794
4827 72.7794
4828 72.7794
4829 72.7794
4830 72.7794
4831 72.7794
4832 72.7794
4833 72.7794
4834 72.7794
4835 72.7794
4836 72.7794
4837 72.7794
4838 72.7794
4839 72.7794
4840 72.7794
4841 72.7794
4842 72.7794
4843 72.7794
4844 72.7794
4845 72.7794
4846 72.7794
4847 72.7794
4848 72.7794
4849 72.7794
4850 72.7794
4851 72.7794
4852 72.7794
4853 72.7794
4854 72.7794
4855 72.7794
4856 72.7794
4857 72.7794
4858 72.7794
4859 72.7794
4860 72.7794
4861 72.7794
4862 72.7794
4863 72.7794
4864 72.7794
4865 72.7794
4866 72.7794
4867 72.7794
4868 72.7794
4869 72.7794
4870 72.7794
4871 72.7794
4872 72.7794
4873 72.7794
4874 72.7794
4875 72.7794
4876 72.7794
4877 72.7794
4878 72.7794
4879 72.7794
4880 72.7794
4881 72.7794
4882 72.7794
4883 72.7794
4884 72.7794
4885 72.7794
4886 72.7794
4887 72.7794
4888 72.7794
4889 72.7794
4890 72.7794
4891 72.7794
4892 72.7794
4893 72.7794
4894 72.7794
4895 72.7794
4896 72.7794
4897 72.7794
4898 72.7794
4899 72.7794
4900 72.7794
4901 72.7794
4902 72.7794
4903 72.7794
4904 72.7794
4905 72.7794
4906 72.7794
4907 72.7794
4908 72.7794
4909 72.7794
4910 72.7794
4911 72.7794
4912 72.7794
4913 72.7794
4914 72.7794
4915 72.7794
4916 72.7794
4917 72.7794
4918 72.7794
4919 72.7794
4920 72.7794
4921 72.7794
4922 72.7794
4923 72.7794
4924 72.7794
4925 72.7794
4926 72.7794
4927 72.7794
4928 72.7794
4929 72.7794
4930 72.7794
4931 72.7794
4932 72.7794
4933 72.7794
4934 72.7794
4935 72.7794
4936 72.7794
4937 72.7794
4938 72.7794
4939 72.7794
4940 72.7794
4941 72.7794
4942 72.7794
4943 72.7794
4944 72.7794
4945 72.7794
4946 72.7794
4947 72.7794
4948 72.7794
4949 72.7794
4950 72.7794
4951 72.7794
4952 72.7794
4953 72.7794
4954 72.7794
4955 72.7794
4956 72.7794
4957 72.7794
4958 72.7794
4959 72.7794
4960 72.7794
4961 72.7794
4962 72.7794
4963 72.7794
4964 72.7794
4965 72.7794
4966 72.7794
4967 72.7794
4968 72.7794
4969 72.7794
4970 72.7794
4971 72.7794
4972 72.7794
4973 72.7794
4974 72.7794
4975 72.7794
4976 72.7794
4977 72.7794
4978 72.7794
4979 72.7794
4980 72.7794
4981 72.7794
4982 72.7794
4983 72.7794
4984 72.7794
4985 72.7794
4986 72.7794
4987 72.7794
4988 72.7794
4989 72.7794
4990 72.7794
4991 72.7794
4992 72.7794
4993 72.7794
4994 72.7794
4995 72.7794
4996 72.7794
4997 72.7794
4998 72.7794
4999 72.7794
5000 72.7794
5001 72.7794
5002 72.7794
5003 72.7794
5004 72.7794
5005 72.7794
5006 72.7794
5007 72.7794
5008 72.7794
5009 72.7794
5010 72.7794
5011 72.7794
5012 72.7794
5013 72.7794
5014 72.7794
5015 72.7794
5016 72.7794
5017 72.7794
5018 72.7794
5019 72.7794
5020 72.7794
5021 72.7794
5022 72.7794
5023 72.7794
5024 72.7794
5025 72.7794
5026 72.7794
5027 72.7794
5028 72.7794
5029 72.7794
5030 72.7794
5031 72.7794
5032 72.7794
5033 72.7794
5034 72.7794
5035 72.7794
5036 72.7794
5037 72.7794
5038 72.7794
5039 72.7794
5040 72.7794
5041 72.7794
5042 72.7794
5043 72.7794
5044 72.7794
5045 72.7794
5046 72.7794
5047 72.7794
5048 72.7794
5049 72.7794
5050 72.7794
5051 72.7794
5052 72.7794
5053 72.7794
5054 72.7794
5055 72.7794
5056 72.7794
5057 72.7794
5058 72.7794
5059 72.7794
5060 72.7794
5061 72.7794
5062 72.7794
5063 72.7794
5064 72.7794
5065 72.7794
5066 72.7794
5067 72.7794
5068 72.7794
5069 72.7794
5070 72.7794
5071 72.7794
5072 72.7794
5073 72.7794
5074 72.7794
5075 72.7794
5076 72.7794
5077 72.7794
5078 72.7794
5079 72.7794
5080 72.7794
5081 72.7794
5082 72.7794
5083 72.7794
5084 72.7794
5085 72.7794
5086 72.7794
5087 72.7794
5088 72.7794
5089 72.7794
5090 72.7794
5091 72.7794
5092 72.7794
5093 72.7794
5094 72.7794
5095 72.7794
5096 72.7794
5097 72.7794
5098 72.7794
5099 72.7794
5100 72.7794
5101 72.7794
5102 72.7794
5103 72.7794
5104 72.7794
5105 72.7794
5106 72.7794
5107 72.7794
5108 72.7794
5109 72.7794
5110 72.7794
5111 72.7794
5112 72.7794
5113 72.7794
5114 72.7794
5115 72.7794
5116 72.7794
5117 72.7794
5118 72.7794
5119 72.7794
5120 72.7794
5121 72.7794
5122 72.7794
5123 72.7794
5124 72.7794
5125 72.7794
5126 72.7794
5127 72.7794
5128 72.7794
5129 72.7794
5130 72.7794
5131 72.7794
5132 72.7794
5133 72.7794
5134 72.7794
5135 72.7794
5136 72.7794
5137 72.7794
5138 72.7794
5139 72.7794
5140 72.7794
5141 72.7794
5142 72.7794
5143 72.7794
5144 72.7794
5145 72.7794
5146 72.7794
5147 72.7794
5148 72.7794
5149 72.7794
5150 72.7794
5151 72.7794
5152 72.7794
5153 72.7794
5154 72.7794
5155 72.7794
5156 72.7794
5157 72.7794
5158 72.7794
5159 72.7794
5160 72.7794
5161 72.7794
5162 72.7794
5163 72.7794
5164 72.7794
5165 72.7794
5166 72.7794
5167 72.7794
5168 72.7794
5169 72.7794
5170 72.7794
5171 72.7794
5172 72.7794
5173 72.7794
5174 72.7794
5175 72.7794
5176 72.7794
5177 72.7794
5178 72.7794
5179 72.7794
5180 72.7794
5181 72.7794
5182 72.7794
5183 72.7794
5184 72.7794
5185 72.7794
5186 72.7794
5187 72.7794
5188 72.7794
5189 72.7794
5190 72.7794
5191 72.7794
5192 72.7794
5193 72.7794
5194 72.7794
5195 72.7794
5196 72.7794
5197 72.7794
5198 72.7794
5199 72.7794
5200 72.7794
5201 72.7794
5202 72.7794
5203 72.7794
5204 72.7794
5205 72.7794
5206 72.7794
5207 72.7794
5208 72.7794
5209 72.7794
5210 72.7794
5211 72.7794
5212 72.7794
5213 72.7794
5214 72.7794
5215 72.7794
5216 72.7794
5217 72.7794
5218 72.7794
5219 72.7794
5220 72.7794
5221 72.7794
5222 72.7794
5223 72.7794
5224 72.7794
5225 72.7794
5226 72.7794
5227 72.7794
5228 72.7794
5229 72.7794
5230 72.7794
5231 72.7794
5232 72.7794
5233 72.7794
5234 72.7794
5235 72.7794
5236 72.7794
5237 72.7794
5238 72.7794
5239 72.7794
5240 72.7794
5241 72.7794
5242 72.7794
5243 72.7794
5244 72.7794
5245 72.7794
5246 72.7794
5247 72.7794
5248 72.7794
5249 72.7794
5250 72.7794
5251 72.7794
5252 72.7794
5253 72.7794
5254 72.7794
5255 72.7794
5256 72.7794
5257 72.7794
5258 72.7794
5259 72.7794
5260 72.7794
5261 72.7794
5262 72.7794
5263 72.7794
5264 72.7794
5265 72.7794
5266 72.7794
5267 72.7794
5268 72.7794
5269 72.7794
5270 72.7794
5271 72.7794
5272 72.7794
5273 72.7794
5274 72.7794
5275 72.7794
5276 72.7794
5277 72.7794
5278 72.7794
5279 72.7794
5280 72.7794
5281 72.7794
5282 72.7794
5283 72.7794
5284 72.7794
5285 72.7794
5286 72.7794
5287 72.7794
5288 72.7794
5289 72.7794
5290 72.7794
5291 72.7794
5292 72.7794
5293 72.7794
5294 72.7794
5295 72.7794
5296 72.7794
5297 72.7794
5298 72.7794
5299 72.7794
5300 72.7794
5301 72.7794
5302 72.7794
5303 72.7794
5304 72.7794
5305 72.7794
5306 72.7794
5307 72.7794
5308 72.7794
5309 72.7794
5310 72.7794
5311 72.7794
5312 72.7794
5313 72.7794
5314 72.7794
5315 72.7794
5316 72.7794
5317 72.7794
5318 72.7794
5319 72.7794
5320 72.7794
5321 72.7794
5322 72.7794
5323 72.7794
5324 72.7794
5325 72.7794
5326 72.7794
5327 72.7794
5328 72.7794
5329 72.7794
5330 72.7794
5331 72.7794
5332 72.7794
5333 72.7794
5334 72.7794
5335 72.7794
5336 72.7794
5337 72.7794
5338 72.7794
5339 72.7794
5340 72.7794
5341 72.7794
5342 72.7794
5343 72.7794
5344 72.7794
5345 72.7794
5346 72.7794
5347 72.7794
5348 72.7794
5349 72.7794
5350 72.7794
5351 72.7794
5352 72.7794
5353 72.7794
5354 72.7794
5355 72.7794
5356 72.7794
5357 72.7794
5358 72.7794
5359 72.7794
5360 72.7794
5361 72.7794
5362 72.7794
5363 72.7794
5364 72.7794
5365 72.7794
5366 72.7794
5367 72.7794
5368 72.7794
5369 72.7794
5370 72.7794
5371 72.7794
5372 72.7794
5373 72.7794
5374 72.7794
5375 72.7794
5376 72.7794
5377 72.7794
5378 72.7794
5379 72.7794
5380 72.7794
5381 72.7794
5382 72.7794
5383 72.7794
5384 72.7794
5385 72.7794
5386 72.7794
5387 72.7794
5388 72.7794
5389 72.7794
5390 72.7794
5391 72.7794
5392 72.7794
5393 72.7794
5394 72.7794
5395 72.7794
5396 72.7794
5397 72.7794
5398 72.7794
5399 72.7794
5400 72.7794
5401 72.7794
5402 72.7794
5403 72.7794
5404 72.7794
5405 72.7794
5406 72.7794
5407 72.7794
5408 72.7794
5409 72.7794
5410 72.7794
5411 72.7794
5412 72.5614
5413 72.5614
5414 72.5614
5415 72.5614
5416 72.5614
5417 72.5614
5418 72.5614
5419 72.5614
5420 72.5614
5421 72.5614
5422 72.5614
5423 72.5614
5424 72.5614
5425 72.5614
5426 72.5614
5427 72.5614
5428 72.5614
5429 72.5614
5430 72.5614
5431 72.5614
5432 72.5614
5433 72.5614
5434 72.5614
5435 72.5614
5436 72.5614
5437 72.5614
5438 72.5614
5439 72.5614
5440 72.5614
5441 72.5614
5442 72.5614
5443 72.5614
5444 72.5614
5445 72.5614
5446 72.5614
5447 72.5614
5448 72.5614
5449 72.5614
5450 72.5614
5451 72.5614
5452 72.5614
5453 72.5614
5454 72.5614
5455 72.5614
5456 72.5614
5457 72.5614
5458 72.5614
5459 72.5614
5460 72.5614
5461 72.5614
5462 72.5614
5463 72.5614
5464 72.5614
5465 72.5614
5466 72.5614
5467 72.5614
5468 72.5614
5469 72.5614
5470 72.5614
5471 72.5614
5472 72.5614
5473 72.5614
5474 72.5614
5475 72.5614
5476 72.5614
5477 72.5614
5478 72.5614
5479 72.5614
5480 72.5614
5481 72.5614
5482 72.5614
5483 72.5614
5484 72.5614
5485 72.5614
5486 72.5614
5487 72.5614
5488 72.5614
5489 72.5614
5490 72.5614
5491 72.5614
5492 72.5614
5493 72.5614
5494 72.5614
5495 72.5614
5496 72.5614
5497 72.5614
5498 72.5614
5499 72.5614
5500 72.5614
5501 72.5614
5502 72.5614
5503 72.5614
5504 72.5614
5505 72.5614
5506 72.5614
5507 72.5614
5508 72.5614
5509 72.5614
5510 72.5614
5511 72.5614
5512 72.5614
5513 72.5614
5514 72.5614
5515 72.5614
5516 72.5614
5517 72.5614
5518 72.5614
5519 72.5614
5520 72.5614
5521 72.5614
5522 72.5614
5523 72.5614
5524 72.5614
5525 72.5614
5526 72.5614
5527 72.5614
5528 72.5614
5529 72.5614
5530 72.5614
5531 72.5614
5532 72.5614
5533 72.5614
5534 72.5614
5535 72.5614
5536 72.5614
5537 72.5614
5538 72.5614
5539 72.5614
5540 72.5614
5541 72.5614
5542 72.5614
5543 72.5614
5544 72.5614
5545 72.5614
5546 72.5614
5547 72.5614
5548 72.5614
5549 72.5614
5550 72.5614
5551 72.5614
5552 72.5614
5553 72.5614
5554 72.5614
5555 72.3877
5556 72.3877
5557 72.3877
5558 72.3877
5559 72.3877
5560 72.3877
5561 72.3877
5562 72.3877
5563 72.3877
5564 72.3877
5565 72.3877
5566 72.3877
5567 72.3877
5568 72.3877
5569 72.3877
5570 72.3877
5571 72.3877
5572 72.3877
5573 72.3877
5574 72.3877
5575 72.3877
5576 72.3877
5577 72.3877
5578 72.3877
5579 72.3877
5580 72.3877
5581 72.3877
5582 72.3877
5583 72.3877
5584 72.3877
5585 72.3877
5586 72.3877
5587 72.3877
5588 72.3877
5589 72.3877
5590 72.3877
5591 72.3877
5592 72.307
5593 72.307
5594 72.307
5595 72.307
5596 72.307
5597 72.307
5598 72.307
5599 72.307
5600 72.307
5601 72.307
5602 72.307
5603 72.307
5604 72.307
5605 72.307
5606 72.307
5607 72.307
5608 72.307
5609 72.307
5610 72.307
5611 72.307
5612 72.307
5613 72.307
5614 72.307
5615 72.307
5616 72.307
5617 72.307
5618 72.307
5619 72.307
5620 72.307
5621 72.307
5622 72.307
5623 72.307
5624 72.307
5625 72.307
5626 72.307
5627 72.307
5628 72.307
5629 72.307
5630 72.307
5631 72.307
5632 72.307
5633 72.307
5634 72.307
5635 72.307
5636 72.307
5637 72.307
5638 72.307
5639 72.307
5640 72.307
5641 72.307
5642 72.307
5643 72.307
5644 72.307
5645 72.307
5646 72.307
5647 72.307
5648 72.307
5649 72.307
5650 72.307
5651 72.307
5652 72.307
5653 72.307
5654 72.307
5655 72.307
5656 72.307
5657 72.307
5658 72.307
5659 72.307
5660 72.307
5661 72.307
5662 72.307
5663 72.307
5664 72.307
5665 72.307
5666 72.307
5667 72.307
5668 72.307
5669 72.307
5670 72.307
5671 72.307
5672 72.307
5673 72.307
5674 72.307
5675 72.307
5676 72.307
5677 72.307
5678 72.307
5679 72.307
5680 72.307
5681 72.307
5682 72.307
5683 72.307
5684 72.307
5685 72.307
5686 72.307
5687 72.307
5688 72.307
5689 72.307
5690 72.307
5691 72.307
5692 72.307
5693 72.307
5694 72.307
5695 72.307
5696 72.307
5697 72.307
5698 72.307
5699 72.307
5700 72.307
5701 72.307
5702 72.307
5703 72.307
5704 72.307
5705 72.307
5706 72.307
5707 72.307
5708 72.307
5709 72.307
5710 72.307
5711 72.307
5712 72.307
5713 72.307
5714 72.307
5715 72.307
5716 72.307
5717 72.307
5718 72.307
5719 72.307
5720 72.307
5721 72.307
5722 72.307
5723 72.307
5724 72.307
5725 72.307
5726 72.307
5727 72.307
5728 72.307
5729 72.307
5730 72.307
5731 72.307
5732 72.307
5733 72.307
5734 72.307
5735 72.307
5736 72.307
5737 72.307
5738 72.307
5739 72.307
5740 72.307
5741 72.307
5742 72.307
5743 72.307
5744 72.307
5745 72.307
5746 72.307
5747 72.307
5748 72.307
5749 72.307
5750 72.307
5751 72.307
5752 72.307
5753 72.307
5754 72.307
5755 72.307
5756 72.307
5757 72.307
5758 72.307
5759 72.307
5760 72.307
5761 72.307
5762 72.307
5763 72.307
5764 72.307
5765 72.307
5766 72.307
5767 72.307
5768 72.307
5769 72.307
5770 72.307
5771 72.307
5772 72.307
5773 72.307
5774 72.307
5775 72.307
5776 72.307
5777 72.307
5778 72.307
5779 72.307
5780 72.307
5781 72.307
5782 72.307
5783 72.307
5784 72.307
5785 72.307
5786 72.307
5787 72.307
5788 72.307
5789 72.307
5790 72.307
5791 72.307
5792 72.307
5793 72.307
5794 72.307
5795 72.307
5796 72.307
5797 72.307
5798 72.307
5799 72.307
5800 72.307
5801 72.307
5802 72.307
5803 72.307
5804 72.307
5805 72.307
5806 72.307
5807 72.307
5808 72.307
5809 72.307
5810 72.307
5811 72.307
5812 72.307
5813 72.307
5814 72.307
5815 72.307
5816 72.307
5817 72.307
5818 72.307
5819 72.307
5820 72.307
5821 72.307
5822 72.307
5823 72.307
5824 72.307
5825 72.307
5826 72.307
5827 72.307
5828 72.307
5829 72.307
5830 72.307
5831 72.307
5832 72.307
5833 72.307
5834 72.307
5835 72.307
5836 72.307
5837 72.307
5838 72.307
5839 72.307
5840 72.307
5841 72.307
5842 72.307
5843 72.1064
5844 72.1064
5845 72.1064
5846 72.1064
5847 71.674
5848 71.674
5849 71.674
5850 71.674
5851 71.674
5852 71.674
5853 71.674
5854 71.674
5855 71.674
5856 71.674
5857 71.674
5858 71.674
5859 71.674
5860 71.674
5861 71.674
5862 71.674
5863 71.674
5864 71.674
5865 71.674
5866 71.674
5867 71.674
5868 71.674
5869 71.674
5870 71.674
5871 71.674
5872 71.674
5873 71.674
5874 71.674
5875 71.674
5876 71.674
5877 71.674
5878 71.674
5879 71.674
5880 71.674
5881 71.674
5882 71.674
5883 71.674
5884 71.674
5885 71.674
5886 71.674
5887 71.674
5888 71.674
5889 71.674
5890 71.674
5891 71.674
5892 71.674
5893 71.674
5894 71.674
5895 71.674
5896 71.674
5897 71.674
5898 71.674
5899 71.674
5900 71.674
5901 71.674
5902 71.674
5903 71.674
5904 71.674
5905 71.674
5906 71.674
5907 71.674
5908 71.674
5909 71.674
5910 71.674
5911 71.674
5912 71.674
5913 71.674
5914 71.674
5915 71.674
5916 71.674
5917 71.674
5918 71.674
5919 71.674
5920 71.674
5921 71.674
5922 71.674
5923 71.674
5924 71.674
5925 71.674
5926 71.674
5927 71.674
5928 71.674
5929 71.674
5930 71.674
5931 71.674
5932 71.674
5933 71.674
5934 71.674
5935 71.674
5936 71.674
5937 71.674
5938 71.674
5939 71.674
5940 71.674
5941 71.674
5942 71.674
5943 71.674
5944 71.674
5945 71.674
5946 71.674
5947 71.674
5948 71.674
5949 71.674
5950 71.674
5951 71.674
5952 71.674
5953 71.674
5954 71.674
5955 71.674
5956 71.674
5957 71.674
5958 71.674
5959 71.674
5960 71.674
5961 71.674
5962 71.674
5963 71.674
5964 71.674
5965 71.674
5966 71.674
5967 71.674
5968 71.674
5969 71.674
5970 71.674
5971 71.674
5972 71.674
5973 71.674
5974 71.674
5975 71.674
5976 71.674
5977 71.674
5978 71.674
5979 71.674
5980 71.674
5981 71.674
5982 71.674
5983 71.674
5984 71.674
5985 71.674
5986 71.674
5987 71.674
5988 71.674
5989 71.674
5990 71.674
5991 71.674
5992 71.674
5993 71.674
5994 71.674
5995 71.674
5996 71.674
5997 71.674
5998 71.674
5999 71.674
