0 427.894
1 426.572
2 412.819
3 411.556
4 406.848
5 406.8
6 403.484
7 395.199
8 390.267
9 386.194
10 378.98
11 377.571
12 371.388
13 365.507
14 360.15
15 353.437
16 350.091
17 347.227
18 342.795
19 342.795
20 339.757
21 336.931
22 333.342
23 323.766
24 323.541
25 321.996
26 317.059
27 309.533
28 306.495
29 303.394
30 301.528
31 294.939
32 293.821
33 293.821
34 293.591
35 292.472
36 291.713
37 290.928
38 290.928
39 288.171
40 288.171
41 286.409
42 283.848
43 280.406
44 274.013
45 270.276
46 269.841
47 269.841
48 266.776
49 264.433
50 264.433
51 264.433
52 261.931
53 259.908
54 259.908
55 259.908
56 258.686
57 257.066
58 252.769
59 247.972
60 245.412
61 241.292
62 241.292
63 240.124
64 238.45
65 236.203
66 236.203
67 233.201
68 232.407
69 230.913
70 229.069
71 228.78
72 227.894
73 226.996
74 226.233
75 224.838
76 224.613
77 224.513
78 223.725
79 223.625
80 222.686
81 221.719
82 220.737
83 219.17
84 216.85
85 215.782
86 215.782
87 209.151
88 206.98
89 206.98
90 206.98
91 206.98
92 204.342
93 204.342
94 203.64
95 203.64
96 203.64
97 203.64
98 202.718
99 202.324
100 202.324
101 198.323
102 198.323
103 198.323
104 198.323
105 198.323
106 198.323
107 197.82
108 197.82
109 197.82
110 196.969
111 196.969
112 196.969
113 196.969
114 196.969
115 194.291
116 194.291
117 193.815
118 193.117
119 192.498
120 192.05
121 191.285
122 191.231
123 191.055
124 191.055
125 191.055
126 189.436
127 189.436
128 189.436
129 188.962
130 187.461
131 187.435
132 186.987
133 186.987
134 186.987
135 186.717
136 184.838
137 184.838
138 184.838
139 183.335
140 180.759
141 179.257
142 179.257
143 179.257
144 179.257
145 179.083
146 179.083
147 178.877
148 177.827
149 177.621
150 177.447
151 168.442
152 168.442
153 168.214
154 168.214
155 168.021
156 167.793
157 167.793
158 167.793
159 167.603
160 167.336
161 167.336
162 167.182
163 166.991
164 166.991
165 166.991
166 166.991
167 166.991
168 166.991
169 166.991
170 166.762
171 166.762
172 166.762
173 166.762
174 166.762
175 166.762
176 166.762
177 165.885
178 165.885
179 165.885
180 165.885
181 165.885
182 165.082
183 165.082
184 164.574
185 164.574
186 164.574
187 164.574
188 164.574
189 164.574
190 163.881
191 163.881
192 163.555
193 163.427
194 162.669
195 162.162
196 162.162
197 159.941
198 159.941
199 159.563
200 159.563
201 149.521
202 146.817
203 146.817
204 146.817
205 146.817
206 146.069
207 145.915
208 145.869
209 145.511
210 145.357
211 145.157
212 143.261
213 141.251
214 141.051
215 141.051
216 141.051
217 141.051
218 140.683
219 140.683
220 140.683
221 140.26
222 139.298
223 139.298
224 139.298
225 139.298
226 139.298
227 138.763
228 138.763
229 138.763
230 138.763
231 137.83
232 137.83
233 137.83
234 137.83
235 137.83
236 137.299
237 137.299
238 137.299
239 137.299
240 137.299
241 137.299
242 137.299
243 137.299
244 137.299
245 137.299
246 137.299
247 137.299
248 137.299
249 137.299
250 137.299
251 137.299
252 137.299
253 136.682
254 136.682
255 136.682
256 136.682
257 136.682
258 136.682
259 136.544
260 136.018
261 135.711
262 135.711
263 135.373
264 135.373
265 130.844
266 130.844
267 129.783
268 129.783
269 125.417
270 125.417
271 125.417
272 125.417
273 125.417
274 125.417
275 125.417
276 125.417
277 125.079
278 125.079
279 124.599
280 124.599
281 124.599
282 124.599
283 124.599
284 124.347
285 124.347
286 124.072
287 124.072
288 124.072
289 124.072
290 124.072
291 122.841
292 122.841
293 122.841
294 122.841
295 122.748
296 122.748
297 122.445
298 122.445
299 122.445
300 121.832
301 117.626
302 117.626
303 117.52
304 117.52
305 117.52
306 117.52
307 117.52
308 117.276
309 116.936
310 116.936
311 116.601
312 116.601
313 116.601
314 116.231
315 116.231
316 115.994
317 115.994
318 115.869
319 115.869
320 115.869
321 115.869
322 115.869
323 115.869
324 115.373
325 115.373
326 115.373
327 115.373
328 115.373
329 115.373
330 115.373
331 115.373
332 115.373
333 115.373
334 115.373
335 115.373
336 115.373
337 115.373
338 115.373
339 115.373
340 115.373
341 115.373
342 115.373
343 115.373
344 115.373
345 115.373
346 115.373
347 115.179
348 114.786
349 114.786
350 114.786
351 111.02
352 109.214
353 109.214
354 109.214
355 109.214
356 109.182
357 109.182
358 109.182
359 109.182
360 109.182
361 108.477
362 108.477
363 108.477
364 107.821
365 107.821
366 107.821
367 107.821
368 107.821
369 107.821
370 107.821
371 107.821
372 107.821
373 107.821
374 107.821
375 107.821
376 107.821
377 107.821
378 107.821
379 107.821
380 107.821
381 107.625
382 107.625
383 107.625
384 107.625
385 107.625
386 107.625
387 107.223
388 106.927
389 106.926
390 106.682
391 106.682
392 106.385
393 106.385
394 106.385
395 106.385
396 106.385
397 106.385
398 106.385
399 106.385
400 106.385
401 101.801
402 100.593
403 100.593
404 100.289
405 100.289
406 100.124
407 100.124
408 100.124
409 99.3824
410 99.3824
411 97.8998
412 97.8998
413 97.8998
414 97.8998
415 97.8998
416 97.8998
417 97.8998
418 97.8998
419 97.8998
420 97.8998
421 97.8998
422 97.8998
423 97.8998
424 97.8998
425 96.7106
426 96.7065
427 96.7065
428 96.7065
429 96.7065
430 96.7065
431 96.4031
432 96.4031
433 96.4031
434 96.4031
435 96.4031
436 96.4031
437 96.4031
438 96.4031
439 96.4031
440 96.4031
441 96.4031
442 96.4031
443 96.4031
444 96.4031
445 96.4031
446 96.4031
447 96.4031
448 96.4031
449 96.4031
450 96.4031
451 96.4031
452 96.4031
453 96.4031
454 96.4031
455 96.4031
456 96.4031
457 96.4031
458 96.2692
459 96.2692
460 96.2692
461 96.2692
462 96.2692
463 96.2692
464 96.2692
465 96.2692
466 96.2589
467 96.2589
468 96.2589
469 96.2589
470 96.2589
471 96.2589
472 96.2589
473 96.2589
474 96.2589
475 96.2589
476 96.2589
477 96.2257
478 96.2257
479 96.2257
480 96.2257
481 96.2257
482 96.2257
483 96.2257
484 96.2257
485 96.2257
486 96.1929
487 96.1929
488 96.1929
489 96.1929
490 96.1929
491 96.1929
492 96.1929
493 96.1929
494 96.1929
495 95.7394
496 95.7394
497 95.7394
498 95.7394
499 95.7394
500 95.7394
501 91.8701
502 91.8701
503 91.8701
504 91.8701
505 91.8701
506 91.8701
507 91.8701
508 91.8701
509 91.8701
510 91.8701
511 91.8701
512 91.8301
513 91.8301
514 91.8301
515 91.8301
516 91.8301
517 91.8301
518 91.8301
519 91.8301
520 91.8301
521 91.8301
522 91.8301
523 91.8301
524 91.8301
525 91.8301
526 90.7598
527 90.7598
528 90.7598
529 90.7598
530 90.7598
531 90.7598
532 90.7598
533 90.7598
534 90.7598
535 90.7598
536 90.7598
537 90.7598
538 90.7598
539 90.7598
540 90.7598
541 90.7598
542 90.7598
543 90.7598
544 90.7598
545 90.7598
546 90.7598
547 90.7598
548 90.7598
549 90.7598
550 90.4449
551 88.6925
552 88.6925
553 88.6925
554 88.6925
555 88.6925
556 88.6925
557 88.6925
558 88.6925
559 88.6925
560 88.6727
561 88.6727
562 88.6727
563 88.6727
564 88.6727
565 88.6727
566 88.6727
567 88.5583
568 88.5583
569 88.5583
570 87.6853
571 87.5709
572 87.5709
573 87.5709
574 87.5204
575 87.5204
576 87.5204
577 87.5204
578 87.5204
579 87.5204
580 87.5204
581 87.5204
582 87.5204
583 87.5204
584 87.5204
585 86.9827
586 86.9827
587 86.9827
588 86.9827
589 86.9723
590 86.9723
591 86.9723
592 86.9723
593 86.9723
594 86.9723
595 86.9723
596 86.9723
597 86.9723
598 86.9723
599 86.9723
600 86.9723
601 86.9723
602 86.9723
603 86.7529
604 86.7529
605 86.7529
606 86.7529
607 86.6521
608 86.6521
609 86.6521
610 86.6521
611 86.6521
612 86.6521
613 86.6521
614 86.6521
615 86.6521
616 86.6521
617 86.6521
618 86.6521
619 86.6521
620 86.6521
621 86.6521
622 86.6521
623 86.6521
624 86.6521
625 86.6521
626 86.6521
627 86.6521
628 86.6521
629 86.6521
630 86.6521
631 86.6521
632 86.6521
633 86.6521
634 86.6521
635 86.6521
636 86.5779
637 86.5779
638 86.5779
639 85.9665
640 85.9665
641 85.9665
642 85.9665
643 85.9665
644 85.9665
645 85.9665
646 85.9665
647 85.9665
648 85.6959
649 85.6959
650 85.6959
651 85.6959
652 85.6959
653 85.6959
654 85.6959
655 85.6959
656 85.6959
657 85.6959
658 85.6959
659 85.6959
660 85.6959
661 85.6959
662 85.6959
663 85.6959
664 85.6959
665 85.6959
666 85.6959
667 85.6959
668 85.6959
669 85.6959
670 85.6959
671 85.5421
672 85.5421
673 85.5421
674 85.5421
675 85.5421
676 85.5421
677 85.5421
678 85.5421
679 85.5421
680 85.5421
681 85.5231
682 85.5231
683 85.5231
684 85.5231
685 85.5231
686 85.5231
687 85.3204
688 85.3204
689 85.3204
690 85.3204
691 85.3204
692 85.3204
693 84.8974
694 84.8974
695 84.8974
696 84.8974
697 84.8974
698 84.8974
699 84.8974
700 84.8974
701 77.6841
702 77.6841
703 77.6841
704 77.037
705 77.037
706 77.037
707 76.4901
708 76.4901
709 76.4901
710 76.4901
711 76.4901
712 76.4901
713 76.4901
714 76.4901
715 76.4901
716 76.4901
717 76.4901
718 76.4901
719 76.4901
720 76.4901
721 76.4901
722 76.4901
723 76.4901
724 76.4901
725 76.4901
726 76.4901
727 76.4901
728 76.4901
729 76.4901
730 76.4901
731 76.4901
732 76.4901
733 76.4901
734 76.4901
735 76.4901
736 76.4901
737 76.4901
738 76.4901
739 76.4901
740 76.4901
741 76.4901
742 76.0383
743 76.0383
744 76.0383
745 76.0383
746 76.0383
747 76.0383
748 76.0383
749 76.0383
750 76.0383
751 76.0383
752 76.0383
753 76.0383
754 76.0383
755 76.0383
756 76.0383
757 76.0383
758 76.0383
759 76.0383
760 76.0383
761 76.0383
762 76.0383
763 76.0383
764 76.0383
765 76.0383
766 76.0383
767 76.0383
768 76.0383
769 76.0383
770 76.0383
771 76.0383
772 76.0383
773 76.0383
774 76.0383
775 76.0383
776 76.0383
777 76.0383
778 76.0383
779 76.0383
780 76.0383
781 76.0383
782 76.0383
783 76.0383
784 76.0383
785 76.0383
786 76.0383
787 76.0383
788 76.0383
789 76.0383
790 76.0383
791 76.0383
792 76.0383
793 76.0383
794 76.0383
795 76.0383
796 76.0383
797 76.0383
798 76.0383
799 76.0383
800 76.0383
801 75.6468
802 75.6468
803 75.2016
804 75.2016
805 75.2016
806 75.2016
807 75.2016
808 75.2016
809 75.2016
810 75.2016
811 75.2016
812 75.2016
813 75.2016
814 75.2016
815 75.2016
816 75.2016
817 75.2016
818 75.2016
819 75.2016
820 75.2016
821 75.2016
822 75.2016
823 75.2016
824 75.2016
825 75.2016
826 75.2016
827 75.2016
828 75.2016
829 75.2016
830 75.2016
831 75.2016
832 75.2016
833 75.2016
834 75.2016
835 75.1511
836 74.8474
837 74.8474
838 74.8474
839 74.8474
840 74.8474
841 74.8474
842 74.8474
843 74.8474
844 74.8474
845 74.8474
846 74.8474
847 74.8474
848 74.8474
849 74.8474
850 74.8474
851 74.8474
852 74.8474
853 74.8474
854 74.8474
855 74.8474
856 74.8474
857 74.8474
858 74.8474
859 74.8474
860 74.8474
861 74.8474
862 74.8474
863 74.8474
864 74.8474
865 74.8474
866 74.8474
867 74.8474
868 74.8474
869 74.8474
870 74.8474
871 74.8474
872 74.8474
873 74.8474
874 74.8474
875 74.8474
876 74.8474
877 74.8474
878 74.8474
879 74.8474
880 74.8474
881 74.8474
882 74.8474
883 74.8474
884 74.8474
885 74.8474
886 74.8474
887 74.8474
888 74.8474
889 74.4896
890 74.4896
891 74.4896
892 74.4896
893 74.2271
894 74.0702
895 74.0702
896 74.0702
897 74.0702
898 74.0702
899 74.0702
900 74.0702
901 74.0702
902 74.0702
903 74.0702
904 74.0702
905 74.0702
906 74.0702
907 74.0702
908 74.0702
909 74.0702
910 74.0702
911 74.0702
912 74.0702
913 74.0702
914 74.0702
915 74.0702
916 74.0702
917 74.0702
918 74.0702
919 74.0702
920 74.0702
921 74.0702
922 74.0702
923 74.0702
924 74.0702
925 74.0702
926 74.0702
927 74.0702
928 74.0702
929 74.0702
930 74.0702
931 74.0702
932 74.0702
933 74.0702
934 74.0702
935 74.0702
936 74.0702
937 74.0702
938 74.0702
939 74.0702
940 74.0702
941 73.9854
942 73.9854
943 73.9854
944 73.9854
945 73.9854
946 73.9854
947 73.9854
948 73.9854
949 73.9854
950 73.9854
951 73.9854
952 73.9854
953 73.9854
954 73.9854
955 73.9854
956 73.9854
957 73.9854
958 73.9854
959 73.9854
960 73.9854
961 73.9854
962 73.9854
963 73.9854
964 73.9854
965 73.9854
966 73.9854
967 73.9854
968 73.9305
969 73.9305
970 73.9305
971 73.9305
972 73.9305
973 73.9305
974 73.9305
975 73.9305
976 73.9305
977 73.9305
978 73.9305
979 73.9305
980 73.9305
981 73.9305
982 73.9305
983 73.9305
984 73.9305
985 73.9305
986 73.9305
987 73.9305
988 73.9305
989 73.9305
990 73.9305
991 73.9305
992 73.9305
993 73.9305
994 73.9305
995 73.9305
996 73.9305
997 73.9305
998 73.9305
999 73.9305
1000 73.9305
1001 73.0383
1002 73.0383
1003 72.1662
1004 72.1662
1005 72.1662
1006 72.1662
1007 72.1662
1008 72.1662
1009 72.1662
1010 72.1662
1011 72.1662
1012 72.0866
1013 72.0866
1014 72.0866
1015 72.0866
1016 72.0866
1017 72.0866
1018 72.0866
1019 72.0866
1020 72.0866
1021 72.0866
1022 72.0866
1023 72.0866
1024 72.0866
1025 72.0866
1026 72.0866
1027 72.0866
1028 72.0866
1029 72.0866
1030 72.0866
1031 72.0866
1032 72.0866
1033 72.0866
1034 71.863
1035 71.863
1036 71.863
1037 71.863
1038 71.863
1039 71.863
1040 71.863
1041 71.863
1042 71.863
1043 71.863
1044 71.863
1045 71.863
1046 71.7291
1047 71.7291
1048 71.7291
1049 71.7291
1050 71.7291
1051 71.7291
1052 71.7291
1053 71.7291
1054 71.7291
1055 71.7291
1056 71.7291
1057 71.7291
1058 71.7291
1059 71.7291
1060 71.7291
1061 71.7291
1062 71.7291
1063 71.7291
1064 71.7291
1065 71.7291
1066 71.7291
1067 71.7291
1068 71.7291
1069 71.7291
1070 71.7291
1071 71.7291
1072 71.7291
1073 71.7291
1074 71.7291
1075 71.7291
1076 71.7291
1077 71.7291
1078 71.1751
1079 71.1751
1080 71.1751
1081 71.1751
1082 71.1751
1083 71.1751
1084 71.1751
1085 71.1751
1086 71.1751
1087 71.1655
1088 71.1655
1089 71.1655
1090 71.1655
1091 71.1655
1092 71.1655
1093 71.1655
1094 71.1655
1095 71.1655
1096 71.1655
1097 71.1655
1098 71.1655
1099 71.1655
1100 71.1655
1101 71.1655
1102 71.1655
1103 71.1655
1104 71.1655
1105 71.1655
1106 71.1655
1107 70.9151
1108 70.9151
1109 70.9151
1110 70.9151
1111 70.9151
1112 70.9151
1113 70.9151
1114 70.9151
1115 70.9151
1116 70.9151
1117 70.9151
1118 70.9151
1119 70.9151
1120 70.9151
1121 70.9151
1122 70.9151
1123 70.9151
1124 70.9151
1125 70.9151
1126 70.9151
1127 70.9151
1128 70.9151
1129 70.9151
1130 70.9151
1131 70.9151
1132 70.9151
1133 70.9151
1134 70.9151
1135 70.9151
1136 70.9151
1137 70.9151
1138 70.9151
1139 70.9151
1140 70.9151
1141 70.9151
1142 70.9151
1143 70.9151
1144 70.9151
1145 70.9151
1146 70.9151
1147 70.9151
1148 70.9151
1149 70.9151
1150 70.9151
1151 70.9151
1152 70.9151
1153 70.9151
1154 70.9151
1155 70.419
1156 70.419
1157 70.419
1158 70.419
1159 70.419
1160 70.419
1161 70.419
1162 70.419
1163 70.419
1164 70.419
1165 70.419
1166 70.419
1167 70.419
1168 70.419
1169 70.419
1170 70.419
1171 70.419
1172 70.419
1173 70.419
1174 70.419
1175 70.419
1176 70.419
1177 70.419
1178 70.419
1179 70.419
1180 70.419
1181 70.419
1182 70.419
1183 70.419
1184 70.419
1185 70.419
1186 70.419
1187 70.419
1188 70.419
1189 70.419
1190 70.419
1191 70.419
1192 70.419
1193 70.1972
1194 70.1972
1195 70.1972
1196 70.1972
1197 70.1972
1198 70.1972
1199 70.1972
1200 70.1972
1201 70.1972
1202 70.1972
1203 70.1972
1204 70.1972
1205 70.1972
1206 70.1972
1207 70.1972
1208 70.1972
1209 70.1972
1210 70.1972
1211 70.1972
1212 70.1972
1213 70.1972
1214 70.1678
1215 70.1678
1216 70.1678
1217 70.1678
1218 70.1678
1219 70.1678
1220 70.1678
1221 70.1678
1222 70.1678
1223 70.1678
1224 70.1678
1225 70.1678
1226 70.1678
1227 70.1678
1228 70.1678
1229 70.1678
1230 70.1678
1231 70.1678
1232 70.1678
1233 70.1678
1234 70.1678
1235 70.1678
1236 70.1678
1237 70.1678
1238 70.1678
1239 70.1678
1240 70.1678
1241 70.1678
1242 70.1678
1243 70.1678
1244 69.9833
1245 69.9833
1246 69.7759
1247 69.5436
1248 69.3591
1249 69.3591
1250 69.3591
1251 69.3591
1252 69.3591
1253 69.3591
1254 69.3591
1255 69.3591
1256 69.3591
1257 69.3591
1258 69.3591
1259 69.3591
1260 69.3591
1261 69.3591
1262 69.3591
1263 69.3591
1264 69.3591
1265 69.3508
1266 69.3508
1267 69.3508
1268 69.3508
1269 69.3508
1270 69.3508
1271 69.3508
1272 69.3508
1273 69.3508
1274 69.3508
1275 69.3508
1276 69.3508
1277 69.3508
1278 69.3508
1279 69.3508
1280 69.3508
1281 69.3508
1282 69.3508
1283 69.3508
1284 69.3508
1285 69.3508
1286 69.3508
1287 69.3508
1288 69.3508
1289 69.3508
1290 69.3508
1291 69.3508
1292 69.3508
1293 69.3508
1294 69.3508
1295 69.3508
1296 69.3508
1297 69.3508
1298 69.3508
1299 69.3508
1300 69.3508
1301 69.3508
1302 69.3508
1303 69.3508
1304 69.3508
1305 69.3508
1306 69.3508
1307 69.3508
1308 69.3508
1309 69.3508
1310 69.3508
1311 69.2364
1312 69.2364
1313 69.2364
1314 69.2364
1315 69.2364
1316 69.2364
1317 69.2364
1318 69.2364
1319 69.2364
1320 69.2364
1321 69.2364
1322 69.2364
1323 69.2364
1324 69.2364
1325 69.2364
1326 69.2364
1327 69.2364
1328 69.2364
1329 69.2364
1330 69.2364
1331 69.2364
1332 69.2364
1333 69.2364
1334 69.2364
1335 69.2364
1336 69.2364
1337 69.2364
1338 69.2364
1339 69.2364
1340 69.2364
1341 69.2364
1342 69.2364
1343 69.2364
1344 69.2364
1345 69.2364
1346 69.2364
1347 69.2364
1348 69.2364
1349 69.2364
1350 69.2364
1351 69.2364
1352 69.2364
1353 69.2364
1354 69.2364
1355 69.2364
1356 69.2364
1357 69.2364
1358 69.2364
1359 69.2364
1360 69.2364
1361 69.2364
1362 69.2364
1363 69.2364
1364 69.2364
1365 69.2364
1366 69.2364
1367 69.2364
1368 69.2364
1369 69.2364
1370 69.2364
1371 69.2364
1372 69.2364
1373 69.2364
1374 69.2364
1375 69.2364
1376 69.2364
1377 69.2364
1378 69.2364
1379 69.2364
1380 69.2364
1381 69.2364
1382 69.2364
1383 69.2364
1384 69.2364
1385 69.2364
1386 69.2364
1387 69.2364
1388 69.2364
1389 69.2364
1390 69.2364
1391 69.2364
1392 69.2364
1393 69.2364
1394 69.2364
1395 69.2364
1396 69.2364
1397 69.2364
1398 69.2364
1399 69.2364
1400 69.2364
1401 69.2364
1402 68.7645
1403 68.7645
1404 68.7645
1405 68.7645
1406 68.7645
1407 68.7645
1408 68.7645
1409 68.7645
1410 68.7645
1411 68.7645
1412 68.7645
1413 68.7645
1414 68.7645
1415 68.7645
1416 68.7645
1417 68.7645
1418 68.7645
1419 68.7645
1420 68.7645
1421 68.7645
1422 68.7645
1423 68.7645
1424 68.7645
1425 68.7645
1426 68.7645
1427 68.7645
1428 68.7645
1429 68.7645
1430 68.7645
1431 68.7645
1432 68.7645
1433 68.7645
1434 68.7645
1435 68.7645
1436 68.7645
1437 68.7645
1438 68.7645
1439 68.7645
1440 68.7645
1441 68.7645
1442 68.7645
1443 68.7645
1444 68.7645
1445 68.7645
1446 68.7645
1447 68.7645
1448 68.7645
1449 68.7645
1450 68.7645
1451 68.7645
1452 68.7645
1453 68.7645
1454 68.7645
1455 68.7645
1456 68.7645
1457 68.7645
1458 68.7645
1459 68.7645
1460 68.7645
1461 68.7645
1462 68.7645
1463 68.7645
1464 68.7645
1465 68.7645
1466 68.7645
1467 68.7645
1468 68.7645
1469 68.7645
1470 68.7645
1471 68.7645
1472 68.7645
1473 68.7645
1474 68.7645
1475 68.7645
1476 68.7645
1477 68.7645
1478 68.7645
1479 68.7645
1480 68.7645
1481 68.7645
1482 68.7645
1483 68.7645
1484 68.7645
1485 68.7645
1486 68.7645
1487 68.7645
1488 68.7645
1489 68.7645
1490 68.7645
1491 68.7645
1492 68.7645
1493 68.7645
1494 68.7645
1495 68.7645
1496 68.7645
1497 68.7645
1498 68.7645
1499 68.7645
1500 68.7645
1501 68.7645
1502 68.7645
1503 68.7645
1504 68.7645
1505 68.7645
1506 68.7645
1507 68.7645
1508 68.7645
1509 68.7645
1510 68.7645
1511 68.7645
1512 68.7645
1513 68.7645
1514 68.7645
1515 68.7645
1516 68.7645
1517 68.7645
1518 68.7645
1519 68.7645
1520 68.7645
1521 68.7645
1522 68.7645
1523 68.7645
1524 68.7645
1525 68.7645
1526 68.7645
1527 68.7645
1528 68.7645
1529 68.7645
1530 68.7645
1531 68.7645
1532 68.7645
1533 68.7645
1534 68.7645
1535 68.7645
1536 68.7645
1537 68.7645
1538 68.7645
1539 68.7645
1540 68.7645
1541 68.7645
1542 68.7645
1543 68.7645
1544 68.7645
1545 68.7645
1546 68.7645
1547 68.7645
1548 68.7645
1549 68.7645
1550 68.7645
1551 68.6424
1552 68.6424
1553 68.6424
1554 68.6424
1555 68.6424
1556 68.6424
1557 68.6424
1558 68.6424
1559 68.6424
1560 68.6424
1561 68.6424
1562 68.6424
1563 68.6424
1564 68.6424
1565 68.6424
1566 68.6424
1567 68.6424
1568 68.6424
1569 68.6424
1570 68.6424
1571 68.6424
1572 68.6424
1573 68.6424
1574 68.6424
1575 68.6424
1576 68.6424
1577 68.6424
1578 68.6424
1579 68.6424
1580 68.6424
1581 68.6424
1582 68.6424
1583 68.6424
1584 68.6424
1585 68.6424
1586 68.6424
1587 68.6424
1588 68.6424
1589 68.6424
1590 68.6424
1591 68.6424
1592 68.6424
1593 68.6424
1594 68.6424
1595 68.6424
1596 68.6424
1597 68.6424
1598 68.6424
1599 68.6424
1600 68.6424
1601 68.6424
1602 68.6424
1603 68.6424
1604 68.6424
1605 68.6424
1606 68.6424
1607 68.6424
1608 68.6424
1609 68.6424
1610 68.6424
1611 68.6424
1612 68.6424
1613 68.6424
1614 68.6424
1615 68.6424
1616 68.6424
1617 68.6424
1618 68.6424
1619 68.6424
1620 68.6424
1621 68.6424
1622 68.6424
1623 68.6424
1624 68.6424
1625 68.6424
1626 68.6424
1627 68.6424
1628 68.6424
1629 68.6424
1630 68.6424
1631 68.6424
1632 68.6424
1633 68.6424
1634 68.6424
1635 68.6424
1636 68.6424
1637 68.6424
1638 68.6424
1639 68.6424
1640 68.6424
1641 68.6424
1642 68.6424
1643 68.6424
1644 68.6424
1645 68.6243
1646 68.6243
1647 68.6243
1648 68.6243
1649 68.6243
1650 68.6243
1651 68.4845
1652 68.4845
1653 68.4845
1654 68.4845
1655 68.4845
1656 68.4845
1657 68.4845
1658 68.4845
1659 68.4845
1660 68.4845
1661 68.4845
1662 68.4845
1663 68.4845
1664 68.4845
1665 68.4845
1666 68.4845
1667 68.4845
1668 68.4845
1669 68.4845
1670 68.4845
1671 68.4845
1672 68.4845
1673 68.4845
1674 68.4845
1675 68.4845
1676 68.4845
1677 68.4845
1678 68.4845
1679 68.4845
1680 68.4845
1681 68.4845
1682 68.4845
1683 68.4845
1684 68.4845
1685 68.4845
1686 68.4845
1687 68.4845
1688 68.4845
1689 68.4845
1690 68.4845
1691 68.4845
1692 68.4845
1693 68.4845
1694 68.4845
1695 68.4845
1696 68.4845
1697 68.4845
1698 68.4845
1699 68.4845
1700 68.4845
1701 67.9117
1702 67.9117
1703 67.9117
1704 67.9117
1705 67.9117
1706 67.9117
1707 67.9117
1708 67.9117
1709 67.9117
1710 67.9117
1711 67.9117
1712 67.9117
1713 67.9117
1714 67.9117
1715 67.9117
1716 67.9117
1717 67.9117
1718 67.9117
1719 67.9117
1720 67.9117
1721 67.9117
1722 67.9117
1723 67.9117
1724 67.9117
1725 67.9117
1726 67.9117
1727 67.9117
1728 67.9117
1729 67.9117
1730 67.9117
1731 67.9117
1732 67.9117
1733 67.9117
1734 67.9117
1735 67.9117
1736 67.9117
1737 67.9117
1738 67.9117
1739 67.9117
1740 67.9117
1741 67.9117
1742 67.9117
1743 67.9117
1744 67.9117
1745 67.9117
1746 67.9117
1747 67.9117
1748 67.9117
1749 67.9117
1750 67.9117
1751 67.9117
1752 67.9117
1753 67.9117
1754 67.9117
1755 67.9117
1756 67.9117
1757 67.9117
1758 67.9117
1759 67.9117
1760 67.9117
1761 67.9117
1762 67.9117
1763 67.9117
1764 67.9117
1765 67.9117
1766 67.9117
1767 67.9117
1768 67.9117
1769 67.9117
1770 67.9117
1771 67.9117
1772 67.9117
1773 67.9117
1774 67.9117
1775 67.9117
1776 67.9117
1777 67.9117
1778 67.9117
1779 67.9117
1780 67.9117
1781 67.9117
1782 67.9117
1783 67.9117
1784 67.9117
1785 67.9117
1786 67.9117
1787 67.9117
1788 67.9117
1789 67.9117
1790 67.9117
1791 67.9117
1792 67.9117
1793 67.9117
1794 67.9117
1795 67.9117
1796 67.9117
1797 67.9117
1798 67.9117
1799 67.9117
1800 67.9117
1801 67.9117
1802 67.9117
1803 67.9117
1804 67.9117
1805 67.9117
1806 67.9117
1807 67.9117
1808 67.9117
1809 67.9117
1810 67.9117
1811 67.9117
1812 67.9117
1813 67.9117
1814 67.9117
1815 67.9117
1816 67.9117
1817 67.9117
1818 67.9117
1819 67.9117
1820 67.9117
1821 67.9117
1822 67.9117
1823 67.9117
1824 67.9117
1825 67.9117
1826 67.9117
1827 67.9117
1828 67.9117
1829 67.9117
1830 67.9117
1831 67.9117
1832 67.9117
1833 67.9117
1834 67.9117
1835 67.9117
1836 67.9117
1837 67.9117
1838 67.9117
1839 67.9117
1840 67.9117
1841 67.9117
1842 67.9117
1843 67.9117
1844 67.9117
1845 67.9117
1846 67.9117
1847 67.9117
1848 67.9117
1849 67.9117
1850 67.9117
1851 67.9117
1852 67.9117
1853 67.9117
1854 67.9117
1855 67.9117
1856 67.9117
1857 67.9117
1858 67.9117
1859 67.9117
1860 67.9117
1861 67.9117
1862 67.9117
1863 67.9117
1864 67.9117
1865 67.9117
1866 67.9117
1867 67.9117
1868 67.9117
1869 67.9117
1870 67.9117
1871 67.9117
1872 67.9117
1873 67.9117
1874 67.9117
1875 67.9117
1876 67.9117
1877 67.9117
1878 67.9117
1879 67.9117
1880 67.9117
1881 67.9117
1882 67.9117
1883 67.9117
1884 67.9117
1885 67.9117
1886 67.9117
1887 67.9117
1888 67.9117
1889 67.9117
1890 67.9117
1891 67.9117
1892 67.9117
1893 67.9117
1894 67.9117
1895 67.9117
1896 67.9117
1897 67.9117
1898 67.9117
1899 67.9117
1900 67.9117
1901 67.9117
1902 67.9117
1903 67.9117
1904 67.9117
1905 67.9117
1906 67.9117
1907 67.9117
1908 67.9117
1909 67.9117
1910 67.9117
1911 67.9117
1912 67.9117
1913 67.9117
1914 67.9117
1915 67.9117
1916 67.9117
1917 67.9117
1918 67.9117
1919 67.9117
1920 67.9117
1921 67.9117
1922 67.9117
1923 67.9117
1924 67.9117
1925 67.9117
1926 67.9117
1927 67.9117
1928 67.9117
1929 67.9117
1930 67.9117
1931 67.9117
1932 67.9117
1933 67.9117
1934 67.9117
1935 67.9117
1936 67.9117
1937 67.9117
1938 67.9117
1939 67.9117
1940 67.9117
1941 67.9117
1942 67.9117
1943 67.9117
1944 67.9117
1945 67.9117
1946 67.9117
1947 67.9117
1948 67.9117
1949 67.9117
1950 67.9117
1951 67.9117
1952 67.9117
1953 67.9117
1954 67.9117
1955 67.9117
1956 67.9117
1957 67.9117
1958 67.9117
1959 67.9117
1960 67.9117
1961 67.9117
1962 67.9117
1963 67.9117
1964 67.9117
1965 67.9117
1966 67.9117
1967 67.9117
1968 67.9117
1969 67.9117
1970 67.9117
1971 67.9117
1972 67.9117
1973 67.9117
1974 67.9117
1975 67.9117
1976 67.9117
1977 67.9117
1978 67.9117
1979 67.9117
1980 67.9117
1981 67.9117
1982 67.9117
1983 67.9117
1984 67.9117
1985 67.9117
1986 67.9117
1987 67.9117
1988 67.9117
1989 67.9117
1990 67.9117
1991 67.9117
1992 67.9117
1993 67.9117
1994 67.9117
1995 67.9117
1996 67.9117
1997 67.9117
1998 67.9117
1999 67.9117
2000 67.9117
2001 67.9117
2002 67.9117
2003 67.9117
2004 67.9117
2005 67.9117
2006 67.9117
2007 67.9117
2008 67.9117
2009 67.9117
2010 67.9117
2011 67.9117
2012 67.9117
2013 67.9117
2014 67.9117
2015 67.9117
2016 67.9117
2017 67.9117
2018 67.9117
2019 67.9117
2020 67.9117
2021 67.9117
2022 67.9117
2023 67.9117
2024 67.9117
2025 67.9117
2026 67.9117
2027 67.9117
2028 67.9117
2029 67.9117
2030 67.9117
2031 67.9117
2032 67.9117
2033 67.9117
2034 67.9117
2035 67.9117
2036 67.9117
2037 67.9117
2038 67.9117
2039 67.9117
2040 67.9117
2041 67.9117
2042 67.9117
2043 67.9117
2044 67.9117
2045 67.9117
2046 67.9117
2047 67.9117
2048 67.9117
2049 67.9117
2050 67.9117
2051 67.9117
2052 67.9117
2053 67.9117
2054 67.9117
2055 67.9117
2056 67.9117
2057 67.9117
2058 67.9117
2059 67.9117
2060 67.9117
2061 67.9117
2062 67.9117
2063 67.9117
2064 67.9117
2065 67.9117
2066 67.9117
2067 67.9117
2068 67.9117
2069 67.9117
2070 67.9117
2071 67.9117
2072 67.9117
2073 67.9117
2074 67.9117
2075 67.9117
2076 67.9117
2077 67.9117
2078 67.9117
2079 67.9117
2080 67.9117
2081 67.9117
2082 67.9117
2083 67.9117
2084 67.9117
2085 67.9117
2086 67.9117
2087 67.9117
2088 67.9117
2089 67.9117
2090 67.9117
2091 67.9117
2092 67.9117
2093 67.9117
2094 67.9117
2095 67.9117
2096 67.9117
2097 67.9117
2098 67.9117
2099 67.9117
2100 67.9117
2101 67.9117
2102 67.9117
2103 67.9117
2104 67.9117
2105 67.9117
2106 67.9117
2107 67.9117
2108 67.9117
2109 67.9117
2110 67.9117
2111 67.9117
2112 67.9117
2113 67.9117
2114 67.9117
2115 67.9117
2116 67.9117
2117 67.9117
2118 67.9117
2119 67.9117
2120 67.9117
2121 67.9117
2122 67.9117
2123 67.9117
2124 67.9117
2125 67.9117
2126 67.9117
2127 67.9117
2128 67.9117
2129 67.9117
2130 67.9117
2131 67.9117
2132 67.9117
2133 67.9117
2134 67.9117
2135 67.9117
2136 67.9117
2137 67.9117
2138 67.9117
2139 67.9117
2140 67.9117
2141 67.9117
2142 67.9117
2143 67.9117
2144 67.9117
2145 67.9117
2146 67.9117
2147 67.9117
2148 67.9117
2149 67.9117
2150 67.9117
2151 67.7399
2152 67.7399
2153 67.7399
2154 67.7399
2155 67.7399
2156 67.7399
2157 67.7399
2158 67.7399
2159 67.7399
2160 67.7399
2161 67.7399
2162 67.7399
2163 67.7399
2164 67.7399
2165 67.7399
2166 67.7399
2167 67.7399
2168 67.7399
2169 67.7399
2170 67.7399
2171 67.7399
2172 67.7399
2173 67.7399
2174 67.7399
2175 67.7399
2176 67.7399
2177 67.7399
2178 67.7399
2179 67.7399
2180 67.7399
2181 67.7399
2182 67.7399
2183 67.7399
2184 67.7399
2185 67.7399
2186 67.7399
2187 67.7399
2188 67.7399
2189 67.7399
2190 67.7399
2191 67.7399
2192 67.7399
2193 67.7399
2194 67.7399
2195 67.7399
2196 67.7399
2197 67.7399
2198 67.7399
2199 67.7399
2200 67.7399
2201 67.7399
2202 67.7399
2203 67.7399
2204 67.7399
2205 67.7399
2206 67.7399
2207 67.7399
2208 67.7399
2209 67.7399
2210 67.7399
2211 67.7399
2212 67.7399
2213 67.7399
2214 67.7399
2215 67.7399
2216 67.7399
2217 67.7399
2218 67.7399
2219 67.7399
2220 67.7399
2221 67.7399
2222 67.7399
2223 67.7399
2224 67.7399
2225 67.7399
2226 67.7399
2227 67.7399
2228 67.7399
2229 67.7399
2230 67.7399
2231 67.7399
2232 67.7399
2233 67.7399
2234 67.7399
2235 67.7399
2236 67.7399
2237 67.7399
2238 67.7399
2239 67.7399
2240 67.7399
2241 67.7399
2242 67.7399
2243 67.7399
2244 67.7399
2245 67.7399
2246 67.7399
2247 67.7399
2248 67.7399
2249 67.7399
2250 67.7399
2251 67.7399
2252 67.7399
2253 67.7399
2254 67.7399
2255 67.7399
2256 67.7399
2257 67.7399
2258 67.7399
2259 67.7399
2260 67.7399
2261 67.7399
2262 67.7399
2263 67.7399
2264 67.7399
2265 67.7399
2266 67.7399
2267 67.7399
2268 67.7399
2269 67.7399
2270 67.7399
2271 67.7399
2272 67.7399
2273 67.7399
2274 67.7399
2275 67.7399
2276 67.7399
2277 67.7399
2278 67.7399
2279 67.7399
2280 67.7399
2281 67.7399
2282 67.7399
2283 67.7399
2284 67.7399
2285 67.7399
2286 67.7399
2287 67.7399
2288 67.7399
2289 67.7399
2290 67.7399
2291 67.7399
2292 67.7399
2293 67.7399
2294 67.7399
2295 67.7399
2296 67.7399
2297 67.7399
2298 67.7399
2299 67.7399
2300 67.7399
2301 67.7399
2302 67.7399
2303 67.7399
2304 67.432
2305 67.432
2306 67.432
2307 67.432
2308 67.432
2309 67.432
2310 67.432
2311 67.432
2312 67.432
2313 67.432
2314 67.432
2315 67.432
2316 67.432
2317 67.432
2318 67.432
2319 67.432
2320 67.432
2321 67.432
2322 67.432
2323 67.432
2324 67.432
2325 67.432
2326 67.432
2327 67.432
2328 67.432
2329 67.432
2330 67.432
2331 67.432
2332 67.432
2333 67.432
2334 67.432
2335 67.432
2336 67.432
2337 67.432
2338 67.432
2339 67.432
2340 67.432
2341 67.432
2342 67.432
2343 67.432
2344 67.432
2345 67.432
2346 67.432
2347 67.432
2348 67.432
2349 67.432
2350 67.432
2351 67.432
2352 67.432
2353 67.432
2354 67.432
2355 67.432
2356 67.432
2357 67.432
2358 67.432
2359 67.432
2360 67.432
2361 67.432
2362 67.432
2363 67.432
2364 67.432
2365 67.432
2366 67.432
2367 67.432
2368 67.432
2369 67.432
2370 67.432
2371 67.432
2372 67.432
2373 67.432
2374 67.432
2375 67.432
2376 67.432
2377 67.432
2378 67.432
2379 67.432
2380 67.432
2381 67.432
2382 67.432
2383 67.432
2384 67.432
2385 67.432
2386 67.432
2387 67.432
2388 67.432
2389 67.432
2390 67.432
2391 67.432
2392 67.432
2393 67.432
2394 67.432
2395 67.432
2396 67.432
2397 67.432
2398 67.432
2399 67.432
2400 67.432
2401 67.432
2402 67.432
2403 67.432
2404 67.432
2405 67.432
2406 67.432
2407 67.432
2408 67.432
2409 67.432
2410 67.432
2411 67.432
2412 67.432
2413 67.432
2414 67.432
2415 67.432
2416 67.432
2417 67.432
2418 67.432
2419 67.432
2420 67.432
2421 67.432
2422 67.432
2423 67.432
2424 67.432
2425 67.432
2426 67.432
2427 67.432
2428 67.432
2429 67.432
2430 67.432
2431 67.432
2432 67.432
2433 67.432
2434 67.432
2435 67.432
2436 67.432
2437 67.432
2438 67.432
2439 67.432
2440 67.432
2441 67.432
2442 67.432
2443 67.432
2444 67.432
2445 67.432
2446 67.432
2447 67.432
2448 67.432
2449 67.432
2450 67.432
2451 67.432
2452 67.432
2453 67.432
2454 67.432
2455 67.432
2456 67.432
2457 67.432
2458 67.432
2459 67.432
2460 67.432
2461 67.432
2462 67.432
2463 67.432
2464 67.432
2465 67.432
2466 67.432
2467 67.432
2468 67.432
2469 67.432
2470 67.432
2471 67.432
2472 67.432
2473 67.432
2474 67.432
2475 67.432
2476 67.432
2477 67.432
2478 67.432
2479 67.432
2480 67.432
2481 67.432
2482 67.432
2483 67.432
2484 67.432
2485 67.432
2486 67.432
2487 67.432
2488 67.432
2489 67.432
2490 67.432
2491 67.432
2492 67.432
2493 67.432
2494 67.432
2495 67.432
2496 67.432
2497 67.432
2498 67.432
2499 67.432
2500 67.432
2501 67.432
2502 67.432
2503 67.432
2504 67.432
2505 67.432
2506 67.432
2507 67.432
2508 67.432
2509 67.432
2510 67.432
2511 67.432
2512 67.432
2513 67.432
2514 67.432
2515 67.432
2516 67.432
2517 67.432
2518 67.432
2519 67.432
2520 67.432
2521 67.432
2522 67.432
2523 67.432
2524 67.432
2525 67.432
2526 67.432
2527 67.432
2528 67.432
2529 67.432
2530 67.432
2531 67.432
2532 67.432
2533 67.432
2534 67.432
2535 67.432
2536 67.432
2537 67.432
2538 67.432
2539 67.432
2540 67.432
2541 67.432
2542 67.432
2543 67.432
2544 67.432
2545 67.432
2546 67.432
2547 67.432
2548 67.432
2549 67.432
2550 67.432
2551 67.432
2552 67.432
2553 67.432
2554 67.432
2555 67.432
2556 67.432
2557 67.432
2558 67.432
2559 67.432
2560 67.432
2561 67.432
2562 67.432
2563 67.432
2564 67.432
2565 67.432
2566 67.432
2567 67.432
2568 67.432
2569 67.432
2570 67.432
2571 67.432
2572 67.432
2573 67.432
2574 67.432
2575 67.432
2576 67.432
2577 67.432
2578 67.432
2579 67.432
2580 67.432
2581 67.432
2582 67.432
2583 67.432
2584 67.432
2585 67.432
2586 67.432
2587 67.432
2588 67.432
2589 67.432
2590 67.432
2591 67.432
2592 67.432
2593 67.432
2594 67.432
2595 67.432
2596 67.432
2597 67.432
2598 67.432
2599 67.432
2600 67.432
2601 67.432
2602 67.432
2603 67.432
2604 67.432
2605 67.432
2606 67.432
2607 67.432
2608 67.432
2609 67.432
2610 67.432
2611 67.432
2612 67.432
2613 67.432
2614 67.432
2615 67.432
2616 67.432
2617 67.432
2618 67.432
2619 67.432
2620 67.432
2621 67.432
2622 67.432
2623 67.432
2624 67.432
2625 67.432
2626 67.432
2627 67.432
2628 67.432
2629 67.432
2630 67.432
2631 67.432
2632 67.432
2633 67.432
2634 67.432
2635 67.432
2636 67.432
2637 67.432
2638 67.432
2639 67.432
2640 67.432
2641 67.432
2642 67.432
2643 67.432
2644 67.432
2645 67.432
2646 67.432
2647 67.432
2648 67.432
2649 67.432
2650 67.432
2651 67.432
2652 67.432
2653 67.432
2654 67.432
2655 67.432
2656 67.432
2657 67.432
2658 67.432
2659 67.432
2660 67.432
2661 67.432
2662 67.432
2663 67.432
2664 67.432
2665 67.432
2666 67.432
2667 67.432
2668 67.432
2669 67.432
2670 67.432
2671 67.432
2672 67.432
2673 67.432
2674 67.432
2675 67.432
2676 67.432
2677 67.432
2678 67.432
2679 67.432
2680 67.432
2681 67.432
2682 67.432
2683 67.432
2684 67.432
2685 67.432
2686 67.432
2687 67.432
2688 67.432
2689 67.432
2690 67.432
2691 67.432
2692 67.432
2693 67.432
2694 67.432
2695 67.432
2696 67.432
2697 67.432
2698 67.432
2699 67.432
2700 67.432
2701 67.432
2702 67.432
2703 67.432
2704 67.432
2705 67.432
2706 67.432
2707 67.432
2708 67.432
2709 67.432
2710 67.432
2711 67.432
2712 67.432
2713 67.432
2714 67.432
2715 67.432
2716 67.432
2717 67.432
2718 67.432
2719 67.432
2720 67.432
2721 67.432
2722 67.432
2723 67.432
2724 67.432
2725 67.432
2726 67.432
2727 67.432
2728 67.432
2729 67.432
2730 67.432
2731 67.432
2732 67.432
2733 67.432
2734 67.432
2735 67.432
2736 67.432
2737 67.432
2738 67.432
2739 67.432
2740 67.432
2741 67.432
2742 67.432
2743 67.432
2744 67.432
2745 67.432
2746 67.432
2747 67.432
2748 67.432
2749 67.432
2750 67.432
2751 67.432
2752 67.432
2753 67.432
2754 67.432
2755 67.432
2756 67.432
2757 67.432
2758 67.432
2759 67.432
2760 67.432
2761 67.432
2762 67.432
2763 67.432
2764 67.432
2765 67.432
2766 67.432
2767 67.432
2768 67.432
2769 67.432
2770 67.432
2771 67.432
2772 67.432
2773 67.432
2774 67.432
2775 67.432
2776 67.432
2777 67.432
2778 67.432
2779 67.432
2780 67.432
2781 67.432
2782 67.432
2783 67.432
2784 67.432
2785 67.432
2786 67.432
2787 67.432
2788 67.432
2789 67.432
2790 67.432
2791 67.432
2792 67.432
2793 67.432
2794 67.432
2795 67.432
2796 67.432
2797 67.432
2798 67.432
2799 67.432
2800 67.432
2801 67.432
2802 67.432
2803 67.432
2804 67.432
2805 67.432
2806 67.432
2807 67.432
2808 67.432
2809 67.432
2810 67.432
2811 67.432
2812 67.432
2813 67.432
2814 67.432
2815 67.432
2816 67.432
2817 67.432
2818 67.432
2819 67.432
2820 67.432
2821 67.432
2822 67.432
2823 67.432
2824 67.432
2825 67.432
2826 67.432
2827 67.432
2828 67.432
2829 67.432
2830 67.432
2831 67.432
2832 67.432
2833 67.432
2834 67.432
2835 67.432
2836 67.432
2837 67.432
2838 67.432
2839 67.432
2840 67.432
2841 67.432
2842 67.432
2843 67.432
2844 67.432
2845 67.432
2846 67.432
2847 67.432
2848 67.432
2849 67.432
2850 67.432
2851 67.432
2852 67.432
2853 67.432
2854 67.432
2855 67.432
2856 67.432
2857 67.432
2858 67.432
2859 67.432
2860 67.432
2861 67.432
2862 67.432
2863 67.432
2864 67.432
2865 67.432
2866 67.432
2867 67.432
2868 67.432
2869 67.432
2870 67.432
2871 67.432
2872 67.432
2873 67.432
2874 67.432
2875 67.432
2876 67.432
2877 67.432
2878 67.432
2879 67.432
2880 67.432
2881 67.432
2882 67.432
2883 67.432
2884 67.432
2885 67.432
2886 67.432
2887 67.432
2888 67.432
2889 67.432
2890 67.432
2891 67.432
2892 67.432
2893 67.432
2894 67.432
2895 67.432
2896 67.432
2897 67.432
2898 67.432
2899 67.432
2900 67.432
2901 67.432
2902 67.432
2903 67.432
2904 67.432
2905 67.432
2906 67.432
2907 67.432
2908 67.432
2909 67.432
2910 67.432
2911 67.432
2912 67.432
2913 67.432
2914 67.432
2915 67.432
2916 67.432
2917 67.432
2918 67.432
2919 67.432
2920 67.432
2921 67.432
2922 67.432
2923 67.432
2924 67.432
2925 67.432
2926 67.432
2927 67.432
2928 67.432
2929 67.432
2930 67.432
2931 67.432
2932 67.432
2933 67.432
2934 67.432
2935 67.432
2936 67.432
2937 67.432
2938 67.432
2939 67.432
2940 67.432
2941 67.432
2942 67.432
2943 67.432
2944 67.432
2945 67.432
2946 67.432
2947 67.432
2948 67.432
2949 67.432
2950 67.432
2951 67.432
2952 67.432
2953 67.432
2954 67.432
2955 67.432
2956 67.432
2957 67.432
2958 67.432
2959 67.432
2960 67.432
2961 67.432
2962 67.432
2963 67.432
2964 67.432
2965 67.432
2966 67.432
2967 67.432
2968 67.432
2969 67.432
2970 67.432
2971 67.432
2972 67.432
2973 67.432
2974 67.432
2975 67.432
2976 67.432
2977 67.432
2978 67.432
2979 67.432
2980 67.432
2981 67.432
2982 67.432
2983 67.432
2984 67.432
2985 67.432
2986 67.432
2987 67.432
2988 67.432
2989 67.432
2990 67.432
2991 67.432
2992 67.432
2993 67.432
2994 67.432
2995 67.432
2996 67.432
2997 67.432
2998 67.432
2999 67.432
3000 67.432
3001 67.432
3002 67.432
3003 67.432
3004 67.432
3005 67.432
3006 67.432
3007 67.432
3008 67.432
3009 67.432
3010 67.432
3011 67.432
3012 67.432
3013 67.432
3014 67.432
3015 67.432
3016 67.432
3017 67.432
3018 67.432
3019 67.432
3020 67.432
3021 67.432
3022 67.432
3023 67.432
3024 67.432
3025 67.432
3026 67.432
3027 67.432
3028 67.432
3029 67.432
3030 67.432
3031 67.432
3032 67.432
3033 67.432
3034 67.432
3035 67.432
3036 67.432
3037 67.432
3038 67.432
3039 67.432
3040 67.432
3041 67.432
3042 67.432
3043 67.432
3044 67.432
3045 67.432
3046 67.432
3047 67.432
3048 67.432
3049 67.432
3050 67.432
3051 67.432
3052 67.432
3053 67.432
3054 67.432
3055 67.432
3056 67.432
3057 67.432
3058 67.432
3059 67.432
3060 67.432
3061 67.432
3062 67.432
3063 67.432
3064 67.432
3065 67.432
3066 67.432
3067 67.432
3068 67.432
3069 67.432
3070 67.432
3071 67.432
3072 67.432
3073 67.432
3074 67.432
3075 67.432
3076 67.432
3077 67.432
3078 67.432
3079 67.432
3080 67.432
3081 67.432
3082 67.432
3083 67.432
3084 67.432
3085 67.432
3086 67.432
3087 67.432
3088 67.432
3089 67.432
3090 67.432
3091 67.432
3092 67.432
3093 67.432
3094 67.432
3095 67.432
3096 67.432
3097 67.432
3098 67.432
3099 67.432
3100 67.432
3101 67.432
3102 67.432
3103 67.432
3104 67.432
3105 67.432
3106 67.432
3107 67.432
3108 67.432
3109 67.432
3110 67.432
3111 67.432
3112 67.432
3113 67.432
3114 67.432
3115 67.432
3116 67.432
3117 67.432
3118 67.432
3119 67.432
3120 67.432
3121 67.432
3122 67.432
3123 67.432
3124 67.432
3125 67.432
3126 67.432
3127 67.432
3128 67.432
3129 67.432
3130 67.432
3131 67.432
3132 67.432
3133 67.432
3134 67.432
3135 67.432
3136 67.432
3137 67.432
3138 67.432
3139 67.432
3140 67.432
3141 67.432
3142 67.432
3143 67.432
3144 67.432
3145 67.432
3146 67.432
3147 67.432
3148 67.432
3149 67.432
3150 67.432
3151 67.432
3152 67.432
3153 67.432
3154 67.432
3155 67.432
3156 67.432
3157 67.432
3158 67.432
3159 67.432
3160 67.432
3161 67.432
3162 67.432
3163 67.432
3164 67.432
3165 67.432
3166 67.432
3167 67.432
3168 67.432
3169 67.432
3170 67.432
3171 67.432
3172 67.432
3173 67.432
3174 67.432
3175 67.432
3176 67.432
3177 67.432
3178 67.432
3179 67.432
3180 67.432
3181 67.432
3182 67.432
3183 67.432
3184 67.432
3185 67.432
3186 67.432
3187 67.432
3188 67.432
3189 67.432
3190 67.432
3191 67.432
3192 67.432
3193 67.432
3194 67.432
3195 67.432
3196 67.432
3197 67.432
3198 67.432
3199 67.432
3200 67.432
3201 67.432
3202 67.432
3203 67.432
3204 67.432
3205 67.432
3206 67.432
3207 67.432
3208 67.432
3209 67.432
3210 67.432
3211 67.432
3212 67.432
3213 67.432
3214 67.432
3215 67.432
3216 67.432
3217 67.432
3218 67.432
3219 67.432
3220 67.432
3221 67.432
3222 67.432
3223 67.432
3224 67.432
3225 67.432
3226 67.432
3227 67.432
3228 67.432
3229 67.432
3230 67.432
3231 67.432
3232 67.432
3233 67.432
3234 67.432
3235 67.432
3236 67.432
3237 67.432
3238 67.432
3239 67.432
3240 67.432
3241 67.432
3242 67.432
3243 67.432
3244 67.432
3245 67.432
3246 67.432
3247 67.432
3248 67.432
3249 67.432
3250 67.432
3251 67.432
3252 67.432
3253 67.432
3254 67.432
3255 67.432
3256 67.432
3257 67.432
3258 67.432
3259 67.432
3260 67.432
3261 67.432
3262 67.432
3263 67.432
3264 67.432
3265 67.432
3266 67.432
3267 67.432
3268 67.432
3269 67.432
3270 67.432
3271 67.432
3272 67.432
3273 67.432
3274 67.432
3275 67.432
3276 67.432
3277 67.432
3278 67.432
3279 67.432
3280 67.432
3281 67.432
3282 67.432
3283 67.432
3284 67.432
3285 67.432
3286 67.432
3287 67.432
3288 67.432
3289 67.432
3290 67.432
3291 67.432
3292 67.432
3293 67.432
3294 67.432
3295 67.432
3296 67.432
3297 67.432
3298 67.432
3299 67.432
3300 67.432
3301 67.432
3302 67.432
3303 67.432
3304 67.432
3305 67.432
3306 67.432
3307 67.432
3308 67.432
3309 67.432
3310 67.432
3311 67.432
3312 67.432
3313 67.432
3314 67.432
3315 67.432
3316 67.432
3317 67.432
3318 67.432
3319 67.432
3320 67.432
3321 67.432
3322 67.432
3323 67.432
3324 67.432
3325 67.432
3326 67.432
3327 67.432
3328 67.432
3329 67.432
3330 67.432
3331 67.432
3332 67.432
3333 67.432
3334 67.432
3335 67.432
3336 67.432
3337 67.432
3338 67.432
3339 67.432
3340 67.432
3341 67.432
3342 67.432
3343 67.432
3344 67.432
3345 67.432
3346 67.432
3347 67.432
3348 67.432
3349 67.432
3350 67.432
3351 67.432
3352 67.432
3353 67.432
3354 67.432
3355 67.432
3356 67.432
3357 67.432
3358 67.432
3359 67.432
3360 67.432
3361 67.432
3362 67.432
3363 67.432
3364 67.432
3365 67.432
3366 67.432
3367 67.432
3368 67.432
3369 67.432
3370 67.432
3371 67.432
3372 67.432
3373 67.432
3374 67.432
3375 67.432
3376 67.432
3377 67.432
3378 67.432
3379 67.432
3380 67.432
3381 67.432
3382 67.432
3383 67.432
3384 67.432
3385 67.432
3386 67.432
3387 67.432
3388 67.432
3389 67.432
3390 67.432
3391 67.432
3392 67.432
3393 67.432
3394 67.432
3395 67.432
3396 67.432
3397 67.432
3398 67.432
3399 67.432
3400 67.432
3401 67.432
3402 67.432
3403 67.432
3404 67.432
3405 67.432
3406 67.432
3407 67.432
3408 67.432
3409 67.432
3410 67.432
3411 67.432
3412 67.432
3413 67.432
3414 67.432
3415 67.432
3416 67.432
3417 67.432
3418 67.432
3419 67.432
3420 67.432
3421 67.432
3422 67.432
3423 67.432
3424 67.432
3425 67.432
3426 67.432
3427 67.432
3428 67.432
3429 67.432
3430 67.432
3431 67.432
3432 67.432
3433 67.432
3434 67.432
3435 67.432
3436 67.432
3437 67.432
3438 67.432
3439 67.432
3440 67.432
3441 67.432
3442 67.432
3443 67.432
3444 67.432
3445 67.432
3446 67.432
3447 67.432
3448 67.432
3449 67.432
3450 67.432
3451 67.432
3452 67.432
3453 67.432
3454 67.432
3455 67.432
3456 67.432
3457 67.432
3458 67.432
3459 67.432
3460 67.432
3461 67.432
3462 67.432
3463 67.432
3464 67.432
3465 67.432
3466 67.432
3467 67.432
3468 67.432
3469 67.432
3470 67.432
3471 67.432
3472 67.432
3473 67.432
3474 67.432
3475 67.432
3476 67.432
3477 67.432
3478 67.432
3479 67.432
3480 67.432
3481 67.432
3482 67.432
3483 67.432
3484 67.432
3485 67.432
3486 67.432
3487 67.432
3488 67.432
3489 67.432
3490 67.432
3491 67.432
3492 67.432
3493 67.432
3494 67.432
3495 67.432
3496 67.432
3497 67.432
3498 67.432
3499 67.432
3500 67.432
3501 67.432
3502 67.432
3503 67.432
3504 67.432
3505 67.432
3506 67.432
3507 67.432
3508 67.432
3509 67.432
3510 67.432
3511 67.432
3512 67.432
3513 67.432
3514 67.432
3515 67.432
3516 67.432
3517 67.432
3518 67.432
3519 67.432
3520 67.432
3521 67.432
3522 67.432
3523 67.432
3524 67.432
3525 67.432
3526 67.432
3527 67.432
3528 67.432
3529 67.432
3530 67.432
3531 67.432
3532 67.432
3533 67.432
3534 67.432
3535 67.432
3536 67.432
3537 67.432
3538 67.432
3539 67.432
3540 67.432
3541 67.432
3542 67.432
3543 67.432
3544 67.432
3545 67.432
3546 67.432
3547 67.432
3548 67.432
3549 67.432
3550 67.432
3551 67.432
3552 67.432
3553 67.432
3554 67.432
3555 67.432
3556 67.432
3557 67.432
3558 67.432
3559 67.432
3560 67.432
3561 67.432
3562 67.432
3563 67.432
3564 67.432
3565 67.432
3566 67.432
3567 67.432
3568 67.432
3569 67.432
3570 67.432
3571 67.432
3572 67.432
3573 67.432
3574 67.432
3575 67.432
3576 67.432
3577 67.432
3578 67.432
3579 67.432
3580 67.432
3581 67.432
3582 67.432
3583 67.432
3584 67.432
3585 67.432
3586 67.432
3587 67.432
3588 67.432
3589 67.432
3590 67.432
3591 67.432
3592 67.432
3593 67.432
3594 67.432
3595 67.432
3596 67.432
3597 67.432
3598 67.432
3599 67.432
3600 67.432
3601 67.432
3602 67.432
3603 67.432
3604 67.432
3605 67.432
3606 67.432
3607 67.432
3608 67.432
3609 67.432
3610 67.432
3611 67.432
3612 67.432
3613 67.432
3614 67.432
3615 67.432
3616 67.432
3617 67.432
3618 67.432
3619 67.432
3620 67.432
3621 67.432
3622 67.432
3623 67.432
3624 67.432
3625 67.432
3626 67.432
3627 67.432
3628 67.432
3629 67.432
3630 67.432
3631 67.432
3632 67.432
3633 67.432
3634 67.432
3635 67.432
3636 67.432
3637 67.432
3638 67.432
3639 67.432
3640 67.432
3641 67.432
3642 67.432
3643 67.432
3644 67.432
3645 67.432
3646 67.432
3647 67.432
3648 67.432
3649 67.432
3650 67.432
3651 67.432
3652 67.432
3653 67.432
3654 67.432
3655 67.432
3656 67.432
3657 67.432
3658 67.432
3659 67.432
3660 67.432
3661 67.432
3662 67.432
3663 67.432
3664 67.432
3665 67.432
3666 67.432
3667 67.432
3668 67.432
3669 67.432
3670 67.432
3671 67.432
3672 67.432
3673 67.432
3674 67.432
3675 67.432
3676 67.432
3677 67.432
3678 67.432
3679 67.432
3680 67.432
3681 67.432
3682 67.432
3683 67.432
3684 67.432
3685 67.432
3686 67.432
3687 67.432
3688 67.432
3689 67.432
3690 67.432
3691 67.432
3692 67.432
3693 67.432
3694 67.432
3695 67.432
3696 67.432
3697 67.432
3698 67.432
3699 67.432
3700 67.432
3701 67.432
3702 67.432
3703 67.432
3704 67.432
3705 67.432
3706 67.432
3707 67.432
3708 67.432
3709 67.432
3710 67.432
3711 67.432
3712 67.432
3713 67.432
3714 67.432
3715 67.432
3716 67.432
3717 67.432
3718 67.432
3719 67.432
3720 67.432
3721 67.432
3722 67.432
3723 67.432
3724 67.432
3725 67.432
3726 67.432
3727 67.432
3728 67.432
3729 67.432
3730 67.432
3731 67.432
3732 67.432
3733 67.432
3734 67.432
3735 67.432
3736 67.432
3737 67.432
3738 67.432
3739 67.432
3740 67.432
3741 67.432
3742 67.432
3743 67.432
3744 67.432
3745 67.432
3746 67.432
3747 67.432
3748 67.432
3749 67.432
3750 67.432
3751 67.432
3752 67.432
3753 67.432
3754 67.432
3755 67.432
3756 67.432
3757 67.432
3758 67.432
3759 67.432
3760 67.432
3761 67.432
3762 67.432
3763 67.432
3764 67.432
3765 67.432
3766 67.432
3767 67.432
3768 67.432
3769 67.432
3770 67.432
3771 67.432
3772 67.432
3773 67.432
3774 67.432
3775 67.432
3776 67.432
3777 67.432
3778 67.432
3779 67.432
3780 67.432
3781 67.432
3782 67.432
3783 67.432
3784 67.432
3785 67.432
3786 67.432
3787 67.432
3788 67.432
3789 67.432
3790 67.432
3791 67.432
3792 67.432
3793 67.432
3794 67.432
3795 67.432
3796 67.432
3797 67.432
3798 67.432
3799 67.432
3800 67.432
3801 67.432
3802 67.432
3803 67.432
3804 67.432
3805 67.432
3806 67.432
3807 67.432
3808 67.432
3809 67.432
3810 67.432
3811 67.432
3812 67.432
3813 67.432
3814 67.432
3815 67.432
3816 67.432
3817 67.432
3818 67.432
3819 67.432
3820 67.432
3821 67.432
3822 67.432
3823 67.432
3824 67.432
3825 67.432
3826 67.432
3827 67.432
3828 67.432
3829 67.432
3830 67.432
3831 67.432
3832 67.432
3833 67.432
3834 67.432
3835 67.432
3836 67.432
3837 67.432
3838 67.432
3839 67.432
3840 67.432
3841 67.432
3842 67.432
3843 67.432
3844 67.432
3845 67.432
3846 67.432
3847 67.432
3848 67.432
3849 67.432
3850 67.432
3851 67.432
3852 67.432
3853 67.432
3854 67.432
3855 67.432
3856 67.432
3857 67.432
3858 67.432
3859 67.432
3860 67.432
3861 67.432
3862 67.432
3863 67.432
3864 67.432
3865 67.432
3866 67.432
3867 67.432
3868 67.432
3869 67.432
3870 67.432
3871 67.432
3872 67.432
3873 67.432
3874 67.432
3875 67.432
3876 67.432
3877 67.432
3878 67.432
3879 67.432
3880 67.432
3881 67.432
3882 67.432
3883 67.432
3884 67.432
3885 67.432
3886 67.432
3887 67.432
3888 67.432
3889 67.432
3890 67.432
3891 67.432
3892 67.432
3893 67.432
3894 67.432
3895 67.432
3896 67.432
3897 67.432
3898 67.432
3899 67.432
3900 67.432
3901 67.432
3902 67.432
3903 67.432
3904 67.432
3905 67.432
3906 67.432
3907 67.432
3908 67.432
3909 67.432
3910 67.432
3911 67.432
3912 67.432
3913 67.432
3914 67.432
3915 67.432
3916 67.432
3917 67.432
3918 67.432
3919 67.432
3920 67.432
3921 67.432
3922 67.432
3923 67.432
3924 67.432
3925 67.432
3926 67.432
3927 67.432
3928 67.432
3929 67.432
3930 67.432
3931 67.432
3932 67.432
3933 67.432
3934 67.432
3935 67.432
3936 67.432
3937 67.432
3938 67.432
3939 67.432
3940 67.432
3941 67.432
3942 67.432
3943 67.432
3944 67.432
3945 67.432
3946 67.432
3947 67.432
3948 67.432
3949 67.432
3950 67.432
3951 67.432
3952 67.432
3953 67.432
3954 67.432
3955 67.432
3956 67.432
3957 67.432
3958 67.432
3959 67.432
3960 67.432
3961 67.432
3962 67.432
3963 67.432
3964 67.432
3965 67.432
3966 67.432
3967 67.432
3968 67.432
3969 67.432
3970 67.432
3971 67.432
3972 67.432
3973 67.432
3974 67.432
3975 67.432
3976 67.432
3977 67.432
3978 67.432
3979 67.432
3980 67.432
3981 67.432
3982 67.432
3983 67.432
3984 67.432
3985 67.432
3986 67.432
3987 67.432
3988 67.432
3989 67.432
3990 67.432
3991 67.432
3992 67.432
3993 67.432
3994 67.432
3995 67.432
3996 67.432
3997 67.432
3998 67.432
3999 67.432
4000 67.432
4001 67.432
4002 67.432
4003 67.432
4004 67.432
4005 67.432
4006 67.432
4007 67.432
4008 67.432
4009 67.432
4010 67.432
4011 67.432
4012 67.432
4013 67.432
4014 67.432
4015 67.432
4016 67.432
4017 67.432
4018 67.432
4019 67.432
4020 67.432
4021 67.432
4022 67.432
4023 67.432
4024 67.432
4025 67.432
4026 67.432
4027 67.432
4028 67.432
4029 67.432
4030 67.432
4031 67.432
4032 67.432
4033 67.432
4034 67.432
4035 67.432
4036 67.432
4037 67.432
4038 67.432
4039 67.432
4040 67.432
4041 67.432
4042 67.432
4043 67.432
4044 67.432
4045 67.432
4046 67.432
4047 67.432
4048 67.432
4049 67.432
4050 67.432
4051 66.89
4052 66.89
4053 66.89
4054 66.89
4055 66.89
4056 66.89
4057 66.89
4058 66.89
4059 66.89
4060 66.89
4061 66.89
4062 66.89
4063 66.89
4064 66.89
4065 66.89
4066 66.89
4067 66.89
4068 66.89
4069 66.89
4070 66.89
4071 66.89
4072 66.89
4073 66.89
4074 66.89
4075 66.89
4076 66.89
4077 66.89
4078 66.89
4079 66.89
4080 66.89
4081 66.89
4082 66.89
4083 66.89
4084 66.89
4085 66.89
4086 66.89
4087 66.89
4088 66.89
4089 66.89
4090 66.89
4091 66.89
4092 66.89
4093 66.89
4094 66.89
4095 66.89
4096 66.89
4097 66.89
4098 66.89
4099 66.89
4100 66.89
4101 66.89
4102 66.89
4103 66.89
4104 66.89
4105 66.89
4106 66.89
4107 66.89
4108 66.89
4109 66.89
4110 66.89
4111 66.89
4112 66.89
4113 66.89
4114 66.89
4115 66.89
4116 66.89
4117 66.89
4118 66.89
4119 66.89
4120 66.89
4121 66.89
4122 66.89
4123 66.89
4124 66.89
4125 66.89
4126 66.89
4127 66.89
4128 66.89
4129 66.89
4130 66.89
4131 66.89
4132 66.89
4133 66.89
4134 66.89
4135 66.89
4136 66.89
4137 66.89
4138 66.89
4139 66.89
4140 66.89
4141 66.89
4142 66.89
4143 66.89
4144 66.89
4145 66.89
4146 66.89
4147 66.89
4148 66.89
4149 66.89
4150 66.89
4151 66.89
4152 66.89
4153 66.89
4154 66.89
4155 66.89
4156 66.89
4157 66.89
4158 66.89
4159 66.89
4160 66.89
4161 66.89
4162 66.89
4163 66.89
4164 66.89
4165 66.89
4166 66.89
4167 66.89
4168 66.89
4169 66.89
4170 66.89
4171 66.89
4172 66.89
4173 66.89
4174 66.89
4175 66.89
4176 66.89
4177 66.89
4178 66.89
4179 66.89
4180 66.89
4181 66.89
4182 66.89
4183 66.89
4184 66.89
4185 66.89
4186 66.89
4187 66.89
4188 66.89
4189 66.89
4190 66.89
4191 66.89
4192 66.89
4193 66.89
4194 66.89
4195 66.89
4196 66.89
4197 66.89
4198 66.89
4199 66.89
4200 66.89
4201 66.89
4202 66.89
4203 66.89
4204 66.89
4205 66.89
4206 66.89
4207 66.89
4208 66.89
4209 66.89
4210 66.89
4211 66.89
4212 66.89
4213 66.89
4214 66.89
4215 66.89
4216 66.89
4217 66.89
4218 66.89
4219 66.89
4220 66.89
4221 66.89
4222 66.89
4223 66.89
4224 66.89
4225 66.89
4226 66.89
4227 66.89
4228 66.89
4229 66.89
4230 66.89
4231 66.89
4232 66.89
4233 66.89
4234 66.89
4235 66.89
4236 66.89
4237 66.89
4238 66.89
4239 66.89
4240 66.89
4241 66.89
4242 66.89
4243 66.89
4244 66.89
4245 66.89
4246 66.89
4247 66.89
4248 66.89
4249 66.89
4250 66.89
4251 66.89
4252 66.89
4253 66.89
4254 66.89
4255 66.89
4256 66.89
4257 66.89
4258 66.89
4259 66.89
4260 66.89
4261 66.89
4262 66.89
4263 66.89
4264 66.89
4265 66.89
4266 66.89
4267 66.89
4268 66.89
4269 66.89
4270 66.89
4271 66.89
4272 66.89
4273 66.89
4274 66.89
4275 66.89
4276 66.89
4277 66.89
4278 66.89
4279 66.89
4280 66.89
4281 66.89
4282 66.89
4283 66.89
4284 66.89
4285 66.89
4286 66.89
4287 66.89
4288 66.89
4289 66.89
4290 66.89
4291 66.89
4292 66.89
4293 66.89
4294 66.89
4295 66.89
4296 66.89
4297 66.89
4298 66.89
4299 66.89
4300 66.89
4301 66.89
4302 66.89
4303 66.89
4304 66.89
4305 66.89
4306 66.89
4307 66.89
4308 66.89
4309 66.89
4310 66.89
4311 66.89
4312 66.89
4313 66.89
4314 66.89
4315 66.89
4316 66.89
4317 66.89
4318 66.89
4319 66.89
4320 66.89
4321 66.89
4322 66.89
4323 66.89
4324 66.89
4325 66.89
4326 66.89
4327 66.89
4328 66.89
4329 66.89
4330 66.89
4331 66.89
4332 66.89
4333 66.89
4334 66.89
4335 66.89
4336 66.89
4337 66.89
4338 66.89
4339 66.89
4340 66.89
4341 66.89
4342 66.89
4343 66.89
4344 66.89
4345 66.89
4346 66.89
4347 66.89
4348 66.89
4349 66.89
4350 66.89
4351 66.89
4352 66.89
4353 66.89
4354 66.89
4355 66.89
4356 66.89
4357 66.89
4358 66.89
4359 66.89
4360 66.89
4361 66.89
4362 66.89
4363 66.89
4364 66.89
4365 66.89
4366 66.89
4367 66.89
4368 66.89
4369 66.89
4370 66.89
4371 66.89
4372 66.89
4373 66.89
4374 66.89
4375 66.89
4376 66.89
4377 66.89
4378 66.89
4379 66.89
4380 66.89
4381 66.89
4382 66.89
4383 66.89
4384 66.89
4385 66.89
4386 66.89
4387 66.89
4388 66.89
4389 66.89
4390 66.89
4391 66.89
4392 66.89
4393 66.89
4394 66.89
4395 66.89
4396 66.89
4397 66.89
4398 66.89
4399 66.89
4400 66.89
4401 66.89
4402 66.89
4403 66.89
4404 66.89
4405 66.89
4406 66.89
4407 66.89
4408 66.89
4409 66.89
4410 66.89
4411 66.89
4412 66.89
4413 66.89
4414 66.89
4415 66.89
4416 66.89
4417 66.89
4418 66.89
4419 66.89
4420 66.89
4421 66.89
4422 66.89
4423 66.89
4424 66.89
4425 66.89
4426 66.89
4427 66.89
4428 66.89
4429 66.89
4430 66.89
4431 66.89
4432 66.89
4433 66.89
4434 66.89
4435 66.89
4436 66.89
4437 66.89
4438 66.89
4439 66.89
4440 66.89
4441 66.89
4442 66.89
4443 66.89
4444 66.89
4445 66.89
4446 66.89
4447 66.89
4448 66.89
4449 66.89
4450 66.89
4451 66.89
4452 66.89
4453 66.89
4454 66.89
4455 66.89
4456 66.89
4457 66.89
4458 66.89
4459 66.89
4460 66.89
4461 66.89
4462 66.89
4463 66.89
4464 66.89
4465 66.89
4466 66.89
4467 66.89
4468 66.89
4469 66.89
4470 66.89
4471 66.89
4472 66.89
4473 66.89
4474 66.89
4475 66.89
4476 66.89
4477 66.89
4478 66.89
4479 66.89
4480 66.89
4481 66.89
4482 66.89
4483 66.89
4484 66.89
4485 66.89
4486 66.89
4487 66.89
4488 66.89
4489 66.89
4490 66.89
4491 66.89
4492 66.89
4493 66.89
4494 66.89
4495 66.89
4496 66.89
4497 66.89
4498 66.89
4499 66.89
4500 66.89
4501 66.89
4502 66.89
4503 66.89
4504 66.89
4505 66.89
4506 66.89
4507 66.89
4508 66.89
4509 66.89
4510 66.89
4511 66.89
4512 66.89
4513 66.89
4514 66.89
4515 66.89
4516 66.89
4517 66.89
4518 66.89
4519 66.89
4520 66.89
4521 66.89
4522 66.89
4523 66.89
4524 66.89
4525 66.89
4526 66.89
4527 66.89
4528 66.89
4529 66.89
4530 66.89
4531 66.89
4532 66.89
4533 66.89
4534 66.89
4535 66.89
4536 66.89
4537 66.89
4538 66.89
4539 66.89
4540 66.89
4541 66.89
4542 66.89
4543 66.89
4544 66.89
4545 66.89
4546 66.89
4547 66.89
4548 66.89
4549 66.89
4550 66.89
4551 66.89
4552 66.89
4553 66.89
4554 66.89
4555 66.89
4556 66.89
4557 66.89
4558 66.89
4559 66.89
4560 66.89
4561 66.89
4562 66.89
4563 66.89
4564 66.89
4565 66.89
4566 66.89
4567 66.89
4568 66.89
4569 66.89
4570 66.89
4571 66.89
4572 66.89
4573 66.89
4574 66.89
4575 66.89
4576 66.89
4577 66.89
4578 66.89
4579 66.89
4580 66.89
4581 66.89
4582 66.89
4583 66.89
4584 66.89
4585 66.89
4586 66.89
4587 66.89
4588 66.89
4589 66.89
4590 66.89
4591 66.89
4592 66.89
4593 66.89
4594 66.89
4595 66.89
4596 66.89
4597 66.89
4598 66.89
4599 66.89
4600 66.89
4601 66.89
4602 66.89
4603 66.89
4604 66.89
4605 66.89
4606 66.89
4607 66.89
4608 66.89
4609 66.89
4610 66.89
4611 66.89
4612 66.89
4613 66.89
4614 66.89
4615 66.89
4616 66.89
4617 66.89
4618 66.89
4619 66.89
4620 66.89
4621 66.89
4622 66.89
4623 66.89
4624 66.89
4625 66.89
4626 66.89
4627 66.89
4628 66.89
4629 66.89
4630 66.89
4631 66.89
4632 66.89
4633 66.89
4634 66.89
4635 66.89
4636 66.89
4637 66.89
4638 66.89
4639 66.89
4640 66.89
4641 66.89
4642 66.89
4643 66.89
4644 66.89
4645 66.89
4646 66.89
4647 66.89
4648 66.89
4649 66.89
4650 66.89
4651 66.89
4652 66.89
4653 66.89
4654 66.89
4655 66.89
4656 66.89
4657 66.89
4658 66.89
4659 66.89
4660 66.89
4661 66.89
4662 66.89
4663 66.89
4664 66.89
4665 66.89
4666 66.89
4667 66.89
4668 66.89
4669 66.89
4670 66.89
4671 66.89
4672 66.89
4673 66.89
4674 66.89
4675 66.89
4676 66.89
4677 66.89
4678 66.89
4679 66.89
4680 66.89
4681 66.89
4682 66.89
4683 66.89
4684 66.89
4685 66.89
4686 66.89
4687 66.89
4688 66.89
4689 66.89
4690 66.89
4691 66.89
4692 66.89
4693 66.89
4694 66.89
4695 66.89
4696 66.89
4697 66.89
4698 66.89
4699 66.89
4700 66.89
4701 66.89
4702 66.89
4703 66.89
4704 66.89
4705 66.89
4706 66.89
4707 66.89
4708 66.89
4709 66.89
4710 66.89
4711 66.89
4712 66.89
4713 66.89
4714 66.89
4715 66.89
4716 66.89
4717 66.89
4718 66.89
4719 66.89
4720 66.89
4721 66.89
4722 66.89
4723 66.89
4724 66.89
4725 66.89
4726 66.89
4727 66.89
4728 66.89
4729 66.89
4730 66.89
4731 66.89
4732 66.89
4733 66.89
4734 66.89
4735 66.89
4736 66.89
4737 66.89
4738 66.89
4739 66.89
4740 66.89
4741 66.89
4742 66.89
4743 66.89
4744 66.89
4745 66.89
4746 66.89
4747 66.89
4748 66.89
4749 66.89
4750 66.89
4751 66.89
4752 66.89
4753 66.89
4754 66.89
4755 66.89
4756 66.89
4757 66.89
4758 66.89
4759 66.89
4760 66.89
4761 66.89
4762 66.89
4763 66.89
4764 66.89
4765 66.89
4766 66.89
4767 66.89
4768 66.89
4769 66.89
4770 66.89
4771 66.89
4772 66.89
4773 66.89
4774 66.89
4775 66.89
4776 66.89
4777 66.89
4778 66.89
4779 66.89
4780 66.89
4781 66.89
4782 66.89
4783 66.89
4784 66.89
4785 66.89
4786 66.89
4787 66.89
4788 66.89
4789 66.89
4790 66.89
4791 66.89
4792 66.89
4793 66.89
4794 66.89
4795 66.89
4796 66.89
4797 66.89
4798 66.89
4799 66.89
4800 66.89
4801 66.89
4802 66.89
4803 66.89
4804 66.89
4805 66.89
4806 66.89
4807 66.89
4808 66.89
4809 66.89
4810 66.89
4811 66.89
4812 66.89
4813 66.89
4814 66.89
4815 66.89
4816 66.89
4817 66.89
4818 66.89
4819 66.89
4820 66.89
4821 66.89
4822 66.89
4823 66.89
4824 66.89
4825 66.89
4826 66.89
4827 66.89
4828 66.89
4829 66.89
4830 66.89
4831 66.89
4832 66.89
4833 66.89
4834 66.89
4835 66.89
4836 66.89
4837 66.89
4838 66.89
4839 66.89
4840 66.89
4841 66.89
4842 66.89
4843 66.89
4844 66.89
4845 66.89
4846 66.89
4847 66.89
4848 66.89
4849 66.89
4850 66.89
4851 66.89
4852 66.89
4853 66.89
4854 66.89
4855 66.89
4856 66.89
4857 66.89
4858 66.89
4859 66.89
4860 66.89
4861 66.89
4862 66.89
4863 66.89
4864 66.89
4865 66.89
4866 66.89
4867 66.89
4868 66.89
4869 66.89
4870 66.89
4871 66.89
4872 66.89
4873 66.89
4874 66.89
4875 66.89
4876 66.89
4877 66.89
4878 66.89
4879 66.89
4880 66.89
4881 66.89
4882 66.89
4883 66.89
4884 66.89
4885 66.89
4886 66.89
4887 66.89
4888 66.89
4889 66.89
4890 66.89
4891 66.89
4892 66.89
4893 66.89
4894 66.89
4895 66.89
4896 66.89
4897 66.89
4898 66.89
4899 66.89
4900 66.89
4901 66.89
4902 66.89
4903 66.89
4904 66.89
4905 66.89
4906 66.89
4907 66.89
4908 66.89
4909 66.89
4910 66.89
4911 66.89
4912 66.89
4913 66.89
4914 66.89
4915 66.89
4916 66.89
4917 66.89
4918 66.89
4919 66.89
4920 66.89
4921 66.89
4922 66.89
4923 66.89
4924 66.89
4925 66.89
4926 66.89
4927 66.89
4928 66.89
4929 66.89
4930 66.89
4931 66.89
4932 66.89
4933 66.89
4934 66.89
4935 66.89
4936 66.89
4937 66.89
4938 66.89
4939 66.89
4940 66.89
4941 66.89
4942 66.89
4943 66.89
4944 66.89
4945 66.89
4946 66.89
4947 66.89
4948 66.89
4949 66.89
4950 66.89
4951 66.89
4952 66.89
4953 66.89
4954 66.89
4955 66.89
4956 66.89
4957 66.89
4958 66.89
4959 66.89
4960 66.89
4961 66.89
4962 66.89
4963 66.89
4964 66.89
4965 66.89
4966 66.89
4967 66.89
4968 66.89
4969 66.89
4970 66.89
4971 66.89
4972 66.89
4973 66.89
4974 66.89
4975 66.89
4976 66.89
4977 66.89
4978 66.89
4979 66.89
4980 66.89
4981 66.89
4982 66.89
4983 66.89
4984 66.89
4985 66.89
4986 66.89
4987 66.89
4988 66.89
4989 66.89
4990 66.89
4991 66.89
4992 66.89
4993 66.89
4994 66.89
4995 66.89
4996 66.89
4997 66.89
4998 66.89
4999 66.89
5000 66.89
5001 66.89
5002 66.89
5003 66.89
5004 66.89
5005 66.89
5006 66.89
5007 66.89
5008 66.89
5009 66.89
5010 66.89
5011 66.89
5012 66.89
5013 66.89
5014 66.89
5015 66.89
5016 66.89
5017 66.89
5018 66.89
5019 66.89
5020 66.89
5021 66.89
5022 66.89
5023 66.89
5024 66.89
5025 66.89
5026 66.89
5027 66.89
5028 66.89
5029 66.89
5030 66.89
5031 66.89
5032 66.89
5033 66.89
5034 66.89
5035 66.89
5036 66.89
5037 66.89
5038 66.89
5039 66.89
5040 66.89
5041 66.89
5042 66.89
5043 66.89
5044 66.89
5045 66.89
5046 66.89
5047 66.89
5048 66.89
5049 66.89
5050 66.89
5051 66.89
5052 66.89
5053 66.89
5054 66.89
5055 66.89
5056 66.89
5057 66.89
5058 66.89
5059 66.89
5060 66.89
5061 66.89
5062 66.89
5063 66.89
5064 66.89
5065 66.89
5066 66.89
5067 66.89
5068 66.89
5069 66.89
5070 66.89
5071 66.89
5072 66.89
5073 66.89
5074 66.89
5075 66.89
5076 66.89
5077 66.89
5078 66.89
5079 66.89
5080 66.89
5081 66.89
5082 66.89
5083 66.89
5084 66.89
5085 66.89
5086 66.89
5087 66.89
5088 66.89
5089 66.89
5090 66.89
5091 66.89
5092 66.89
5093 66.89
5094 66.89
5095 66.89
5096 66.89
5097 66.89
5098 66.89
5099 66.89
5100 66.89
5101 66.89
5102 66.89
5103 66.89
5104 66.89
5105 66.89
5106 66.89
5107 66.89
5108 66.89
5109 66.89
5110 66.89
5111 66.89
5112 66.89
5113 66.89
5114 66.89
5115 66.89
5116 66.89
5117 66.89
5118 66.89
5119 66.89
5120 66.89
5121 66.89
5122 66.89
5123 66.89
5124 66.89
5125 66.89
5126 66.89
5127 66.89
5128 66.89
5129 66.89
5130 66.89
5131 66.89
5132 66.89
5133 66.89
5134 66.89
5135 66.89
5136 66.89
5137 66.89
5138 66.89
5139 66.89
5140 66.89
5141 66.89
5142 66.89
5143 66.89
5144 66.89
5145 66.89
5146 66.89
5147 66.89
5148 66.89
5149 66.89
5150 66.89
5151 66.89
5152 66.89
5153 66.89
5154 66.89
5155 66.89
5156 66.89
5157 66.89
5158 66.89
5159 66.89
5160 66.89
5161 66.89
5162 66.89
5163 66.89
5164 66.89
5165 66.89
5166 66.89
5167 66.89
5168 66.89
5169 66.89
5170 66.89
5171 66.89
5172 66.89
5173 66.89
5174 66.89
5175 66.89
5176 66.89
5177 66.89
5178 66.89
5179 66.89
5180 66.89
5181 66.89
5182 66.89
5183 66.89
5184 66.89
5185 66.89
5186 66.89
5187 66.89
5188 66.89
5189 66.89
5190 66.89
5191 66.89
5192 66.89
5193 66.89
5194 66.89
5195 66.89
5196 66.89
5197 66.89
5198 66.89
5199 66.89
5200 66.89
5201 66.89
5202 66.89
5203 66.89
5204 66.89
5205 66.89
5206 66.89
5207 66.89
5208 66.89
5209 66.89
5210 66.89
5211 66.89
5212 66.89
5213 66.89
5214 66.89
5215 66.89
5216 66.89
5217 66.89
5218 66.89
5219 66.89
5220 66.89
5221 66.89
5222 66.89
5223 66.89
5224 66.89
5225 66.89
5226 66.89
5227 66.89
5228 66.89
5229 66.89
5230 66.89
5231 66.89
5232 66.89
5233 66.89
5234 66.89
5235 66.89
5236 66.89
5237 66.89
5238 66.89
5239 66.89
5240 66.89
5241 66.89
5242 66.89
5243 66.89
5244 66.89
5245 66.89
5246 66.89
5247 66.89
5248 66.89
5249 66.89
5250 66.89
5251 66.89
5252 66.89
5253 66.89
5254 66.89
5255 66.89
5256 66.89
5257 66.89
5258 66.89
5259 66.89
5260 66.89
5261 66.89
5262 66.89
5263 66.89
5264 66.89
5265 66.89
5266 66.89
5267 66.89
5268 66.89
5269 66.89
5270 66.89
5271 66.89
5272 66.89
5273 66.89
5274 66.89
5275 66.89
5276 66.89
5277 66.89
5278 66.89
5279 66.89
5280 66.89
5281 66.89
5282 66.89
5283 66.89
5284 66.89
5285 66.89
5286 66.89
5287 66.89
5288 66.89
5289 66.89
5290 66.89
5291 66.89
5292 66.89
5293 66.89
5294 66.89
5295 66.89
5296 66.89
5297 66.89
5298 66.89
5299 66.89
5300 66.89
5301 66.89
5302 66.89
5303 66.89
5304 66.89
5305 66.89
5306 66.89
5307 66.89
5308 66.89
5309 66.89
5310 66.89
5311 66.89
5312 66.89
5313 66.89
5314 66.89
5315 66.89
5316 66.89
5317 66.89
5318 66.89
5319 66.89
5320 66.89
5321 66.89
5322 66.89
5323 66.89
5324 66.89
5325 66.89
5326 66.89
5327 66.89
5328 66.89
5329 66.89
5330 66.89
5331 66.89
5332 66.89
5333 66.89
5334 66.89
5335 66.89
5336 66.89
5337 66.89
5338 66.89
5339 66.89
5340 66.89
5341 66.89
5342 66.89
5343 66.89
5344 66.89
5345 66.89
5346 66.89
5347 66.89
5348 66.89
5349 66.89
5350 66.89
5351 66.89
5352 66.89
5353 66.89
5354 66.89
5355 66.89
5356 66.89
5357 66.89
5358 66.89
5359 66.89
5360 66.89
5361 66.89
5362 66.89
5363 66.89
5364 66.89
5365 66.89
5366 66.89
5367 66.89
5368 66.89
5369 66.89
5370 66.89
5371 66.89
5372 66.89
5373 66.89
5374 66.89
5375 66.89
5376 66.89
5377 66.89
5378 66.89
5379 66.89
5380 66.89
5381 66.89
5382 66.89
5383 66.89
5384 66.89
5385 66.89
5386 66.89
5387 66.89
5388 66.89
5389 66.89
5390 66.89
5391 66.89
5392 66.89
5393 66.89
5394 66.89
5395 66.89
5396 66.89
5397 66.89
5398 66.89
5399 66.89
5400 66.89
5401 66.89
5402 66.89
5403 66.89
5404 66.89
5405 66.89
5406 66.89
5407 66.89
5408 66.89
5409 66.89
5410 66.89
5411 66.89
5412 66.89
5413 66.89
5414 66.89
5415 66.89
5416 66.89
5417 66.89
5418 66.89
5419 66.89
5420 66.89
5421 66.89
5422 66.89
5423 66.89
5424 66.89
5425 66.89
5426 66.89
5427 66.89
5428 66.89
5429 66.89
5430 66.89
5431 66.89
5432 66.89
5433 66.89
5434 66.89
5435 66.89
5436 66.89
5437 66.89
5438 66.89
5439 66.89
5440 66.89
5441 66.89
5442 66.89
5443 66.89
5444 66.89
5445 66.89
5446 66.89
5447 66.89
5448 66.89
5449 66.89
5450 66.89
5451 66.89
5452 66.89
5453 66.89
5454 66.89
5455 66.89
5456 66.89
5457 66.89
5458 66.89
5459 66.89
5460 66.89
5461 66.89
5462 66.89
5463 66.89
5464 66.89
5465 66.89
5466 66.89
5467 66.89
5468 66.89
5469 66.89
5470 66.89
5471 66.89
5472 66.89
5473 66.89
5474 66.89
5475 66.89
5476 66.89
5477 66.89
5478 66.89
5479 66.89
5480 66.89
5481 66.89
5482 66.89
5483 66.89
5484 66.89
5485 66.89
5486 66.89
5487 66.89
5488 66.89
5489 66.89
5490 66.89
5491 66.89
5492 66.89
5493 66.89
5494 66.89
5495 66.89
5496 66.89
5497 66.89
5498 66.89
5499 66.89
5500 66.89
5501 66.89
5502 66.89
5503 66.89
5504 66.89
5505 66.89
5506 66.89
5507 66.89
5508 66.89
5509 66.89
5510 66.89
5511 66.89
5512 66.89
5513 66.89
5514 66.89
5515 66.89
5516 66.89
5517 66.89
5518 66.89
5519 66.89
5520 66.89
5521 66.89
5522 66.89
5523 66.89
5524 66.89
5525 66.89
5526 66.89
5527 66.89
5528 66.89
5529 66.89
5530 66.89
5531 66.89
5532 66.89
5533 66.89
5534 66.89
5535 66.89
5536 66.89
5537 66.89
5538 66.89
5539 66.89
5540 66.89
5541 66.89
5542 66.89
5543 66.89
5544 66.89
5545 66.89
5546 66.89
5547 66.89
5548 66.89
5549 66.89
5550 66.89
5551 66.89
5552 66.89
5553 66.89
5554 66.89
5555 66.89
5556 66.89
5557 66.89
5558 66.89
5559 66.89
5560 66.89
5561 66.89
5562 66.89
5563 66.89
5564 66.89
5565 66.89
5566 66.89
5567 66.89
5568 66.89
5569 66.89
5570 66.89
5571 66.89
5572 66.89
5573 66.89
5574 66.89
5575 66.89
5576 66.89
5577 66.89
5578 66.89
5579 66.89
5580 66.89
5581 66.89
5582 66.89
5583 66.89
5584 66.89
5585 66.89
5586 66.89
5587 66.89
5588 66.89
5589 66.89
5590 66.89
5591 66.89
5592 66.89
5593 66.89
5594 66.89
5595 66.89
5596 66.89
5597 66.89
5598 66.89
5599 66.89
5600 66.89
5601 66.89
5602 66.89
5603 66.89
5604 66.89
5605 66.89
5606 66.89
5607 66.89
5608 66.89
5609 66.89
5610 66.89
5611 66.89
5612 66.89
5613 66.89
5614 66.89
5615 66.89
5616 66.89
5617 66.89
5618 66.89
5619 66.89
5620 66.89
5621 66.89
5622 66.89
5623 66.89
5624 66.89
5625 66.89
5626 66.89
5627 66.89
5628 66.89
5629 66.89
5630 66.89
5631 66.89
5632 66.89
5633 66.89
5634 66.89
5635 66.89
5636 66.89
5637 66.89
5638 66.89
5639 66.89
5640 66.89
5641 66.89
5642 66.89
5643 66.89
5644 66.89
5645 66.89
5646 66.89
5647 66.89
5648 66.89
5649 66.89
5650 66.89
5651 66.89
5652 66.89
5653 66.89
5654 66.89
5655 66.89
5656 66.89
5657 66.89
5658 66.89
5659 66.89
5660 66.89
5661 66.89
5662 66.89
5663 66.89
5664 66.89
5665 66.89
5666 66.89
5667 66.89
5668 66.89
5669 66.89
5670 66.89
5671 66.89
5672 66.89
5673 66.89
5674 66.89
5675 66.89
5676 66.89
5677 66.89
5678 66.89
5679 66.89
5680 66.89
5681 66.89
5682 66.89
5683 66.89
5684 66.89
5685 66.89
5686 66.89
5687 66.89
5688 66.89
5689 66.89
5690 66.89
5691 66.89
5692 66.89
5693 66.89
5694 66.89
5695 66.89
5696 66.89
5697 66.89
5698 66.89
5699 66.89
5700 66.89
5701 66.89
5702 66.89
5703 66.89
5704 66.89
5705 66.89
5706 66.89
5707 66.89
5708 66.89
5709 66.89
5710 66.89
5711 66.89
5712 66.89
5713 66.89
5714 66.89
5715 66.89
5716 66.89
5717 66.89
5718 66.89
5719 66.89
5720 66.89
5721 66.89
5722 66.89
5723 66.89
5724 66.89
5725 66.89
5726 66.89
5727 66.89
5728 66.89
5729 66.89
5730 66.89
5731 66.89
5732 66.89
5733 66.89
5734 66.89
5735 66.89
5736 66.89
5737 66.89
5738 66.89
5739 66.89
5740 66.89
5741 66.89
5742 66.89
5743 66.89
5744 66.89
5745 66.89
5746 66.89
5747 66.89
5748 66.89
5749 66.89
5750 66.89
5751 66.89
5752 66.89
5753 66.89
5754 66.89
5755 66.89
5756 66.89
5757 66.89
5758 66.89
5759 66.89
5760 66.89
5761 66.89
5762 66.89
5763 66.89
5764 66.89
5765 66.89
5766 66.89
5767 66.89
5768 66.89
5769 66.89
5770 66.89
5771 66.89
5772 66.89
5773 66.89
5774 66.89
5775 66.89
5776 66.89
5777 66.89
5778 66.89
5779 66.89
5780 66.89
5781 66.89
5782 66.89
5783 66.89
5784 66.89
5785 66.89
5786 66.89
5787 66.89
5788 66.89
5789 66.89
5790 66.89
5791 66.89
5792 66.89
5793 66.89
5794 66.89
5795 66.89
5796 66.89
5797 66.89
5798 66.89
5799 66.89
5800 66.89
5801 66.89
5802 66.89
5803 66.89
5804 66.89
5805 66.89
5806 66.89
5807 66.89
5808 66.89
5809 66.89
5810 66.89
5811 66.89
5812 66.89
5813 66.89
5814 66.89
5815 66.89
5816 66.89
5817 66.89
5818 66.89
5819 66.89
5820 66.89
5821 66.89
5822 66.89
5823 66.89
5824 66.89
5825 66.89
5826 66.89
5827 66.89
5828 66.89
5829 66.89
5830 66.89
5831 66.89
5832 66.89
5833 66.89
5834 66.89
5835 66.89
5836 66.89
5837 66.89
5838 66.89
5839 66.89
5840 66.89
5841 66.89
5842 66.89
5843 66.89
5844 66.89
5845 66.89
5846 66.89
5847 66.89
5848 66.89
5849 66.89
5850 66.89
5851 66.89
5852 66.89
5853 66.89
5854 66.89
5855 66.89
5856 66.89
5857 66.89
5858 66.89
5859 66.89
5860 66.89
5861 66.89
5862 66.89
5863 66.89
5864 66.89
5865 66.89
5866 66.89
5867 66.89
5868 66.89
5869 66.89
5870 66.89
5871 66.89
5872 66.89
5873 66.89
5874 66.89
5875 66.89
5876 66.89
5877 66.89
5878 66.89
5879 66.89
5880 66.89
5881 66.89
5882 66.89
5883 66.89
5884 66.89
5885 66.89
5886 66.89
5887 66.89
5888 66.89
5889 66.89
5890 66.89
5891 66.89
5892 66.89
5893 66.89
5894 66.89
5895 66.89
5896 66.89
5897 66.89
5898 66.89
5899 66.89
5900 66.89
5901 66.89
5902 66.89
5903 66.89
5904 66.89
5905 66.89
5906 66.89
5907 66.89
5908 66.89
5909 66.89
5910 66.89
5911 66.89
5912 66.89
5913 66.89
5914 66.89
5915 66.89
5916 66.89
5917 66.89
5918 66.89
5919 66.89
5920 66.89
5921 66.89
5922 66.89
5923 66.89
5924 66.89
5925 66.89
5926 66.89
5927 66.89
5928 66.89
5929 66.89
5930 66.89
5931 66.89
5932 66.89
5933 66.89
5934 66.89
5935 66.89
5936 66.89
5937 66.89
5938 66.89
5939 66.89
5940 66.89
5941 66.89
5942 66.89
5943 66.89
5944 66.89
5945 66.89
5946 66.89
5947 66.89
5948 66.89
5949 66.89
5950 66.89
5951 66.89
5952 66.89
5953 66.89
5954 66.89
5955 66.89
5956 66.89
5957 66.89
5958 66.89
5959 66.89
5960 66.89
5961 66.89
5962 66.89
5963 66.89
5964 66.89
5965 66.89
5966 66.89
5967 66.89
5968 66.89
5969 66.89
5970 66.89
5971 66.89
5972 66.89
5973 66.89
5974 66.89
5975 66.89
5976 66.89
5977 66.89
5978 66.89
5979 66.89
5980 66.89
5981 66.89
5982 66.89
5983 66.89
5984 66.89
5985 66.89
5986 66.89
5987 66.89
5988 66.89
5989 66.89
5990 66.89
5991 66.89
5992 66.89
5993 66.89
5994 66.89
5995 66.89
5996 66.89
5997 66.89
5998 66.89
5999 66.89
