0 459.737
1 459.737
2 437.605
3 435.242
4 426.222
5 424.414
6 422.383
7 418.28
8 413.335
9 408.917
10 406.051
11 395.143
12 388.711
13 386.588
14 384.385
15 383.275
16 377.156
17 376.026
18 368.776
19 364.69
20 363.777
21 358.131
22 356.284
23 351.689
24 347.465
25 346.643
26 338.366
27 336.408
28 334.327
29 330.678
30 330.678
31 329.861
32 327.746
33 323.606
34 321.125
35 310.303
36 307.822
37 301.013
38 299.631
39 296.043
40 288.708
41 287.092
42 287.092
43 286.127
44 283.232
45 282.061
46 279.715
47 275.223
48 272.076
49 269.24
50 269.24
51 267.46
52 266.413
53 262.501
54 260.429
55 255.469
56 255.293
57 254.289
58 254.113
59 252.96
60 252.336
61 249.992
62 249.832
63 249.041
64 246.24
65 243.068
66 243.068
67 242.95
68 242.783
69 242.341
70 241.064
71 240.364
72 240.067
73 239.402
74 235.258
75 232.683
76 232.334
77 231.738
78 228.265
79 228.265
80 228.265
81 228.265
82 226.653
83 226.653
84 226.494
85 226.494
86 226.494
87 224.679
88 224.679
89 224.679
90 223.957
91 219.902
92 219.902
93 219.439
94 219.439
95 219.154
96 219.061
97 217.624
98 215.824
99 214.01
100 214.01
101 213.69
102 213.677
103 213.344
104 213.013
105 212.546
106 207.303
107 206.835
108 206.705
109 205.036
110 205.036
111 204.906
112 204.906
113 204.906
114 204.134
115 203.314
116 201.143
117 199.527
118 197.661
119 197.661
120 197.267
121 197.267
122 197.267
123 197.267
124 196.964
125 196.736
126 196.736
127 196.655
128 196.655
129 195.576
130 195.495
131 195.495
132 194.352
133 193.656
134 192.748
135 192.092
136 192.092
137 192.092
138 192.092
139 192.092
140 192.092
141 190.219
142 189.749
143 189.749
144 189.749
145 189.749
146 189.749
147 188.72
148 188.72
149 188.72
150 187.428
151 187.428
152 187.145
153 186.469
154 184.55
155 184.55
156 183.374
157 182.901
158 181.807
159 180.832
160 180.601
161 180.328
162 179.507
163 179.507
164 179.507
165 178.749
166 176.636
167 176.636
168 176.636
169 176.636
170 175.708
171 175.708
172 175.356
173 171.685
174 171.685
175 171.685
176 171.685
177 170.756
178 170.756
179 170.175
180 169.945
181 168.986
182 168.311
183 167.383
184 167.383
185 167.031
186 162.975
187 162.623
188 162.623
189 158.778
190 155.767
191 155.767
192 155.767
193 155.767
194 155.262
195 155.262
196 155.262
197 155.043
198 155.043
199 155.042
200 154.385
201 153.495
202 152.628
203 152.628
204 152.602
205 151.34
206 151.34
207 150.111
208 150.111
209 150.111
210 148.997
211 148.99
212 148.854
213 148.396
214 148.171
215 147.985
216 147.985
217 147.226
218 147.168
219 147.168
220 146.684
221 145.851
222 145.119
223 144.286
224 144.286
225 144.286
226 144.143
227 144.136
228 144.098
229 144.098
230 143.542
231 143.497
232 143.497
233 143.052
234 142.455
235 141.972
236 141.972
237 141.929
238 141.929
239 141.929
240 140.838
241 140.838
242 139.994
243 139.994
244 139.706
245 139.706
246 139.337
247 137.981
248 137.612
249 136.827
250 136.827
251 136.827
252 136.827
253 136.827
254 136.827
255 136.827
256 136.194
257 135.955
258 135.905
259 135.905
260 135.664
261 135.455
262 135.442
263 135.281
264 135.281
265 135.281
266 135.281
267 135.281
268 135.281
269 134.08
270 134.08
271 134.08
272 134.08
273 134.08
274 133.686
275 133.613
276 133.445
277 133.445
278 132.182
279 131.306
280 131.306
281 130.213
282 130.213
283 130.011
284 130.011
285 129.998
286 129.224
287 128.053
288 126.824
289 126.566
290 126.271
291 125.551
292 125.373
293 123.015
294 122.666
295 122.666
296 122.666
297 122.666
298 122.666
299 122.586
300 122.586
301 122.586
302 122.586
303 122.479
304 122.126
305 122.095
306 121.634
307 121.634
308 121.527
309 121.527
310 121.527
311 121.527
312 121.527
313 121.527
314 120.868
315 120.868
316 120.502
317 120.502
318 120.502
319 120.502
320 120.502
321 120.502
322 120.502
323 120.502
324 120.285
325 119.714
326 119.497
327 119.497
328 119.061
329 118.673
330 117.786
331 113.331
332 112.444
333 112.016
334 111.576
335 110.598
336 110.127
337 109.73
338 109.73
339 109.73
340 109.73
341 109.558
342 107.776
343 107.605
344 107.605
345 107.587
346 107.587
347 107.551
348 107.533
349 107.533
350 107.533
351 107.533
352 107.533
353 107.533
354 107.307
355 107.307
356 107.307
357 107.307
358 106.586
359 106.586
360 106.507
361 106.507
362 106.507
363 106.507
364 106.507
365 106.507
366 106.507
367 106.507
368 106.507
369 106.249
370 106.249
371 106.191
372 106.191
373 106.191
374 106.191
375 106.191
376 106.191
377 106.191
378 105.947
379 105.947
380 105.947
381 105.947
382 105.9
383 105.027
384 105.027
385 104.981
386 104.883
387 104.836
388 104.836
389 104.836
390 104.836
391 104.413
392 104.413
393 104.413
394 104.413
395 104.324
396 104.324
397 104.324
398 104.324
399 104.324
400 104.324
401 104.324
402 104.324
403 104.324
404 104.324
405 104.324
406 104.324
407 104.324
408 104.324
409 104.324
410 103.214
411 103.214
412 103.214
413 103.214
414 103.13
415 103.13
416 103.13
417 103.13
418 103.13
419 103.13
420 103.13
421 103.13
422 103.13
423 103.13
424 103.13
425 103.13
426 103.13
427 103.13
428 102.853
429 102.853
430 102.853
431 102.853
432 102.853
433 102.853
434 102.853
435 102.6
436 102.6
437 102.6
438 102.6
439 102.6
440 102.6
441 102.6
442 102.6
443 102.6
444 102.6
445 102.6
446 102.6
447 102.6
448 102.6
449 102.6
450 102.6
451 102.6
452 102.6
453 102.6
454 102.6
455 102.6
456 102.6
457 102.6
458 102.6
459 102.6
460 102.6
461 102.355
462 102.355
463 102.355
464 102.355
465 102.355
466 102.355
467 102.355
468 102.355
469 102.355
470 102.355
471 102.355
472 102.355
473 102.355
474 102.355
475 102.355
476 102.355
477 102.355
478 102.355
479 102.355
480 102.355
481 102.355
482 102.355
483 102.355
484 102.355
485 102.355
486 102.355
487 102.355
488 102.355
489 102.355
490 102.355
491 102.355
492 102.355
493 102.355
494 102.355
495 102.355
496 102.355
497 102.355
498 102.355
499 102.355
500 102.355
501 102.355
502 102.355
503 102.355
504 102.355
505 102.355
506 102.355
507 102.355
508 102.355
509 102.355
510 102.355
511 102.355
512 102.355
513 102.355
514 102.355
515 102.355
516 102.355
517 102.355
518 102.355
519 102.355
520 102.355
521 102.355
522 102.355
523 101.576
524 101.575
525 101.575
526 101.431
527 101.431
528 101.431
529 101.431
530 101.431
531 101.431
532 101.431
533 101.302
534 101.302
535 101.302
536 101.302
537 101.302
538 101.302
539 101.302
540 101.302
541 101.302
542 101.302
543 101.302
544 101.302
545 101.302
546 101.302
547 101.302
548 101.302
549 101.302
550 101.302
551 101.302
552 101.302
553 101.302
554 101.302
555 101.302
556 101.302
557 101.302
558 101.302
559 101.302
560 101.302
561 101.302
562 101.302
563 101.302
564 101.302
565 101.302
566 101.302
567 101.302
568 101.302
569 101.302
570 101.302
571 101.302
572 100.901
573 100.901
574 100.901
575 100.901
576 100.901
577 100.901
578 100.901
579 100.901
580 100.901
581 100.901
582 100.901
583 100.901
584 100.452
585 100.452
586 99.2123
587 99.2123
588 99.2123
589 99.2123
590 99.1496
591 99.1496
592 99.1496
593 99.1496
594 99.1496
595 99.1496
596 99.1496
597 99.1496
598 99.1496
599 99.1496
600 99.1496
601 99.1496
602 99.1496
603 99.1496
604 99.1496
605 99.1496
606 99.1496
607 99.1496
608 99.1496
609 99.1496
610 99.1496
611 99.1496
612 99.0325
613 99.0325
614 99.0325
615 99.0325
616 99.0325
617 99.0325
618 99.0325
619 99.0325
620 98.3742
621 98.2054
622 98.2054
623 98.0826
624 98.0826
625 98.0826
626 98.0826
627 98.0826
628 98.0826
629 98.0826
630 98.0826
631 98.0826
632 98.0826
633 98.0826
634 97.2198
635 97.2198
636 97.021
637 96.9559
638 96.9559
639 96.9559
640 96.9559
641 96.9559
642 96.9559
643 96.9559
644 96.9559
645 96.9559
646 96.9559
647 96.9559
648 96.9398
649 96.9398
650 96.9398
651 96.9398
652 96.9398
653 96.9398
654 96.9398
655 96.9398
656 96.9398
657 96.9398
658 96.9398
659 96.9398
660 96.9398
661 96.9398
662 96.9398
663 96.9398
664 96.7733
665 96.7733
666 96.7733
667 96.7733
668 96.7733
669 96.7733
670 96.7733
671 96.7733
672 96.7733
673 96.7733
674 96.6776
675 96.6776
676 96.6776
677 96.6776
678 96.6776
679 96.6776
680 96.6776
681 96.6776
682 96.2155
683 96.2155
684 96.2155
685 96.2155
686 96.1496
687 96.1496
688 95.4477
689 95.3817
690 95.3817
691 95.3817
692 95.3817
693 95.3817
694 95.3817
695 95.3817
696 95.3817
697 95.3817
698 95.3817
699 95.3817
700 95.3817
701 95.3817
702 95.3817
703 95.3817
704 95.3817
705 95.3817
706 95.3817
707 95.3817
708 95.3817
709 95.3817
710 95.3817
711 95.3817
712 95.3817
713 95.3817
714 95.3817
715 95.1008
716 94.9087
717 94.9087
718 94.9087
719 94.8939
720 94.8939
721 94.7433
722 94.7433
723 94.7433
724 94.7433
725 94.7433
726 93.4876
727 93.4876
728 93.4876
729 93.4876
730 93.4876
731 93.4876
732 93.4876
733 93.4371
734 93.4371
735 93.4371
736 93.4371
737 93.4371
738 93.4371
739 93.4371
740 93.376
741 93.376
742 93.376
743 93.376
744 93.376
745 93.376
746 93.376
747 93.376
748 93.376
749 93.376
750 93.376
751 93.376
752 93.376
753 93.376
754 93.376
755 93.376
756 92.6984
757 92.6984
758 92.6984
759 92.6984
760 92.6984
761 92.6984
762 92.6984
763 92.6984
764 92.6984
765 92.6803
766 92.6803
767 92.6803
768 92.6803
769 91.0866
770 91.0866
771 91.0866
772 91.0866
773 91.0866
774 91.0866
775 91.0866
776 91.0866
777 91.0866
778 90.8623
779 90.8623
780 90.8623
781 90.8623
782 90.8623
783 90.8623
784 90.8623
785 90.8623
786 90.8623
787 90.8623
788 90.8623
789 90.8623
790 90.8623
791 90.8623
792 90.8623
793 90.8623
794 90.8623
795 90.8623
796 90.8623
797 90.8623
798 90.8623
799 90.8623
800 90.8623
801 90.8623
802 90.8623
803 90.8623
804 90.8623
805 90.8623
806 90.8623
807 90.8623
808 90.8623
809 90.8623
810 90.8623
811 90.8623
812 90.8623
813 90.8623
814 90.5796
815 90.183
816 89.7769
817 89.7769
818 89.7769
819 89.7769
820 89.7769
821 89.7769
822 89.7769
823 89.7769
824 89.7769
825 89.7769
826 89.7769
827 89.7769
828 89.7769
829 89.7769
830 89.7769
831 89.7769
832 89.7769
833 89.7769
834 89.7769
835 89.7769
836 89.6155
837 89.6155
838 89.6155
839 89.6155
840 89.6155
841 89.6155
842 89.6155
843 89.6155
844 89.6155
845 89.6155
846 88.4664
847 88.4664
848 88.4664
849 88.4664
850 88.4664
851 88.4664
852 88.3146
853 88.3146
854 88.3146
855 88.1728
856 88.1728
857 88.1728
858 88.1728
859 88.1728
860 88.1728
861 88.1728
862 88.1728
863 88.1728
864 88.1728
865 88.1728
866 88.1728
867 88.1728
868 88.1728
869 87.666
870 87.666
871 87.666
872 87.666
873 87.666
874 87.666
875 87.666
876 87.666
877 87.666
878 87.666
879 87.666
880 87.666
881 87.666
882 87.666
883 87.666
884 87.666
885 87.666
886 87.666
887 87.666
888 87.666
889 87.666
890 87.666
891 87.666
892 87.666
893 87.666
894 87.666
895 87.666
896 87.666
897 87.666
898 87.666
899 87.6527
900 87.6527
901 87.6527
902 87.6527
903 87.6527
904 87.6527
905 87.6527
906 87.6527
907 87.6527
908 87.6527
909 87.6527
910 87.6527
911 87.6527
912 87.6527
913 87.6527
914 87.6527
915 87.6527
916 87.6527
917 87.4538
918 87.4538
919 87.4538
920 87.4538
921 87.292
922 87.292
923 87.292
924 87.292
925 87.292
926 87.292
927 87.292
928 87.292
929 87.292
930 87.292
931 87.292
932 87.292
933 86.1387
934 86.1387
935 86.1387
936 86.1387
937 86.1387
938 86.1387
939 86.1387
940 86.1387
941 86.1387
942 86.1387
943 85.6326
944 85.6326
945 85.6326
946 85.6326
947 85.6326
948 85.6326
949 85.6326
950 85.6326
951 85.6326
952 85.6326
953 85.6326
954 85.6326
955 85.6326
956 85.6326
957 85.6326
958 85.6326
959 85.6326
960 85.6326
961 85.6326
962 85.6326
963 85.6326
964 85.6326
965 85.6326
966 85.6326
967 85.6326
968 85.6326
969 85.6326
970 85.6326
971 85.6326
972 85.6326
973 85.6326
974 85.6326
975 85.6326
976 85.6326
977 85.6326
978 85.6326
979 85.6326
980 85.6326
981 85.6326
982 85.6326
983 85.6326
984 85.6326
985 85.6326
986 85.6326
987 85.6326
988 85.6326
989 85.6326
990 85.6326
991 85.6326
992 85.6326
993 85.6326
994 85.6326
995 85.6326
996 85.6326
997 85.6326
998 85.6326
999 85.6326
1000 85.6326
1001 85.6326
1002 85.6326
1003 85.6326
1004 85.6326
1005 85.6326
1006 85.6326
1007 85.6326
1008 85.6326
1009 85.1853
1010 85.1853
1011 85.1853
1012 85.1853
1013 85.1853
1014 85.1853
1015 85.1853
1016 85.1853
1017 85.1853
1018 85.1853
1019 85.1853
1020 85.1853
1021 85.1853
1022 85.1853
1023 85.1853
1024 85.1853
1025 85.1853
1026 85.1853
1027 85.1853
1028 85.1853
1029 85.1853
1030 85.1853
1031 85.1853
1032 85.1853
1033 85.1853
1034 85.1853
1035 85.1853
1036 85.1853
1037 85.1853
1038 85.1853
1039 85.1853
1040 85.1853
1041 85.1853
1042 85.1853
1043 85.1853
1044 85.1853
1045 85.1853
1046 85.1853
1047 85.1853
1048 85.1853
1049 85.1853
1050 85.1853
1051 85.1853
1052 85.1853
1053 85.1853
1054 85.1853
1055 85.1853
1056 85.1853
1057 85.1853
1058 85.1853
1059 85.1853
1060 85.1853
1061 85.1853
1062 85.1853
1063 85.1853
1064 85.1853
1065 85.1853
1066 85.1853
1067 85.1853
1068 85.1853
1069 85.1853
1070 85.1853
1071 85.1342
1072 85.1342
1073 85.1342
1074 85.1342
1075 85.1342
1076 85.1342
1077 85.1342
1078 85.1342
1079 85.1342
1080 85.1342
1081 85.1342
1082 85.1342
1083 84.6494
1084 84.6494
1085 84.6494
1086 84.6494
1087 84.6494
1088 84.6494
1089 84.6494
1090 84.6494
1091 84.6494
1092 84.6494
1093 84.6494
1094 84.6494
1095 84.6494
1096 84.6494
1097 84.6494
1098 84.6494
1099 84.6494
1100 84.6494
1101 84.6494
1102 84.6494
1103 84.6494
1104 84.6494
1105 84.6494
1106 84.6494
1107 84.6494
1108 84.5023
1109 84.5023
1110 84.5023
1111 84.5023
1112 84.5023
1113 84.5023
1114 79.0831
1115 79.0831
1116 79.0831
1117 79.0831
1118 79.0831
1119 79.0831
1120 79.0831
1121 79.0831
1122 78.8078
1123 78.8078
1124 78.8078
1125 78.8078
1126 78.8078
1127 78.8078
1128 78.8078
1129 78.8078
1130 78.8078
1131 78.8078
1132 78.8078
1133 78.8078
1134 78.8078
1135 78.8078
1136 78.8078
1137 78.8078
1138 78.8078
1139 78.8078
1140 78.8078
1141 78.8078
1142 78.8078
1143 78.8078
1144 78.8078
1145 78.8078
1146 78.8078
1147 78.8078
1148 78.8078
1149 78.8078
1150 78.8078
1151 78.8078
1152 78.8078
1153 78.8078
1154 78.8078
1155 78.8078
1156 78.5435
1157 78.5435
1158 78.5435
1159 78.5435
1160 78.5435
1161 78.5435
1162 78.5435
1163 78.5435
1164 78.5435
1165 78.5435
1166 78.5435
1167 78.5435
1168 78.5435
1169 78.5435
1170 78.1047
1171 78.1047
1172 78.1047
1173 78.1047
1174 78.1047
1175 78.1047
1176 78.1047
1177 78.1047
1178 78.1047
1179 78.1047
1180 78.1047
1181 78.1047
1182 78.1047
1183 78.1047
1184 78.1047
1185 78.1047
1186 78.1047
1187 78.1047
1188 78.1047
1189 78.1047
1190 78.1047
1191 78.1047
1192 78.1047
1193 78.1047
1194 78.1047
1195 78.1047
1196 78.1047
1197 78.1047
1198 78.1047
1199 78.1047
1200 78.1047
1201 78.1047
1202 78.1047
1203 78.1047
1204 78.1047
1205 78.1047
1206 77.9605
1207 77.9605
1208 77.9605
1209 77.9605
1210 77.9605
1211 77.9605
1212 77.9605
1213 77.9605
1214 77.9605
1215 77.9605
1216 77.9605
1217 77.9605
1218 77.9605
1219 77.9605
1220 77.9605
1221 77.9605
1222 77.9605
1223 77.9605
1224 77.9605
1225 77.9605
1226 77.9605
1227 77.9605
1228 77.9605
1229 77.9605
1230 77.9605
1231 77.9605
1232 77.9605
1233 77.9605
1234 77.9605
1235 77.9605
1236 77.9605
1237 77.9605
1238 77.9605
1239 77.9605
1240 77.9605
1241 77.9605
1242 77.9605
1243 77.9605
1244 77.9605
1245 77.9605
1246 77.9605
1247 77.9605
1248 77.9605
1249 77.9605
1250 77.9605
1251 77.9605
1252 77.9605
1253 77.9605
1254 77.9605
1255 77.9605
1256 77.9605
1257 77.7301
1258 77.7301
1259 77.7301
1260 77.7301
1261 77.7301
1262 77.7301
1263 77.69
1264 77.69
1265 77.69
1266 77.69
1267 77.69
1268 77.2996
1269 77.2996
1270 77.2996
1271 77.2996
1272 77.2996
1273 77.2996
1274 77.2996
1275 77.2996
1276 77.2996
1277 77.2996
1278 77.2996
1279 77.2996
1280 77.2996
1281 77.2996
1282 77.2996
1283 77.2996
1284 77.2996
1285 77.2996
1286 77.2996
1287 77.2996
1288 77.2996
1289 77.2996
1290 77.2996
1291 77.2996
1292 77.2996
1293 77.2996
1294 77.2996
1295 77.2996
1296 77.2996
1297 77.2996
1298 77.2996
1299 77.2996
1300 77.2996
1301 76.7528
1302 76.7528
1303 76.7528
1304 76.7528
1305 76.7528
1306 76.7528
1307 76.7528
1308 76.7528
1309 76.7528
1310 76.7528
1311 76.7528
1312 76.7528
1313 76.7528
1314 76.7528
1315 76.7528
1316 76.7528
1317 76.7528
1318 76.7528
1319 76.7528
1320 76.7528
1321 76.7528
1322 76.7528
1323 76.7528
1324 76.7528
1325 76.7528
1326 76.3618
1327 76.3618
1328 76.3618
1329 76.3618
1330 76.3618
1331 76.3618
1332 76.3618
1333 76.3618
1334 76.3618
1335 76.3618
1336 76.3618
1337 76.3618
1338 76.3618
1339 76.3618
1340 76.3618
1341 76.3618
1342 76.3618
1343 76.3618
1344 76.3618
1345 76.3618
1346 76.3618
1347 76.3618
1348 76.3618
1349 76.3618
1350 76.3618
1351 76.3618
1352 76.3618
1353 76.2353
1354 76.2353
1355 76.2353
1356 76.2353
1357 76.2353
1358 76.2353
1359 76.2353
1360 76.2353
1361 76.2353
1362 76.2353
1363 76.2353
1364 76.2353
1365 76.2353
1366 76.2353
1367 76.2353
1368 76.2353
1369 76.2353
1370 76.2353
1371 76.2353
1372 76.2353
1373 76.2353
1374 76.2353
1375 76.2353
1376 76.2353
1377 76.2353
1378 76.2353
1379 76.2353
1380 76.2353
1381 76.2353
1382 76.2353
1383 76.2353
1384 76.2353
1385 76.2353
1386 76.2353
1387 76.2353
1388 76.2353
1389 76.2353
1390 76.2353
1391 76.2353
1392 76.2353
1393 76.2353
1394 76.2353
1395 76.2353
1396 76.2353
1397 76.2353
1398 76.2353
1399 76.2353
1400 76.0911
1401 76.0911
1402 76.0911
1403 75.5238
1404 75.5238
1405 75.5238
1406 75.5238
1407 75.5238
1408 75.5238
1409 75.5238
1410 75.5238
1411 75.5238
1412 75.5238
1413 75.5238
1414 75.5238
1415 75.5238
1416 75.5238
1417 75.5238
1418 75.5238
1419 75.5238
1420 75.5238
1421 75.5238
1422 75.5238
1423 75.5238
1424 75.0276
1425 75.0276
1426 75.0276
1427 75.0276
1428 75.0276
1429 75.0276
1430 75.0276
1431 75.0276
1432 75.0276
1433 75.0276
1434 75.0276
1435 75.0276
1436 75.0276
1437 75.0276
1438 75.0276
1439 75.0276
1440 75.0276
1441 75.0276
1442 75.0276
1443 75.0276
1444 75.0276
1445 75.0276
1446 75.0276
1447 75.0276
1448 75.0276
1449 75.0276
1450 75.0276
1451 75.0276
1452 75.0276
1453 75.0276
1454 75.0276
1455 75.0276
1456 75.0276
1457 75.0276
1458 75.0276
1459 75.0276
1460 75.0276
1461 75.0276
1462 75.0276
1463 75.0276
1464 75.0276
1465 75.0276
1466 75.0276
1467 75.0276
1468 75.0276
1469 75.0276
1470 75.0276
1471 75.0276
1472 75.0276
1473 75.0276
1474 75.0276
1475 75.0276
1476 75.0276
1477 75.0276
1478 75.0276
1479 75.0276
1480 75.0276
1481 75.0276
1482 75.0276
1483 75.0276
1484 75.0276
1485 75.0276
1486 75.0276
1487 75.0276
1488 75.0276
1489 75.0276
1490 75.0276
1491 74.2579
1492 74.2579
1493 74.2579
1494 74.2579
1495 74.2579
1496 74.0075
1497 74.0075
1498 74.0075
1499 74.0075
1500 74.0075
1501 74.0075
1502 74.0075
1503 74.0075
1504 74.0075
1505 74.0075
1506 74.0075
1507 74.0075
1508 74.0075
1509 74.0075
1510 74.0075
1511 74.0075
1512 74.0075
1513 74.0075
1514 74.0075
1515 74.0075
1516 74.0075
1517 74.0075
1518 74.0075
1519 74.0075
1520 74.0075
1521 74.0075
1522 74.0075
1523 74.0075
1524 74.0075
1525 74.0075
1526 74.0075
1527 74.0075
1528 74.0075
1529 74.0075
1530 74.0075
1531 74.0075
1532 74.0075
1533 74.0075
1534 74.0075
1535 74.0075
1536 74.0075
1537 74.0075
1538 74.0075
1539 74.0075
1540 74.0075
1541 74.0075
1542 74.0075
1543 74.0075
1544 74.0075
1545 74.0075
1546 74.0075
1547 74.0075
1548 74.0075
1549 74.0075
1550 74.0075
1551 74.0075
1552 74.0075
1553 74.0075
1554 74.0075
1555 74.0075
1556 74.0075
1557 74.0075
1558 74.0075
1559 74.0075
1560 74.0075
1561 74.0075
1562 74.0075
1563 74.0075
1564 74.0075
1565 74.0075
1566 74.0075
1567 74.0075
1568 74.0075
1569 74.0075
1570 74.0075
1571 74.0075
1572 74.0075
1573 74.0075
1574 74.0075
1575 74.0075
1576 74.0075
1577 74.0075
1578 74.0075
1579 74.0075
1580 74.0075
1581 74.0075
1582 74.0075
1583 74.0075
1584 74.0075
1585 74.0075
1586 74.0075
1587 74.0075
1588 74.0075
1589 74.0075
1590 74.0075
1591 74.0075
1592 74.0075
1593 74.0075
1594 74.0075
1595 73.5278
1596 73.5278
1597 73.5278
1598 73.5278
1599 73.5278
1600 73.5278
1601 73.5278
1602 73.5278
1603 73.5278
1604 73.5278
1605 73.5278
1606 73.5278
1607 73.5278
1608 73.5278
1609 73.5278
1610 73.5278
1611 73.5278
1612 73.5278
1613 73.5278
1614 73.5278
1615 73.5278
1616 73.5278
1617 73.5278
1618 73.5278
1619 73.5278
1620 73.5278
1621 73.5278
1622 73.5278
1623 73.5278
1624 73.5278
1625 73.5278
1626 73.5278
1627 73.5278
1628 73.5278
1629 73.5278
1630 73.5278
1631 73.5278
1632 73.5278
1633 73.5278
1634 73.5278
1635 73.5278
1636 73.5278
1637 73.5278
1638 73.5278
1639 73.5278
1640 73.5278
1641 73.5278
1642 73.5278
1643 73.5278
1644 73.5278
1645 73.5278
1646 73.5278
1647 73.5278
1648 73.5278
1649 73.5278
1650 73.5278
1651 73.5278
1652 73.5278
1653 73.5278
1654 73.5278
1655 73.5278
1656 73.5278
1657 73.5278
1658 73.5278
1659 73.5278
1660 73.5278
1661 73.5278
1662 73.5278
1663 73.5278
1664 73.5278
1665 73.5278
1666 73.5278
1667 73.5278
1668 73.5278
1669 73.5278
1670 73.5278
1671 73.5278
1672 73.5278
1673 73.5278
1674 73.5278
1675 73.5278
1676 73.5278
1677 73.5278
1678 73.5278
1679 73.5278
1680 73.5278
1681 73.5278
1682 73.5278
1683 73.5278
1684 73.5278
1685 73.5278
1686 73.5278
1687 73.5278
1688 73.5278
1689 73.5278
1690 73.5278
1691 73.5278
1692 73.5278
1693 73.5278
1694 73.5278
1695 73.5278
1696 73.5278
1697 73.5278
1698 73.5278
1699 73.5278
1700 73.5278
1701 73.5278
1702 73.5278
1703 73.5278
1704 73.5278
1705 73.5278
1706 73.5278
1707 73.5278
1708 73.5278
1709 73.5278
1710 73.5278
1711 73.5278
1712 73.5278
1713 73.5278
1714 73.5278
1715 73.5278
1716 73.5278
1717 73.5278
1718 73.5278
1719 73.5278
1720 73.5278
1721 73.5278
1722 73.5278
1723 73.5278
1724 73.5278
1725 73.5278
1726 73.5278
1727 73.5278
1728 73.5278
1729 73.5278
1730 73.5278
1731 73.5278
1732 73.5278
1733 73.5278
1734 73.5278
1735 73.5278
1736 73.5278
1737 73.5278
1738 73.5278
1739 73.5278
1740 73.5278
1741 73.5278
1742 73.5278
1743 73.5278
1744 73.5278
1745 73.5278
1746 73.5278
1747 73.5278
1748 73.5278
1749 73.5278
1750 73.5278
1751 73.5278
1752 73.5278
1753 73.5278
1754 73.5278
1755 73.5278
1756 73.5278
1757 73.5278
1758 73.5278
1759 73.5278
1760 73.5278
1761 73.5278
1762 73.5278
1763 73.5278
1764 73.5278
1765 73.5278
1766 73.5278
1767 73.5278
1768 73.5278
1769 73.5278
1770 73.5278
1771 73.5278
1772 73.5278
1773 73.5278
1774 73.5278
1775 73.5278
1776 73.5278
1777 73.5278
1778 73.5278
1779 73.5278
1780 73.5278
1781 73.5278
1782 73.5278
1783 73.5278
1784 73.5278
1785 73.5278
1786 73.5278
1787 73.5278
1788 73.5278
1789 73.5278
1790 73.5278
1791 73.5278
1792 73.5278
1793 73.5278
1794 73.5278
1795 73.5278
1796 73.5278
1797 73.5278
1798 73.5278
1799 73.5278
1800 73.5278
1801 73.5278
1802 73.5278
1803 73.5278
1804 73.5278
1805 73.5278
1806 73.5278
1807 73.5278
1808 73.5278
1809 73.5278
1810 73.5278
1811 73.5278
1812 73.5278
1813 73.5278
1814 73.5278
1815 73.5278
1816 73.5278
1817 73.5278
1818 73.5278
1819 73.5278
1820 73.5278
1821 73.5278
1822 73.5278
1823 73.5278
1824 73.5278
1825 73.5278
1826 73.5278
1827 73.5278
1828 73.5278
1829 73.5278
1830 73.5278
1831 73.5278
1832 73.5278
1833 73.5278
1834 73.5278
1835 73.5278
1836 73.5278
1837 73.5278
1838 73.5278
1839 73.5278
1840 73.5278
1841 73.5278
1842 73.5278
1843 73.5278
1844 73.5278
1845 73.5278
1846 73.5278
1847 73.5278
1848 73.5278
1849 73.5278
1850 73.5278
1851 73.5278
1852 73.5278
1853 73.5278
1854 73.5278
1855 73.5278
1856 73.5278
1857 73.5278
1858 73.5278
1859 73.5278
1860 73.5278
1861 73.5278
1862 73.5278
1863 73.5278
1864 73.5278
1865 73.5278
1866 73.5278
1867 73.5278
1868 73.5278
1869 73.4216
1870 73.4216
1871 73.4216
1872 73.4216
1873 73.3599
1874 73.3599
1875 73.2716
1876 73.2716
1877 73.2716
1878 73.2716
1879 73.2716
1880 73.2716
1881 73.2716
1882 73.2716
1883 73.2716
1884 73.2716
1885 73.2716
1886 73.2716
1887 73.2716
1888 73.2716
1889 73.2716
1890 73.2716
1891 73.2716
1892 73.2716
1893 73.2716
1894 73.2716
1895 73.2716
1896 73.2716
1897 73.2716
1898 73.2716
1899 73.2716
1900 73.2716
1901 73.2716
1902 73.2716
1903 73.2716
1904 73.2716
1905 73.2716
1906 73.1225
1907 73.1225
1908 73.1225
1909 73.1225
1910 73.1225
1911 73.1225
1912 73.1225
1913 73.1225
1914 73.1225
1915 73.1225
1916 73.1225
1917 73.1225
1918 73.1225
1919 73.1225
1920 73.1225
1921 73.1225
1922 73.1225
1923 73.1225
1924 73.1225
1925 73.1225
1926 72.8736
1927 72.8736
1928 72.8736
1929 72.8736
1930 72.8736
1931 72.8736
1932 72.8736
1933 72.8736
1934 72.8736
1935 72.8736
1936 72.8736
1937 72.8736
1938 72.8736
1939 72.5341
1940 72.5341
1941 72.5341
1942 72.5341
1943 72.5341
1944 72.5341
1945 72.5341
1946 72.5341
1947 72.5341
1948 72.5341
1949 72.5341
1950 72.5341
1951 72.5341
1952 72.5341
1953 72.5341
1954 72.5341
1955 72.5341
1956 72.5341
1957 72.5341
1958 72.5341
1959 72.5341
1960 72.5341
1961 72.5341
1962 72.5341
1963 72.5341
1964 72.5341
1965 72.5341
1966 72.5341
1967 72.5341
1968 72.5341
1969 72.5341
1970 72.5341
1971 72.5341
1972 72.5341
1973 72.5341
1974 72.5341
1975 72.5341
1976 72.5341
1977 72.5341
1978 72.5341
1979 72.5341
1980 72.5341
1981 72.5341
1982 72.5341
1983 72.5341
1984 72.5341
1985 72.5341
1986 72.5341
1987 72.5341
1988 72.5341
1989 72.5341
1990 72.5341
1991 72.5341
1992 72.5341
1993 72.5341
1994 72.5341
1995 72.5341
1996 72.5341
1997 72.5341
1998 72.5341
1999 72.5341
2000 72.5341
2001 72.5341
2002 72.5341
2003 72.5341
2004 72.5341
2005 72.5341
2006 72.5341
2007 72.5341
2008 72.5341
2009 72.5341
2010 72.5341
2011 72.5341
2012 72.5341
2013 72.5341
2014 72.5341
2015 72.5341
2016 72.5341
2017 72.5341
2018 72.5341
2019 72.5341
2020 72.5341
2021 72.5341
2022 72.5341
2023 72.5341
2024 72.5341
2025 72.5341
2026 72.5341
2027 72.5341
2028 72.5341
2029 72.5341
2030 72.5341
2031 72.5341
2032 72.5341
2033 72.5341
2034 72.5341
2035 72.5341
2036 72.5341
2037 72.5341
2038 72.5341
2039 72.5341
2040 72.5341
2041 72.5341
2042 72.5341
2043 72.5341
2044 72.5341
2045 72.5341
2046 72.5341
2047 72.5341
2048 72.5341
2049 72.5341
2050 72.5341
2051 72.5341
2052 72.5341
2053 72.5341
2054 72.5341
2055 72.5341
2056 72.5341
2057 72.5341
2058 72.5341
2059 72.5341
2060 72.5341
2061 72.5341
2062 72.5341
2063 72.5341
2064 72.5341
2065 72.5341
2066 72.5341
2067 72.5341
2068 72.5341
2069 72.5341
2070 72.5341
2071 72.5341
2072 72.5341
2073 72.5341
2074 72.5341
2075 72.5341
2076 72.5341
2077 72.5341
2078 72.5341
2079 72.5341
2080 72.5341
2081 72.5341
2082 72.5341
2083 72.5341
2084 72.5341
2085 72.5341
2086 72.5341
2087 72.5341
2088 72.5341
2089 72.5341
2090 72.5341
2091 72.5341
2092 72.5341
2093 72.5341
2094 72.5341
2095 72.5341
2096 72.5341
2097 72.5341
2098 72.5341
2099 72.5341
2100 72.5341
2101 72.5341
2102 72.5341
2103 72.5341
2104 72.5341
2105 72.2253
2106 72.2253
2107 72.2253
2108 72.2253
2109 72.2253
2110 72.2253
2111 72.2253
2112 72.2253
2113 72.2253
2114 72.2253
2115 72.2253
2116 72.2253
2117 72.2253
2118 72.2253
2119 72.2253
2120 72.2253
2121 72.1132
2122 72.1132
2123 72.1132
2124 72.1132
2125 72.1132
2126 72.1132
2127 72.1132
2128 72.1132
2129 72.1132
2130 72.1132
2131 72.1132
2132 72.1132
2133 71.7523
2134 71.7523
2135 71.7523
2136 71.7523
2137 71.7523
2138 71.7523
2139 71.7523
2140 71.7523
2141 71.7523
2142 71.7523
2143 71.7523
2144 71.7523
2145 71.7523
2146 71.7523
2147 71.7523
2148 71.7523
2149 71.7523
2150 71.7523
2151 71.7523
2152 71.7523
2153 71.7523
2154 71.7523
2155 71.7523
2156 71.7523
2157 71.7523
2158 71.7523
2159 71.7523
2160 71.7523
2161 71.7523
2162 71.7523
2163 71.7523
2164 71.7523
2165 71.7523
2166 71.7523
2167 71.7523
2168 71.7523
2169 71.7523
2170 71.7523
2171 71.7523
2172 71.7523
2173 71.7523
2174 71.7523
2175 71.7523
2176 71.7523
2177 71.7523
2178 71.7523
2179 71.7523
2180 71.7523
2181 71.7523
2182 71.7523
2183 71.7523
2184 71.7523
2185 71.7523
2186 71.7523
2187 71.7523
2188 71.7523
2189 71.7523
2190 71.7523
2191 71.7523
2192 71.7523
2193 71.7523
2194 71.7523
2195 71.7523
2196 71.7523
2197 71.7523
2198 71.7523
2199 71.7523
2200 71.7523
2201 71.7523
2202 71.7523
2203 71.7523
2204 71.7523
2205 71.7523
2206 71.7523
2207 71.7523
2208 71.7523
2209 71.7523
2210 71.7523
2211 71.7523
2212 71.7523
2213 71.7523
2214 71.7523
2215 71.7523
2216 71.7523
2217 71.7523
2218 71.7523
2219 71.7523
2220 71.7523
2221 71.7523
2222 71.7523
2223 71.7523
2224 71.7523
2225 71.7523
2226 71.7523
2227 71.7523
2228 71.7523
2229 71.7523
2230 71.7523
2231 71.7523
2232 71.7523
2233 71.7523
2234 71.7523
2235 71.7523
2236 71.7523
2237 71.7523
2238 71.7523
2239 71.7523
2240 71.7523
2241 71.7523
2242 71.7523
2243 71.7523
2244 71.7523
2245 71.7523
2246 71.7523
2247 71.7523
2248 71.7523
2249 71.7523
2250 71.7523
2251 71.7523
2252 71.7523
2253 71.7523
2254 71.7523
2255 71.7523
2256 71.7523
2257 71.7523
2258 71.7523
2259 71.7523
2260 71.7523
2261 71.7523
2262 71.7523
2263 71.7523
2264 71.7523
2265 71.7523
2266 71.7523
2267 71.7523
2268 71.7523
2269 71.7523
2270 71.7523
2271 71.7523
2272 71.7523
2273 71.7523
2274 71.7523
2275 71.7523
2276 71.7523
2277 71.7523
2278 71.7523
2279 71.7523
2280 71.7523
2281 71.7523
2282 71.7523
2283 71.7523
2284 71.7523
2285 71.7523
2286 71.7523
2287 71.7523
2288 71.7523
2289 71.7523
2290 71.7523
2291 71.7523
2292 71.7523
2293 71.7523
2294 71.7523
2295 71.7523
2296 71.7523
2297 71.7523
2298 71.7523
2299 71.7523
2300 71.7523
2301 71.7523
2302 71.7523
2303 71.7523
2304 71.7523
2305 71.7523
2306 71.7523
2307 71.7523
2308 71.7523
2309 71.7523
2310 71.7523
2311 71.7523
2312 71.7523
2313 71.7523
2314 71.7523
2315 71.7523
2316 71.7523
2317 71.7523
2318 71.7523
2319 71.7523
2320 71.7523
2321 71.7523
2322 71.7523
2323 71.7523
2324 71.7523
2325 71.7523
2326 71.7523
2327 71.7523
2328 71.7523
2329 71.7523
2330 71.7523
2331 71.7523
2332 71.7523
2333 71.7523
2334 71.7523
2335 71.7523
2336 71.7523
2337 71.7523
2338 71.7523
2339 71.7523
2340 71.7523
2341 71.7523
2342 71.7523
2343 71.7523
2344 71.7523
2345 71.7523
2346 71.7523
2347 71.7523
2348 71.7523
2349 71.7523
2350 71.7523
2351 71.7523
2352 71.7523
2353 71.5745
2354 71.5745
2355 71.5745
2356 71.5745
2357 71.5745
2358 71.5745
2359 71.5745
2360 71.5745
2361 71.5745
2362 71.5745
2363 71.5745
2364 71.5745
2365 71.5745
2366 71.5745
2367 71.5745
2368 71.5745
2369 71.5745
2370 71.5745
2371 71.5745
2372 71.5745
2373 71.5745
2374 71.5745
2375 71.5745
2376 71.5745
2377 71.5745
2378 71.5745
2379 71.5745
2380 71.5745
2381 71.5745
2382 71.5745
2383 71.5745
2384 71.5745
2385 71.5745
2386 71.5745
2387 71.5745
2388 71.5745
2389 71.5745
2390 71.5745
2391 71.5745
2392 71.5745
2393 71.5745
2394 71.5745
2395 71.5745
2396 71.5745
2397 71.5745
2398 71.5745
2399 71.5745
2400 71.5745
2401 71.5745
2402 71.5745
2403 71.5745
2404 71.5745
2405 71.5745
2406 71.5745
2407 71.5745
2408 71.5745
2409 71.5745
2410 71.5745
2411 71.5745
2412 71.5745
2413 71.5745
2414 71.5745
2415 71.5745
2416 71.5745
2417 71.5745
2418 71.5745
2419 71.5745
2420 71.5745
2421 71.5745
2422 71.5745
2423 71.5745
2424 71.5745
2425 71.5745
2426 71.5745
2427 71.5745
2428 71.5745
2429 71.5745
2430 71.5745
2431 71.5745
2432 71.5745
2433 71.5745
2434 71.5745
2435 71.5745
2436 71.5745
2437 71.5745
2438 71.5745
2439 71.5745
2440 71.5745
2441 71.5745
2442 71.5745
2443 71.5745
2444 71.5745
2445 71.5745
2446 71.5745
2447 71.5745
2448 71.5745
2449 71.5745
2450 71.5745
2451 71.5745
2452 71.5745
2453 71.5745
2454 71.5745
2455 71.5745
2456 71.5745
2457 71.5745
2458 71.5745
2459 71.5745
2460 71.5745
2461 71.5745
2462 71.5745
2463 71.5745
2464 71.5745
2465 71.5745
2466 71.5745
2467 71.5745
2468 71.5745
2469 71.5745
2470 71.5745
2471 71.5745
2472 71.5745
2473 71.5745
2474 71.5745
2475 71.5745
2476 71.5745
2477 71.5745
2478 71.5745
2479 71.5745
2480 71.5745
2481 71.5745
2482 71.5745
2483 71.5745
2484 71.5745
2485 71.5745
2486 71.5745
2487 71.5745
2488 71.5745
2489 71.5745
2490 71.5745
2491 71.5745
2492 71.5745
2493 71.5745
2494 71.5745
2495 71.5745
2496 71.5745
2497 71.5745
2498 71.5745
2499 71.5745
2500 71.5745
2501 71.5745
2502 71.5745
2503 71.5745
2504 71.5745
2505 71.5745
2506 71.5745
2507 71.5745
2508 71.5745
2509 71.5745
2510 71.5745
2511 71.5745
2512 71.5745
2513 71.5745
2514 71.5745
2515 71.5745
2516 71.5745
2517 71.5745
2518 71.5745
2519 71.5745
2520 71.5745
2521 71.5745
2522 71.5745
2523 71.5745
2524 71.5745
2525 71.5745
2526 71.5745
2527 71.5745
2528 71.5745
2529 71.5745
2530 71.5745
2531 71.5745
2532 71.5745
2533 71.5745
2534 71.5745
2535 71.5745
2536 71.5745
2537 71.5745
2538 71.5745
2539 71.5745
2540 71.5745
2541 71.5745
2542 71.5745
2543 71.5745
2544 71.5745
2545 71.5745
2546 71.5745
2547 71.5745
2548 71.5745
2549 71.5745
2550 71.5745
2551 71.5745
2552 71.5745
2553 71.5745
2554 71.5745
2555 71.5745
2556 71.5745
2557 71.5745
2558 71.5745
2559 71.5745
2560 71.5745
2561 71.5745
2562 71.5745
2563 71.5745
2564 71.5745
2565 71.5745
2566 71.5745
2567 71.5745
2568 71.5745
2569 71.5745
2570 71.5745
2571 71.5745
2572 71.5745
2573 71.5745
2574 71.5745
2575 71.5745
2576 71.5745
2577 71.5745
2578 71.5745
2579 71.5745
2580 71.5745
2581 71.5745
2582 71.5745
2583 71.5745
2584 71.5745
2585 71.5745
2586 71.5745
2587 71.5745
2588 71.5745
2589 71.5745
2590 71.5745
2591 71.5745
2592 71.5745
2593 71.5745
2594 71.5745
2595 71.5745
2596 71.5745
2597 71.5745
2598 71.5745
2599 71.5745
2600 71.5745
2601 71.5745
2602 71.5745
2603 71.5745
2604 71.5745
2605 71.5745
2606 71.5745
2607 71.5745
2608 71.5745
2609 71.5745
2610 71.5745
2611 71.5745
2612 71.5745
2613 71.5745
2614 71.5745
2615 71.5745
2616 71.5745
2617 71.5745
2618 71.5745
2619 71.5745
2620 71.5745
2621 71.5745
2622 71.5745
2623 71.5745
2624 71.5745
2625 71.5745
2626 71.5745
2627 71.5745
2628 71.5745
2629 71.5745
2630 71.5745
2631 71.5745
2632 71.5745
2633 71.5745
2634 71.5745
2635 71.5745
2636 71.5745
2637 71.5745
2638 71.5745
2639 71.5745
2640 71.5745
2641 71.5745
2642 71.5745
2643 71.5745
2644 71.5745
2645 71.5745
2646 71.5745
2647 71.5745
2648 71.5745
2649 71.5745
2650 71.5745
2651 71.5745
2652 71.5745
2653 71.5745
2654 71.5745
2655 71.5745
2656 71.5745
2657 71.5745
2658 71.5745
2659 71.5745
2660 71.5745
2661 71.5745
2662 71.5745
2663 71.5745
2664 71.5745
2665 71.5745
2666 71.5745
2667 71.5745
2668 71.5745
2669 71.5745
2670 71.5745
2671 71.5745
2672 71.5745
2673 71.5745
2674 71.5745
2675 71.5745
2676 71.5745
2677 71.5745
2678 71.5745
2679 71.5745
2680 71.5745
2681 71.5745
2682 71.5745
2683 71.5745
2684 71.5745
2685 71.5745
2686 71.5745
2687 71.5745
2688 71.5745
2689 71.5745
2690 71.5745
2691 71.5745
2692 71.5745
2693 71.5745
2694 71.5745
2695 71.5745
2696 71.5745
2697 71.5745
2698 71.5745
2699 71.5745
2700 71.5745
2701 71.5745
2702 71.5745
2703 71.5745
2704 71.5745
2705 71.5745
2706 71.5745
2707 71.5745
2708 71.5745
2709 71.5745
2710 71.5745
2711 71.5745
2712 71.5745
2713 71.5745
2714 71.5745
2715 71.5745
2716 71.5745
2717 71.5745
2718 71.5745
2719 71.5745
2720 71.5745
2721 71.5745
2722 71.5745
2723 71.5745
2724 71.5745
2725 71.5745
2726 71.5745
2727 71.5745
2728 71.5745
2729 71.5745
2730 71.5745
2731 71.5745
2732 71.5745
2733 71.5745
2734 71.5745
2735 71.5745
2736 71.5745
2737 71.5745
2738 71.5745
2739 71.5745
2740 71.5745
2741 71.5745
2742 71.5745
2743 71.5745
2744 71.5745
2745 71.5745
2746 71.5745
2747 71.5745
2748 71.5745
2749 71.5745
2750 71.5745
2751 71.5745
2752 71.5745
2753 71.5745
2754 71.5745
2755 71.5745
2756 71.5745
2757 71.5745
2758 71.5745
2759 71.5745
2760 71.5745
2761 71.5745
2762 71.5745
2763 71.5745
2764 71.5745
2765 71.5745
2766 71.5745
2767 71.5745
2768 71.5745
2769 71.5745
2770 71.5745
2771 71.5745
2772 71.5745
2773 71.5745
2774 71.5745
2775 71.5745
2776 71.5745
2777 71.5745
2778 71.5745
2779 71.5745
2780 71.5745
2781 71.5745
2782 71.5745
2783 71.5745
2784 71.5745
2785 71.5745
2786 71.5745
2787 71.5745
2788 71.5745
2789 71.5745
2790 71.5745
2791 71.5745
2792 71.5745
2793 71.5745
2794 71.5745
2795 71.5745
2796 71.5745
2797 71.5745
2798 71.5745
2799 71.5745
2800 71.5745
2801 71.5745
2802 71.5745
2803 71.5745
2804 71.5745
2805 71.5745
2806 71.5745
2807 71.5745
2808 71.5745
2809 71.5745
2810 71.5745
2811 71.5745
2812 71.5745
2813 71.5745
2814 71.5745
2815 71.5745
2816 71.5745
2817 71.5745
2818 71.5745
2819 71.5745
2820 71.5745
2821 71.5745
2822 71.5745
2823 71.5745
2824 71.5745
2825 71.5745
2826 71.5745
2827 71.5745
2828 71.5745
2829 71.5745
2830 71.5745
2831 71.5745
2832 71.5745
2833 71.5745
2834 71.5745
2835 71.5745
2836 71.5745
2837 71.5745
2838 71.5745
2839 71.5745
2840 71.5745
2841 71.5745
2842 71.5745
2843 71.5745
2844 71.5745
2845 71.5745
2846 71.5745
2847 71.5745
2848 71.5745
2849 71.5745
2850 71.5745
2851 71.5745
2852 71.5745
2853 71.5745
2854 71.5745
2855 71.5745
2856 71.5745
2857 71.5745
2858 71.5745
2859 71.5745
2860 71.5745
2861 71.5745
2862 71.5745
2863 71.5745
2864 71.5745
2865 71.5745
2866 71.5745
2867 71.5745
2868 71.5745
2869 71.5745
2870 71.5745
2871 71.5745
2872 71.5745
2873 71.5745
2874 71.5745
2875 71.5745
2876 71.5745
2877 71.5745
2878 71.5745
2879 71.5745
2880 71.5745
2881 71.5745
2882 71.5745
2883 71.5745
2884 71.5745
2885 71.5745
2886 71.5745
2887 71.5745
2888 71.5745
2889 71.5745
2890 71.5745
2891 71.5745
2892 71.5745
2893 71.5745
2894 71.5745
2895 71.5745
2896 71.5745
2897 71.5745
2898 71.5745
2899 71.5745
2900 71.5745
2901 71.5745
2902 71.5745
2903 71.5745
2904 71.5745
2905 71.5745
2906 71.5745
2907 71.5745
2908 71.5745
2909 71.5745
2910 71.5745
2911 71.5745
2912 71.5745
2913 71.5745
2914 71.5745
2915 71.5745
2916 71.5745
2917 71.5745
2918 71.5745
2919 71.5745
2920 71.5745
2921 71.5745
2922 71.5745
2923 71.5745
2924 71.5745
2925 71.5745
2926 71.5745
2927 71.5745
2928 71.5745
2929 71.5745
2930 71.5745
2931 71.5745
2932 71.5745
2933 71.5745
2934 71.5745
2935 71.5745
2936 71.5745
2937 71.5745
2938 71.5745
2939 71.5745
2940 71.5745
2941 71.5745
2942 71.5745
2943 71.5745
2944 71.5745
2945 71.5745
2946 71.5745
2947 71.5745
2948 71.5745
2949 71.5745
2950 71.5745
2951 71.5745
2952 71.5745
2953 71.5745
2954 71.5745
2955 71.5745
2956 71.5745
2957 71.5745
2958 71.5745
2959 71.5745
2960 71.5745
2961 71.5745
2962 71.5745
2963 71.5745
2964 71.5745
2965 71.5745
2966 71.5745
2967 71.5745
2968 71.5745
2969 71.5745
2970 71.5745
2971 71.5745
2972 71.5745
2973 71.5745
2974 71.5745
2975 71.3842
2976 71.3842
2977 71.3842
2978 71.3842
2979 71.3842
2980 71.3842
2981 71.3842
2982 71.3842
2983 71.3842
2984 71.3842
2985 71.3842
2986 71.3842
2987 71.1918
2988 71.1918
2989 70.4817
2990 70.4817
2991 70.4817
2992 70.4817
2993 70.4817
2994 70.4817
2995 70.4817
2996 70.4817
2997 70.4817
2998 70.4817
2999 70.4817
3000 70.4817
3001 70.4817
3002 70.4817
3003 70.4817
3004 70.4817
3005 70.4817
3006 70.4817
3007 70.4817
3008 70.4817
3009 70.4817
3010 70.4817
3011 70.4817
3012 70.4817
3013 70.4817
3014 70.4817
3015 70.4817
3016 70.4817
3017 70.4817
3018 70.4817
3019 70.4817
3020 70.4817
3021 70.4817
3022 70.4817
3023 70.4817
3024 70.4817
3025 70.4817
3026 70.4817
3027 70.4817
3028 70.4817
3029 70.4817
3030 70.4817
3031 70.4817
3032 70.4817
3033 70.4817
3034 70.4817
3035 70.4817
3036 70.4817
3037 70.4817
3038 70.4817
3039 70.4817
3040 70.4817
3041 70.4817
3042 70.4817
3043 70.4817
3044 70.4817
3045 70.4817
3046 70.4817
3047 70.4817
3048 70.4817
3049 70.4817
3050 70.4817
3051 70.4817
3052 70.4817
3053 70.4817
3054 70.4817
3055 70.4817
3056 70.4817
3057 70.4817
3058 70.4817
3059 70.4817
3060 70.4817
3061 70.4817
3062 70.4817
3063 70.4817
3064 70.4817
3065 70.4817
3066 70.4817
3067 70.4817
3068 70.4817
3069 70.4817
3070 70.4817
3071 70.4817
3072 70.4817
3073 70.4817
3074 70.4817
3075 70.4817
3076 70.4817
3077 70.4817
3078 70.4817
3079 70.4817
3080 70.4817
3081 70.4817
3082 70.4817
3083 70.4817
3084 70.4817
3085 70.4817
3086 70.4817
3087 70.4817
3088 70.4817
3089 70.4817
3090 70.4817
3091 70.4817
3092 70.4817
3093 70.4817
3094 70.4817
3095 70.4817
3096 70.4817
3097 70.4817
3098 70.4817
3099 70.4817
3100 70.4817
3101 70.4817
3102 70.4817
3103 70.4817
3104 70.4817
3105 70.4817
3106 70.4817
3107 70.4817
3108 70.4817
3109 70.4817
3110 70.4817
3111 70.4817
3112 70.4817
3113 70.4817
3114 70.4817
3115 70.4817
3116 70.4817
3117 70.4817
3118 70.4817
3119 70.4817
3120 70.4817
3121 70.4817
3122 70.4817
3123 70.4817
3124 70.4817
3125 70.4817
3126 70.4817
3127 70.4817
3128 70.4817
3129 70.4817
3130 70.4817
3131 70.4817
3132 70.4817
3133 70.4817
3134 70.4817
3135 70.4817
3136 70.4817
3137 70.4817
3138 70.4817
3139 70.4817
3140 69.8044
3141 69.8044
3142 69.8044
3143 69.8044
3144 69.8044
3145 69.8044
3146 69.8044
3147 69.8044
3148 69.8044
3149 69.8044
3150 69.8044
3151 69.8044
3152 69.8044
3153 69.8044
3154 69.8044
3155 69.8044
3156 69.8044
3157 69.8044
3158 69.8044
3159 69.8044
3160 69.8044
3161 69.8044
3162 69.8044
3163 69.8044
3164 69.8044
3165 69.8044
3166 69.8044
3167 69.8044
3168 69.8044
3169 69.8044
3170 69.8044
3171 69.8044
3172 69.8044
3173 69.8044
3174 69.8044
3175 69.8044
3176 69.8044
3177 69.8044
3178 69.8044
3179 69.8044
3180 69.8044
3181 69.8044
3182 69.8044
3183 69.8044
3184 69.8044
3185 69.8044
3186 69.8044
3187 69.8044
3188 69.8044
3189 69.8044
3190 69.8044
3191 69.8044
3192 69.8044
3193 69.8044
3194 69.8044
3195 69.8044
3196 69.8044
3197 69.8044
3198 69.8044
3199 69.8044
3200 69.8044
3201 69.8044
3202 69.8044
3203 69.8044
3204 69.8044
3205 69.8044
3206 69.8044
3207 69.8044
3208 69.8044
3209 69.8044
3210 69.8044
3211 69.8044
3212 69.8044
3213 69.8044
3214 69.8044
3215 69.8044
3216 69.8044
3217 69.8044
3218 69.8044
3219 69.8044
3220 69.8044
3221 69.8044
3222 69.8044
3223 69.8044
3224 69.8044
3225 69.8044
3226 69.8044
3227 69.8044
3228 69.8044
3229 69.8044
3230 69.8044
3231 69.8044
3232 69.8044
3233 69.8044
3234 69.8044
3235 69.8044
3236 69.8044
3237 69.8044
3238 69.8044
3239 69.8044
3240 69.8044
3241 69.8044
3242 69.8044
3243 69.8044
3244 69.8044
3245 69.8044
3246 69.8044
3247 69.8044
3248 69.8044
3249 69.8044
3250 69.8044
3251 69.8044
3252 69.8044
3253 69.8044
3254 69.8044
3255 69.8044
3256 69.8044
3257 69.8044
3258 69.8044
3259 69.8044
3260 69.8044
3261 69.8044
3262 69.8044
3263 69.8044
3264 69.8044
3265 69.8044
3266 69.8044
3267 69.8044
3268 69.8044
3269 69.8044
3270 69.8044
3271 69.8044
3272 69.8044
3273 69.8044
3274 69.8044
3275 69.8044
3276 69.8044
3277 69.8044
3278 69.8044
3279 69.8044
3280 69.8044
3281 69.8044
3282 69.8044
3283 69.8044
3284 69.8044
3285 69.8044
3286 69.8044
3287 69.8044
3288 69.8044
3289 69.657
3290 69.657
3291 69.657
3292 69.657
3293 69.657
3294 69.657
3295 69.657
3296 69.657
3297 69.657
3298 69.657
3299 69.657
3300 69.657
3301 69.657
3302 69.657
3303 69.657
3304 69.657
3305 69.657
3306 69.657
3307 69.657
3308 69.657
3309 69.657
3310 69.657
3311 69.657
3312 69.657
3313 69.657
3314 69.657
3315 69.657
3316 69.657
3317 69.657
3318 69.657
3319 69.657
3320 69.657
3321 69.657
3322 69.657
3323 69.657
3324 69.657
3325 69.657
3326 69.657
3327 69.657
3328 69.657
3329 69.657
3330 69.657
3331 69.657
3332 69.657
3333 69.657
3334 69.657
3335 69.657
3336 69.657
3337 69.657
3338 69.657
3339 69.657
3340 69.657
3341 69.657
3342 69.657
3343 69.657
3344 69.657
3345 69.657
3346 69.657
3347 69.657
3348 69.657
3349 69.657
3350 69.657
3351 69.657
3352 69.657
3353 69.657
3354 69.657
3355 69.657
3356 69.657
3357 69.657
3358 69.657
3359 69.657
3360 69.657
3361 69.657
3362 69.657
3363 69.657
3364 69.657
3365 69.657
3366 69.657
3367 69.657
3368 69.657
3369 69.657
3370 69.657
3371 69.657
3372 69.657
3373 69.657
3374 69.657
3375 69.657
3376 69.657
3377 69.657
3378 69.657
3379 69.657
3380 69.657
3381 69.657
3382 69.657
3383 69.657
3384 69.657
3385 69.657
3386 69.657
3387 69.657
3388 69.657
3389 69.657
3390 69.657
3391 69.657
3392 69.657
3393 69.657
3394 69.657
3395 69.657
3396 69.657
3397 69.657
3398 69.657
3399 69.657
3400 69.657
3401 69.657
3402 69.657
3403 69.657
3404 69.657
3405 69.657
3406 69.657
3407 69.657
3408 69.657
3409 69.657
3410 69.657
3411 69.657
3412 69.657
3413 69.657
3414 69.657
3415 69.657
3416 69.657
3417 69.657
3418 69.657
3419 69.657
3420 69.657
3421 69.657
3422 69.657
3423 69.657
3424 69.657
3425 69.657
3426 69.657
3427 69.657
3428 69.657
3429 69.657
3430 69.657
3431 69.657
3432 69.657
3433 69.657
3434 69.657
3435 69.657
3436 69.657
3437 69.657
3438 69.657
3439 69.657
3440 69.657
3441 69.657
3442 69.657
3443 69.657
3444 69.657
3445 69.657
3446 69.657
3447 69.657
3448 69.657
3449 69.657
3450 69.657
3451 69.657
3452 69.657
3453 69.657
3454 69.657
3455 69.657
3456 69.657
3457 69.657
3458 69.657
3459 69.657
3460 69.657
3461 69.657
3462 69.657
3463 69.657
3464 69.657
3465 69.657
3466 69.657
3467 69.657
3468 69.657
3469 69.657
3470 69.657
3471 69.657
3472 69.657
3473 69.657
3474 69.657
3475 69.657
3476 69.657
3477 69.657
3478 69.657
3479 69.657
3480 69.657
3481 69.657
3482 69.657
3483 69.657
3484 69.657
3485 69.657
3486 69.657
3487 69.657
3488 69.657
3489 69.657
3490 69.657
3491 69.657
3492 69.657
3493 69.657
3494 69.657
3495 69.657
3496 69.657
3497 69.657
3498 69.657
3499 69.657
3500 69.657
3501 69.657
3502 69.657
3503 69.657
3504 69.657
3505 69.657
3506 69.657
3507 69.657
3508 69.657
3509 69.657
3510 69.657
3511 69.657
3512 69.657
3513 69.657
3514 69.657
3515 69.657
3516 69.657
3517 69.657
3518 69.657
3519 69.657
3520 69.657
3521 69.657
3522 69.657
3523 69.657
3524 69.657
3525 69.657
3526 69.657
3527 69.657
3528 69.657
3529 69.657
3530 69.657
3531 69.657
3532 69.657
3533 69.657
3534 69.657
3535 69.657
3536 69.657
3537 69.657
3538 69.657
3539 69.657
3540 69.657
3541 69.657
3542 69.657
3543 69.657
3544 69.657
3545 69.657
3546 69.657
3547 69.657
3548 69.657
3549 69.657
3550 69.657
3551 69.657
3552 69.657
3553 69.657
3554 69.657
3555 69.657
3556 69.657
3557 69.657
3558 69.657
3559 69.657
3560 69.657
3561 69.657
3562 69.657
3563 69.657
3564 69.657
3565 69.657
3566 69.657
3567 69.657
3568 69.657
3569 69.657
3570 69.657
3571 69.657
3572 69.657
3573 69.657
3574 69.657
3575 69.657
3576 69.4799
3577 69.4799
3578 69.4799
3579 69.4799
3580 69.4799
3581 69.4799
3582 69.4799
3583 69.3616
3584 69.3616
3585 69.3616
3586 69.3616
3587 69.3616
3588 69.3616
3589 69.3616
3590 69.3616
3591 69.3616
3592 69.3616
3593 69.3616
3594 69.3616
3595 69.3616
3596 69.3616
3597 69.3616
3598 69.3616
3599 69.3616
3600 69.3616
3601 69.3616
3602 69.3616
3603 69.3616
3604 69.3616
3605 69.3616
3606 69.3616
3607 69.3616
3608 69.3616
3609 69.3616
3610 69.3616
3611 69.3616
3612 69.3616
3613 69.3616
3614 69.3616
3615 69.3616
3616 69.3616
3617 69.3616
3618 69.3616
3619 69.3616
3620 69.3616
3621 69.3616
3622 69.3616
3623 69.3616
3624 69.3616
3625 69.3616
3626 69.3616
3627 69.3616
3628 69.3616
3629 69.3616
3630 69.3616
3631 69.3616
3632 69.3616
3633 69.3616
3634 69.3616
3635 69.3616
3636 69.3616
3637 69.3616
3638 69.3616
3639 69.3616
3640 69.3616
3641 69.3616
3642 69.3616
3643 69.3616
3644 69.3616
3645 69.3616
3646 69.3616
3647 69.3616
3648 69.3616
3649 69.3616
3650 69.3616
3651 69.3616
3652 69.3616
3653 69.3616
3654 69.3616
3655 69.3616
3656 69.3616
3657 69.3616
3658 69.3616
3659 69.3616
3660 69.3616
3661 69.3616
3662 69.3616
3663 69.3616
3664 69.3616
3665 69.3616
3666 69.3616
3667 69.3616
3668 69.3616
3669 69.3616
3670 69.3616
3671 69.3616
3672 69.3616
3673 69.3616
3674 69.3616
3675 69.3616
3676 69.3616
3677 69.3616
3678 69.3616
3679 69.3616
3680 69.3616
3681 69.3616
3682 69.3616
3683 69.3616
3684 69.3616
3685 69.3616
3686 69.3616
3687 69.3616
3688 69.3616
3689 69.3616
3690 69.3616
3691 69.3616
3692 69.3616
3693 69.3616
3694 69.3616
3695 69.3616
3696 69.3616
3697 69.3616
3698 69.3616
3699 69.3616
3700 69.3616
3701 69.3616
3702 69.3616
3703 69.3616
3704 69.3616
3705 69.3616
3706 69.3616
3707 69.3616
3708 69.3616
3709 69.3616
3710 69.3616
3711 69.3616
3712 69.3616
3713 69.3616
3714 69.3616
3715 69.3616
3716 69.3616
3717 69.3616
3718 69.3616
3719 69.3616
3720 69.3616
3721 69.3616
3722 69.3616
3723 69.3616
3724 69.3616
3725 69.3616
3726 69.3616
3727 69.3616
3728 69.3616
3729 69.3616
3730 69.3616
3731 69.3616
3732 69.3616
3733 69.3616
3734 69.3616
3735 69.3616
3736 69.3616
3737 69.3616
3738 69.3616
3739 69.3616
3740 69.3616
3741 69.3616
3742 69.3616
3743 69.3616
3744 69.3616
3745 69.3616
3746 69.3616
3747 69.3616
3748 69.3616
3749 69.3616
3750 69.3616
3751 69.3616
3752 69.3616
3753 69.3616
3754 69.3616
3755 69.3616
3756 69.3616
3757 69.3616
3758 69.3616
3759 69.3616
3760 69.3616
3761 69.3616
3762 69.3616
3763 69.3616
3764 69.3616
3765 69.3616
3766 69.3616
3767 69.3616
3768 69.3616
3769 69.3616
3770 69.3616
3771 69.3616
3772 69.3616
3773 69.3616
3774 69.3616
3775 69.3616
3776 69.3616
3777 69.3616
3778 69.3616
3779 69.3616
3780 69.3616
3781 69.3616
3782 69.3616
3783 69.3616
3784 69.3616
3785 69.3616
3786 69.3616
3787 69.3616
3788 69.3616
3789 69.3616
3790 69.3616
3791 69.3616
3792 69.3616
3793 69.3616
3794 69.3616
3795 69.3616
3796 69.3616
3797 69.3616
3798 69.3616
3799 69.3616
3800 69.3616
3801 69.3616
3802 69.3616
3803 69.3616
3804 69.3616
3805 69.3616
3806 69.3616
3807 69.3616
3808 69.3616
3809 69.3616
3810 69.3616
3811 69.3616
3812 69.3616
3813 69.3616
3814 69.3616
3815 69.3616
3816 69.3616
3817 69.3616
3818 69.3616
3819 69.3616
3820 69.3616
3821 69.3616
3822 69.3616
3823 69.3616
3824 69.3616
3825 69.3616
3826 69.3616
3827 69.3616
3828 69.3616
3829 69.3616
3830 69.3616
3831 69.3616
3832 69.3616
3833 69.3616
3834 69.3616
3835 69.3616
3836 69.3616
3837 69.3616
3838 69.3616
3839 69.3616
3840 69.3616
3841 69.3616
3842 69.3616
3843 69.3616
3844 69.3616
3845 69.3616
3846 69.3616
3847 69.3616
3848 69.3616
3849 69.3616
3850 69.3616
3851 69.3616
3852 69.3616
3853 69.3616
3854 69.3616
3855 69.3616
3856 69.3616
3857 69.3616
3858 69.3616
3859 69.3616
3860 69.3616
3861 69.3616
3862 69.3616
3863 69.3616
3864 69.3616
3865 69.3616
3866 69.3616
3867 69.3616
3868 69.3616
3869 69.3616
3870 69.3616
3871 69.3616
3872 69.3616
3873 69.3616
3874 69.0429
3875 69.0429
3876 69.0429
3877 69.0429
3878 69.0429
3879 69.0429
3880 69.0429
3881 69.0429
3882 69.0429
3883 69.0429
3884 69.0429
3885 69.0429
3886 69.0429
3887 69.0429
3888 69.0429
3889 69.0429
3890 69.0429
3891 69.0429
3892 69.0429
3893 69.0429
3894 68.9852
3895 68.9852
3896 68.9852
3897 68.9852
3898 68.9852
3899 68.9852
3900 68.9852
3901 68.9852
3902 68.9852
3903 68.9852
3904 68.9852
3905 68.9852
3906 68.9852
3907 68.9852
3908 68.9852
3909 68.9852
3910 68.9852
3911 68.9852
3912 68.9852
3913 68.9852
3914 68.9852
3915 68.9852
3916 68.9852
3917 68.9852
3918 68.9852
3919 68.9852
3920 68.9852
3921 68.9852
3922 68.9852
3923 68.9852
3924 68.9852
3925 68.9852
3926 68.9852
3927 68.9852
3928 68.9852
3929 68.9852
3930 68.9852
3931 68.9852
3932 68.9852
3933 68.9852
3934 68.9852
3935 68.9852
3936 68.9852
3937 68.9852
3938 68.9852
3939 68.9852
3940 68.9852
3941 68.9852
3942 68.9852
3943 68.9852
3944 68.9852
3945 68.9852
3946 68.9852
3947 68.9852
3948 68.9852
3949 68.9852
3950 68.9852
3951 68.9852
3952 68.9852
3953 68.9852
3954 68.9852
3955 68.9852
3956 68.9852
3957 68.9852
3958 68.9852
3959 68.9852
3960 68.9852
3961 68.9852
3962 68.9852
3963 68.9852
3964 68.9852
3965 68.9852
3966 68.9852
3967 68.9852
3968 68.9852
3969 68.9852
3970 68.9852
3971 68.9852
3972 68.9852
3973 68.9852
3974 68.9852
3975 68.9852
3976 68.9852
3977 68.9852
3978 68.9852
3979 68.9852
3980 68.9852
3981 68.9852
3982 68.9852
3983 68.9852
3984 68.9852
3985 68.9852
3986 68.9852
3987 68.9852
3988 68.9852
3989 68.9852
3990 68.9852
3991 68.9852
3992 68.9852
3993 68.9852
3994 68.9852
3995 68.9852
3996 68.9852
3997 68.9852
3998 68.9852
3999 68.9852
4000 68.9852
4001 68.9852
4002 68.9852
4003 68.9852
4004 68.9852
4005 68.9852
4006 68.9852
4007 68.9852
4008 68.9852
4009 68.9852
4010 68.9852
4011 68.9852
4012 68.9852
4013 68.9852
4014 68.9852
4015 68.9852
4016 68.9852
4017 68.9852
4018 68.9852
4019 68.9852
4020 68.9852
4021 68.9852
4022 68.9852
4023 68.9852
4024 68.9852
4025 68.9852
4026 68.9852
4027 68.9852
4028 68.9852
4029 68.9852
4030 68.9852
4031 68.9852
4032 68.9852
4033 68.9852
4034 68.9852
4035 68.9852
4036 68.9852
4037 68.9852
4038 68.9852
4039 68.9852
4040 68.9852
4041 68.9852
4042 68.9852
4043 68.9852
4044 68.9852
4045 68.9852
4046 68.9852
4047 68.9852
4048 68.9852
4049 68.9852
4050 68.9852
4051 68.9852
4052 68.9852
4053 68.9852
4054 68.9852
4055 68.9852
4056 68.9852
4057 68.9852
4058 68.9852
4059 68.9852
4060 68.9852
4061 68.9852
4062 68.9852
4063 68.9852
4064 68.9852
4065 68.9852
4066 68.9852
4067 68.9852
4068 68.9852
4069 68.9852
4070 68.9852
4071 68.9852
4072 68.9852
4073 68.9852
4074 68.9852
4075 68.9852
4076 68.9852
4077 68.9852
4078 68.9852
4079 68.9852
4080 68.9852
4081 68.9852
4082 68.9852
4083 68.9852
4084 68.9852
4085 68.9852
4086 68.9852
4087 68.9852
4088 68.9852
4089 68.9852
4090 68.9852
4091 68.9852
4092 68.9852
4093 68.9852
4094 68.9852
4095 68.9852
4096 68.9852
4097 68.9852
4098 68.9852
4099 68.9852
4100 68.9852
4101 68.9852
4102 68.9852
4103 68.9852
4104 68.9852
4105 68.9852
4106 68.9852
4107 68.9852
4108 68.9852
4109 68.9852
4110 68.9852
4111 68.9852
4112 68.9852
4113 68.9852
4114 68.9852
4115 68.9852
4116 68.9852
4117 68.9852
4118 68.9852
4119 68.9852
4120 68.9852
4121 68.9852
4122 68.9852
4123 68.9852
4124 68.9852
4125 68.9852
4126 68.9852
4127 68.9852
4128 68.9852
4129 68.9852
4130 68.9852
4131 68.9852
4132 68.9852
4133 68.9852
4134 68.9852
4135 68.9852
4136 68.9852
4137 68.9852
4138 68.9852
4139 68.9852
4140 68.9852
4141 68.9852
4142 68.9852
4143 68.9852
4144 68.9852
4145 68.9852
4146 68.9852
4147 68.9852
4148 68.9852
4149 68.9852
4150 68.9852
4151 68.9852
4152 68.9852
4153 68.9852
4154 68.9852
4155 68.9852
4156 68.9852
4157 68.9852
4158 68.9852
4159 68.9852
4160 68.9852
4161 68.9852
4162 68.9852
4163 68.9852
4164 68.9852
4165 68.9852
4166 68.9852
4167 68.9852
4168 68.9852
4169 68.9852
4170 68.9852
4171 68.9852
4172 68.9852
4173 68.9852
4174 68.9852
4175 68.9852
4176 68.9852
4177 68.9852
4178 68.9852
4179 68.9852
4180 68.9852
4181 68.9852
4182 68.9852
4183 68.9852
4184 68.9852
4185 68.9852
4186 68.9852
4187 68.9852
4188 68.4008
4189 68.4008
4190 68.4008
4191 68.4008
4192 68.4008
4193 68.4008
4194 68.4008
4195 68.4008
4196 68.4008
4197 68.4008
4198 68.4008
4199 68.4008
4200 68.4008
4201 68.4008
4202 68.4008
4203 68.4008
4204 68.4008
4205 68.4008
4206 68.4008
4207 68.4008
4208 68.4008
4209 68.4008
4210 68.4008
4211 68.4008
4212 68.4008
4213 68.4008
4214 68.4008
4215 68.4008
4216 68.4008
4217 68.4008
4218 68.4008
4219 68.4008
4220 68.4008
4221 68.4008
4222 68.4008
4223 68.4008
4224 68.4008
4225 68.4008
4226 68.4008
4227 68.4008
4228 68.4008
4229 68.4008
4230 68.4008
4231 68.4008
4232 68.4008
4233 68.4008
4234 68.4008
4235 68.4008
4236 68.4008
4237 68.4008
4238 68.4008
4239 68.4008
4240 68.4008
4241 68.4008
4242 68.4008
4243 68.4008
4244 68.4008
4245 68.4008
4246 68.4008
4247 68.4008
4248 68.4008
4249 68.4008
4250 68.4008
4251 68.4008
4252 68.4008
4253 68.4008
4254 68.4008
4255 68.4008
4256 68.4008
4257 68.4008
4258 68.4008
4259 68.4008
4260 68.4008
4261 68.4008
4262 68.4008
4263 68.4008
4264 68.4008
4265 68.4008
4266 68.4008
4267 68.4008
4268 68.4008
4269 68.4008
4270 68.4008
4271 68.4008
4272 68.4008
4273 68.4008
4274 68.4008
4275 68.4008
4276 68.4008
4277 68.4008
4278 68.4008
4279 68.4008
4280 68.4008
4281 68.4008
4282 68.4008
4283 68.4008
4284 68.4008
4285 68.4008
4286 68.4008
4287 68.4008
4288 68.4008
4289 68.4008
4290 68.4008
4291 68.4008
4292 68.4008
4293 68.4008
4294 68.4008
4295 68.4008
4296 68.4008
4297 68.4008
4298 68.4008
4299 68.4008
4300 68.4008
4301 68.4008
4302 68.4008
4303 68.4008
4304 68.4008
4305 68.4008
4306 68.4008
4307 68.4008
4308 68.4008
4309 68.4008
4310 68.4008
4311 68.4008
4312 68.4008
4313 68.4008
4314 68.4008
4315 68.4008
4316 68.4008
4317 68.4008
4318 68.4008
4319 68.4008
4320 68.4008
4321 68.4008
4322 68.4008
4323 68.4008
4324 68.4008
4325 68.4008
4326 68.4008
4327 68.4008
4328 68.4008
4329 68.4008
4330 68.4008
4331 68.4008
4332 68.4008
4333 68.4008
4334 68.4008
4335 68.4008
4336 68.4008
4337 68.4008
4338 68.4008
4339 68.4008
4340 68.4008
4341 68.4008
4342 68.4008
4343 68.4008
4344 68.4008
4345 68.4008
4346 68.4008
4347 68.4008
4348 68.4008
4349 68.4008
4350 68.4008
4351 68.4008
4352 68.4008
4353 68.4008
4354 68.4008
4355 68.4008
4356 68.4008
4357 68.4008
4358 68.4008
4359 68.4008
4360 68.4008
4361 68.4008
4362 68.4008
4363 68.4008
4364 68.4008
4365 68.4008
4366 68.4008
4367 68.4008
4368 68.4008
4369 68.4008
4370 68.4008
4371 68.4008
4372 68.4008
4373 68.4008
4374 68.4008
4375 68.4008
4376 68.4008
4377 68.4008
4378 68.4008
4379 68.4008
4380 68.4008
4381 68.4008
4382 68.4008
4383 68.4008
4384 68.4008
4385 68.4008
4386 68.4008
4387 68.4008
4388 68.4008
4389 68.4008
4390 68.4008
4391 68.4008
4392 68.4008
4393 68.4008
4394 68.4008
4395 68.4008
4396 68.4008
4397 68.4008
4398 68.4008
4399 68.4008
4400 68.4008
4401 68.4008
4402 68.4008
4403 68.4008
4404 68.4008
4405 68.4008
4406 68.4008
4407 68.4008
4408 68.4008
4409 68.4008
4410 68.4008
4411 68.4008
4412 68.4008
4413 68.4008
4414 68.4008
4415 68.4008
4416 68.4008
4417 68.4008
4418 68.4008
4419 68.4008
4420 68.4008
4421 68.4008
4422 68.4008
4423 68.4008
4424 68.4008
4425 68.4008
4426 68.4008
4427 68.4008
4428 68.4008
4429 68.4008
4430 68.4008
4431 68.4008
4432 68.4008
4433 68.4008
4434 68.4008
4435 68.4008
4436 68.4008
4437 68.4008
4438 68.4008
4439 68.4008
4440 68.4008
4441 68.4008
4442 68.4008
4443 68.4008
4444 68.4008
4445 68.4008
4446 68.4008
4447 68.4008
4448 68.4008
4449 68.4008
4450 68.4008
4451 68.4008
4452 68.4008
4453 68.4008
4454 68.4008
4455 68.4008
4456 68.4008
4457 68.4008
4458 68.4008
4459 68.4008
4460 68.4008
4461 68.4008
4462 68.4008
4463 68.4008
4464 68.4008
4465 68.4008
4466 68.4008
4467 68.4008
4468 68.4008
4469 68.4008
4470 68.4008
4471 68.4008
4472 68.4008
4473 68.4008
4474 68.4008
4475 68.4008
4476 68.4008
4477 68.4008
4478 68.4008
4479 68.4008
4480 68.4008
4481 68.4008
4482 68.4008
4483 68.4008
4484 68.4008
4485 68.4008
4486 68.4008
4487 68.4008
4488 68.4008
4489 68.4008
4490 68.4008
4491 68.4008
4492 68.4008
4493 68.4008
4494 68.4008
4495 68.4008
4496 68.4008
4497 68.4008
4498 68.4008
4499 68.4008
4500 68.4008
4501 68.4008
4502 68.4008
4503 68.4008
4504 68.4008
4505 68.4008
4506 68.4008
4507 68.4008
4508 68.4008
4509 68.4008
4510 68.4008
4511 68.4008
4512 68.4008
4513 68.4008
4514 68.4008
4515 68.4008
4516 68.4008
4517 68.4008
4518 68.4008
4519 68.4008
4520 68.4008
4521 68.4008
4522 68.4008
4523 68.4008
4524 68.4008
4525 68.4008
4526 68.4008
4527 68.4008
4528 68.4008
4529 68.4008
4530 68.4008
4531 68.4008
4532 68.4008
4533 68.4008
4534 68.4008
4535 68.4008
4536 68.4008
4537 68.4008
4538 68.4008
4539 68.4008
4540 68.4008
4541 68.4008
4542 68.4008
4543 68.4008
4544 68.4008
4545 68.4008
4546 68.4008
4547 68.4008
4548 68.4008
4549 68.4008
4550 68.4008
4551 68.4008
4552 68.4008
4553 68.4008
4554 68.4008
4555 68.4008
4556 68.4008
4557 68.4008
4558 68.4008
4559 68.4008
4560 68.4008
4561 68.4008
4562 68.4008
4563 68.4008
4564 68.4008
4565 68.4008
4566 68.4008
4567 68.4008
4568 68.4008
4569 68.4008
4570 68.4008
4571 68.4008
4572 68.4008
4573 68.4008
4574 68.4008
4575 68.4008
4576 68.4008
4577 68.4008
4578 68.4008
4579 68.4008
4580 68.4008
4581 68.4008
4582 68.4008
4583 68.4008
4584 68.4008
4585 68.4008
4586 68.4008
4587 68.4008
4588 68.4008
4589 68.4008
4590 68.4008
4591 68.4008
4592 68.4008
4593 68.4008
4594 68.4008
4595 68.4008
4596 68.4008
4597 68.4008
4598 68.4008
4599 68.4008
4600 68.4008
4601 68.4008
4602 68.4008
4603 68.4008
4604 68.4008
4605 68.4008
4606 68.4008
4607 68.4008
4608 68.4008
4609 68.4008
4610 68.4008
4611 68.4008
4612 68.4008
4613 68.4008
4614 68.4008
4615 68.4008
4616 68.4008
4617 68.4008
4618 68.4008
4619 68.4008
4620 68.4008
4621 68.4008
4622 68.4008
4623 68.4008
4624 68.4008
4625 68.4008
4626 68.4008
4627 68.4008
4628 68.4008
4629 68.4008
4630 68.4008
4631 68.4008
4632 68.4008
4633 68.4008
4634 68.4008
4635 68.4008
4636 68.4008
4637 68.4008
4638 68.4008
4639 68.4008
4640 68.4008
4641 68.4008
4642 68.4008
4643 68.4008
4644 68.4008
4645 68.4008
4646 68.4008
4647 68.4008
4648 68.4008
4649 68.4008
4650 68.4008
4651 68.4008
4652 68.4008
4653 68.4008
4654 68.4008
4655 68.4008
4656 68.4008
4657 68.4008
4658 68.4008
4659 68.4008
4660 68.4008
4661 68.4008
4662 68.4008
4663 68.4008
4664 68.4008
4665 68.4008
4666 68.4008
4667 68.4008
4668 68.4008
4669 68.4008
4670 68.4008
4671 68.4008
4672 68.4008
4673 68.4008
4674 68.4008
4675 68.4008
4676 68.4008
4677 68.4008
4678 68.4008
4679 68.4008
4680 68.4008
4681 68.4008
4682 68.4008
4683 68.4008
4684 68.4008
4685 68.4008
4686 68.4008
4687 68.4008
4688 68.4008
4689 68.4008
4690 68.4008
4691 68.4008
4692 68.4008
4693 68.4008
4694 68.4008
4695 68.4008
4696 68.4008
4697 68.4008
4698 68.4008
4699 68.4008
4700 68.4008
4701 68.4008
4702 68.4008
4703 68.4008
4704 68.4008
4705 68.4008
4706 68.4008
4707 68.4008
4708 68.4008
4709 68.4008
4710 68.4008
4711 68.4008
4712 68.4008
4713 68.4008
4714 68.4008
4715 68.4008
4716 68.4008
4717 68.4008
4718 68.4008
4719 68.4008
4720 68.4008
4721 68.4008
4722 68.4008
4723 68.4008
4724 68.4008
4725 68.4008
4726 68.4008
4727 68.4008
4728 68.4008
4729 68.4008
4730 68.4008
4731 68.4008
4732 68.4008
4733 68.4008
4734 68.4008
4735 68.4008
4736 68.4008
4737 68.4008
4738 68.4008
4739 68.4008
4740 68.4008
4741 68.4008
4742 68.4008
4743 68.4008
4744 68.4008
4745 68.4008
4746 68.4008
4747 68.4008
4748 68.4008
4749 68.4008
4750 68.4008
4751 68.4008
4752 68.4008
4753 68.4008
4754 68.4008
4755 68.4008
4756 68.4008
4757 68.4008
4758 68.4008
4759 68.4008
4760 68.4008
4761 68.4008
4762 68.4008
4763 68.4008
4764 68.4008
4765 68.4008
4766 68.4008
4767 68.4008
4768 68.4008
4769 68.4008
4770 68.4008
4771 68.4008
4772 68.4008
4773 68.4008
4774 68.4008
4775 68.4008
4776 68.4008
4777 68.4008
4778 68.4008
4779 68.4008
4780 68.4008
4781 68.4008
4782 68.4008
4783 68.4008
4784 68.4008
4785 68.4008
4786 68.4008
4787 68.4008
4788 68.4008
4789 68.4008
4790 68.4008
4791 68.4008
4792 68.4008
4793 68.4008
4794 68.4008
4795 68.4008
4796 68.4008
4797 68.4008
4798 68.4008
4799 68.4008
4800 68.4008
4801 68.4008
4802 68.4008
4803 68.4008
4804 68.4008
4805 68.4008
4806 68.4008
4807 68.4008
4808 68.4008
4809 68.4008
4810 68.4008
4811 68.4008
4812 68.4008
4813 68.4008
4814 68.4008
4815 68.4008
4816 68.4008
4817 68.4008
4818 68.4008
4819 68.4008
4820 68.4008
4821 68.4008
4822 68.4008
4823 68.4008
4824 68.4008
4825 68.4008
4826 68.4008
4827 68.4008
4828 68.4008
4829 68.4008
4830 68.4008
4831 68.4008
4832 68.4008
4833 68.4008
4834 68.4008
4835 68.4008
4836 68.4008
4837 68.4008
4838 68.4008
4839 68.4008
4840 68.4008
4841 68.4008
4842 68.4008
4843 68.4008
4844 68.4008
4845 68.4008
4846 68.4008
4847 68.4008
4848 68.4008
4849 68.4008
4850 68.4008
4851 68.4008
4852 68.4008
4853 68.4008
4854 68.4008
4855 68.4008
4856 68.4008
4857 68.4008
4858 68.4008
4859 68.4008
4860 68.4008
4861 68.4008
4862 68.4008
4863 68.4008
4864 68.4008
4865 68.4008
4866 68.4008
4867 68.4008
4868 68.4008
4869 68.4008
4870 68.4008
4871 68.4008
4872 68.4008
4873 68.4008
4874 68.4008
4875 68.4008
4876 68.4008
4877 68.4008
4878 68.4008
4879 68.4008
4880 68.4008
4881 68.4008
4882 68.4008
4883 68.4008
4884 68.4008
4885 68.4008
4886 68.4008
4887 68.4008
4888 68.4008
4889 68.4008
4890 68.4008
4891 68.4008
4892 68.4008
4893 68.4008
4894 68.4008
4895 68.4008
4896 68.4008
4897 68.4008
4898 68.4008
4899 68.4008
4900 68.4008
4901 68.4008
4902 68.4008
4903 68.4008
4904 68.4008
4905 68.4008
4906 68.4008
4907 68.4008
4908 68.4008
4909 68.4008
4910 68.4008
4911 68.4008
4912 68.4008
4913 68.4008
4914 68.4008
4915 68.4008
4916 68.4008
4917 68.4008
4918 68.4008
4919 68.4008
4920 68.4008
4921 68.4008
4922 68.4008
4923 68.4008
4924 68.4008
4925 68.4008
4926 68.4008
4927 68.4008
4928 68.4008
4929 68.4008
4930 68.4008
4931 68.4008
4932 68.4008
4933 68.4008
4934 68.4008
4935 68.4008
4936 68.4008
4937 68.4008
4938 68.4008
4939 68.4008
4940 68.4008
4941 68.4008
4942 68.4008
4943 68.4008
4944 68.4008
4945 68.4008
4946 68.4008
4947 68.4008
4948 68.4008
4949 68.4008
4950 68.4008
4951 68.4008
4952 68.4008
4953 68.4008
4954 68.4008
4955 68.4008
4956 68.4008
4957 68.4008
4958 68.4008
4959 68.4008
4960 68.4008
4961 68.4008
4962 68.4008
4963 68.4008
4964 68.4008
4965 68.4008
4966 68.4008
4967 68.4008
4968 68.4008
4969 68.4008
4970 68.4008
4971 68.4008
4972 68.4008
4973 68.4008
4974 68.4008
4975 68.4008
4976 68.4008
4977 68.4008
4978 68.4008
4979 68.4008
4980 68.4008
4981 68.4008
4982 68.4008
4983 68.4008
4984 68.4008
4985 68.4008
4986 68.4008
4987 68.4008
4988 68.4008
4989 68.4008
4990 68.4008
4991 68.4008
4992 68.4008
4993 68.4008
4994 68.4008
4995 68.4008
4996 68.4008
4997 68.4008
4998 68.4008
4999 68.4008
5000 68.4008
5001 68.4008
5002 68.4008
5003 68.4008
5004 68.4008
5005 68.4008
5006 68.4008
5007 68.4008
5008 68.4008
5009 68.4008
5010 68.4008
5011 68.4008
5012 68.4008
5013 68.4008
5014 68.4008
5015 68.4008
5016 68.4008
5017 68.4008
5018 68.4008
5019 68.4008
5020 68.4008
5021 68.4008
5022 68.4008
5023 68.4008
5024 68.4008
5025 68.4008
5026 68.4008
5027 68.4008
5028 68.4008
5029 68.4008
5030 68.4008
5031 68.4008
5032 68.4008
5033 68.4008
5034 68.4008
5035 68.4008
5036 68.4008
5037 68.4008
5038 68.4008
5039 68.4008
5040 68.4008
5041 68.4008
5042 68.4008
5043 68.4008
5044 68.4008
5045 68.4008
5046 68.4008
5047 68.4008
5048 68.4008
5049 68.4008
5050 68.4008
5051 68.4008
5052 68.4008
5053 68.4008
5054 68.4008
5055 68.4008
5056 68.4008
5057 68.4008
5058 68.4008
5059 68.4008
5060 68.4008
5061 68.4008
5062 68.4008
5063 68.4008
5064 68.4008
5065 68.4008
5066 68.4008
5067 68.4008
5068 68.4008
5069 68.4008
5070 68.4008
5071 68.4008
5072 68.4008
5073 68.4008
5074 68.4008
5075 68.4008
5076 68.4008
5077 68.4008
5078 68.4008
5079 68.4008
5080 68.4008
5081 68.4008
5082 68.4008
5083 68.4008
5084 68.4008
5085 68.4008
5086 68.4008
5087 68.4008
5088 68.4008
5089 68.4008
5090 68.4008
5091 68.4008
5092 68.4008
5093 68.4008
5094 68.4008
5095 68.4008
5096 68.4008
5097 68.4008
5098 68.4008
5099 68.4008
5100 68.4008
5101 68.4008
5102 68.4008
5103 68.4008
5104 68.4008
5105 68.4008
5106 68.4008
5107 68.4008
5108 68.4008
5109 68.4008
5110 68.4008
5111 68.4008
5112 68.4008
5113 68.4008
5114 68.4008
5115 68.4008
5116 68.4008
5117 68.4008
5118 68.4008
5119 68.4008
5120 68.4008
5121 68.4008
5122 68.4008
5123 68.4008
5124 68.4008
5125 68.4008
5126 68.4008
5127 68.4008
5128 68.4008
5129 68.4008
5130 68.4008
5131 68.4008
5132 68.4008
5133 68.4008
5134 68.4008
5135 68.4008
5136 68.4008
5137 68.4008
5138 68.4008
5139 68.4008
5140 68.4008
5141 68.4008
5142 68.4008
5143 68.4008
5144 68.4008
5145 68.4008
5146 68.4008
5147 68.4008
5148 68.4008
5149 68.4008
5150 68.4008
5151 68.4008
5152 68.4008
5153 68.4008
5154 68.4008
5155 68.4008
5156 68.4008
5157 68.4008
5158 68.4008
5159 68.4008
5160 68.4008
5161 68.4008
5162 68.4008
5163 68.4008
5164 68.4008
5165 68.4008
5166 68.4008
5167 68.4008
5168 68.4008
5169 68.4008
5170 68.4008
5171 68.4008
5172 68.4008
5173 68.4008
5174 68.4008
5175 68.4008
5176 68.4008
5177 68.4008
5178 68.4008
5179 68.4008
5180 68.4008
5181 68.4008
5182 68.4008
5183 68.4008
5184 68.4008
5185 68.4008
5186 68.4008
5187 68.4008
5188 68.4008
5189 68.4008
5190 68.4008
5191 68.4008
5192 68.4008
5193 68.4008
5194 68.4008
5195 68.4008
5196 68.4008
5197 68.4008
5198 68.4008
5199 68.4008
5200 68.4008
5201 68.4008
5202 68.4008
5203 68.4008
5204 68.4008
5205 68.4008
5206 68.4008
5207 68.4008
5208 68.4008
5209 68.4008
5210 68.4008
5211 68.4008
5212 68.4008
5213 68.4008
5214 68.4008
5215 68.4008
5216 68.4008
5217 68.4008
5218 68.4008
5219 68.4008
5220 68.4008
5221 68.4008
5222 68.4008
5223 68.4008
5224 68.4008
5225 68.4008
5226 68.4008
5227 68.4008
5228 68.4008
5229 68.4008
5230 68.4008
5231 68.4008
5232 68.4008
5233 68.4008
5234 68.4008
5235 68.4008
5236 68.4008
5237 68.4008
5238 68.4008
5239 68.4008
5240 68.4008
5241 68.4008
5242 68.4008
5243 68.4008
5244 68.4008
5245 68.4008
5246 68.4008
5247 68.4008
5248 68.4008
5249 68.4008
5250 68.4008
5251 68.4008
5252 68.4008
5253 68.4008
5254 68.4008
5255 68.4008
5256 68.4008
5257 68.4008
5258 68.4008
5259 68.4008
5260 68.4008
5261 68.4008
5262 68.4008
5263 68.4008
5264 68.4008
5265 68.4008
5266 68.4008
5267 68.4008
5268 68.4008
5269 68.4008
5270 68.4008
5271 68.4008
5272 68.4008
5273 68.4008
5274 68.4008
5275 68.4008
5276 68.4008
5277 68.4008
5278 68.4008
5279 68.4008
5280 68.4008
5281 68.4008
5282 68.4008
5283 68.4008
5284 68.4008
5285 68.4008
5286 68.4008
5287 68.4008
5288 68.4008
5289 68.4008
5290 68.4008
5291 68.4008
5292 68.4008
5293 68.4008
5294 68.4008
5295 68.4008
5296 68.4008
5297 68.4008
5298 68.4008
5299 68.4008
5300 68.4008
5301 68.4008
5302 68.4008
5303 68.4008
5304 68.4008
5305 68.4008
5306 68.4008
5307 68.4008
5308 68.4008
5309 68.4008
5310 68.4008
5311 68.4008
5312 68.4008
5313 68.4008
5314 68.4008
5315 68.4008
5316 68.4008
5317 68.4008
5318 68.4008
5319 68.4008
5320 68.4008
5321 68.4008
5322 68.4008
5323 68.4008
5324 68.4008
5325 68.4008
5326 68.4008
5327 68.4008
5328 68.4008
5329 68.4008
5330 68.4008
5331 68.4008
5332 68.4008
5333 68.4008
5334 68.4008
5335 68.4008
5336 68.4008
5337 68.4008
5338 68.4008
5339 68.4008
5340 68.4008
5341 68.4008
5342 68.4008
5343 68.4008
5344 68.4008
5345 68.4008
5346 68.4008
5347 68.4008
5348 68.4008
5349 68.4008
5350 68.4008
5351 68.4008
5352 68.4008
5353 68.4008
5354 68.4008
5355 68.4008
5356 68.4008
5357 68.4008
5358 68.4008
5359 68.4008
5360 68.4008
5361 68.4008
5362 68.4008
5363 68.4008
5364 68.4008
5365 68.4008
5366 68.4008
5367 68.4008
5368 68.4008
5369 68.4008
5370 68.4008
5371 68.4008
5372 68.4008
5373 68.4008
5374 68.4008
5375 68.4008
5376 68.4008
5377 68.4008
5378 68.4008
5379 68.4008
5380 68.4008
5381 68.4008
5382 68.4008
5383 68.4008
5384 68.4008
5385 68.4008
5386 68.4008
5387 68.4008
5388 68.4008
5389 68.4008
5390 68.4008
5391 68.4008
5392 68.4008
5393 68.4008
5394 68.4008
5395 68.4008
5396 68.4008
5397 68.4008
5398 68.4008
5399 68.4008
5400 68.4008
5401 68.4008
5402 68.4008
5403 68.4008
5404 68.4008
5405 68.4008
5406 68.4008
5407 68.4008
5408 68.4008
5409 68.4008
5410 68.4008
5411 68.4008
5412 68.4008
5413 68.4008
5414 68.4008
5415 68.4008
5416 68.4008
5417 68.4008
5418 68.4008
5419 68.4008
5420 68.4008
5421 68.4008
5422 68.4008
5423 68.4008
5424 68.4008
5425 68.4008
5426 68.4008
5427 68.4008
5428 68.4008
5429 68.4008
5430 68.4008
5431 68.4008
5432 68.4008
5433 68.4008
5434 68.4008
5435 68.4008
5436 68.4008
5437 68.4008
5438 68.4008
5439 68.4008
5440 68.4008
5441 68.4008
5442 68.4008
5443 68.4008
5444 68.4008
5445 68.4008
5446 68.4008
5447 68.4008
5448 68.4008
5449 68.4008
5450 68.4008
5451 68.4008
5452 68.4008
5453 68.4008
5454 68.4008
5455 68.4008
5456 68.4008
5457 68.4008
5458 68.4008
5459 68.4008
5460 68.4008
5461 68.4008
5462 68.4008
5463 68.4008
5464 68.4008
5465 68.4008
5466 68.4008
5467 68.4008
5468 68.4008
5469 68.4008
5470 68.4008
5471 68.4008
5472 68.4008
5473 68.4008
5474 68.4008
5475 68.4008
5476 68.4008
5477 68.4008
5478 68.4008
5479 68.4008
5480 68.4008
5481 68.4008
5482 68.4008
5483 68.4008
5484 68.4008
5485 68.4008
5486 68.4008
5487 68.4008
5488 68.4008
5489 68.4008
5490 68.4008
5491 68.4008
5492 68.4008
5493 68.4008
5494 68.4008
5495 68.4008
5496 68.4008
5497 68.4008
5498 68.4008
5499 68.4008
5500 68.4008
5501 68.4008
5502 68.4008
5503 68.4008
5504 68.4008
5505 68.4008
5506 68.4008
5507 68.4008
5508 68.4008
5509 68.4008
5510 68.4008
5511 68.4008
5512 68.4008
5513 68.4008
5514 68.4008
5515 68.4008
5516 68.4008
5517 68.4008
5518 68.4008
5519 68.4008
5520 68.4008
5521 68.4008
5522 68.4008
5523 68.4008
5524 68.4008
5525 68.4008
5526 68.4008
5527 68.4008
5528 68.4008
5529 68.4008
5530 68.4008
5531 68.4008
5532 68.4008
5533 68.4008
5534 68.4008
5535 68.4008
5536 68.4008
5537 68.4008
5538 68.4008
5539 68.4008
5540 68.4008
5541 68.4008
5542 68.4008
5543 68.4008
5544 68.4008
5545 68.4008
5546 68.4008
5547 68.4008
5548 68.4008
5549 68.4008
5550 68.4008
5551 68.4008
5552 68.4008
5553 68.4008
5554 68.4008
5555 68.4008
5556 68.4008
5557 68.4008
5558 68.4008
5559 68.4008
5560 68.4008
5561 68.4008
5562 68.4008
5563 68.4008
5564 68.4008
5565 68.4008
5566 68.4008
5567 68.4008
5568 68.4008
5569 68.4008
5570 68.4008
5571 68.4008
5572 68.4008
5573 68.4008
5574 68.4008
5575 68.4008
5576 68.4008
5577 68.4008
5578 68.4008
5579 68.4008
5580 68.4008
5581 68.4008
5582 68.4008
5583 68.4008
5584 68.4008
5585 68.4008
5586 68.4008
5587 68.4008
5588 68.4008
5589 68.4008
5590 68.4008
5591 68.4008
5592 68.4008
5593 68.4008
5594 68.4008
5595 68.4008
5596 68.4008
5597 68.4008
5598 68.4008
5599 68.4008
5600 68.4008
5601 68.4008
5602 68.4008
5603 68.4008
5604 68.4008
5605 68.4008
5606 68.4008
5607 68.4008
5608 68.4008
5609 68.4008
5610 68.4008
5611 68.4008
5612 68.4008
5613 68.4008
5614 68.4008
5615 68.4008
5616 68.4008
5617 68.4008
5618 68.4008
5619 68.4008
5620 68.4008
5621 68.4008
5622 68.4008
5623 68.4008
5624 68.4008
5625 68.4008
5626 68.4008
5627 68.4008
5628 68.4008
5629 68.4008
5630 68.4008
5631 68.4008
5632 68.4008
5633 68.4008
5634 68.4008
5635 68.4008
5636 68.4008
5637 68.4008
5638 68.4008
5639 68.4008
5640 68.4008
5641 68.4008
5642 68.4008
5643 68.4008
5644 68.4008
5645 68.4008
5646 68.4008
5647 68.4008
5648 68.4008
5649 68.4008
5650 68.4008
5651 68.4008
5652 68.4008
5653 68.4008
5654 68.4008
5655 68.4008
5656 68.4008
5657 68.4008
5658 68.4008
5659 68.4008
5660 68.4008
5661 68.4008
5662 68.4008
5663 68.4008
5664 68.4008
5665 68.4008
5666 68.4008
5667 68.4008
5668 68.4008
5669 68.4008
5670 68.4008
5671 68.4008
5672 68.4008
5673 68.4008
5674 68.4008
5675 68.4008
5676 68.4008
5677 68.4008
5678 68.4008
5679 68.4008
5680 68.4008
5681 68.4008
5682 68.4008
5683 68.4008
5684 68.4008
5685 68.4008
5686 68.4008
5687 68.4008
5688 68.4008
5689 68.4008
5690 68.4008
5691 68.4008
5692 68.4008
5693 68.4008
5694 68.4008
5695 68.4008
5696 68.4008
5697 68.4008
5698 68.4008
5699 68.4008
5700 68.4008
5701 68.4008
5702 68.4008
5703 68.4008
5704 68.4008
5705 68.4008
5706 68.4008
5707 68.4008
5708 68.4008
5709 68.4008
5710 68.4008
5711 68.4008
5712 68.4008
5713 68.4008
5714 68.4008
5715 68.4008
5716 68.4008
5717 68.4008
5718 68.4008
5719 68.4008
5720 68.4008
5721 68.4008
5722 68.4008
5723 68.4008
5724 68.4008
5725 68.4008
5726 68.4008
5727 68.4008
5728 68.4008
5729 68.4008
5730 68.4008
5731 68.4008
5732 68.4008
5733 68.4008
5734 68.4008
5735 68.4008
5736 68.4008
5737 68.4008
5738 68.4008
5739 68.4008
5740 68.4008
5741 68.4008
5742 68.4008
5743 68.4008
5744 68.4008
5745 68.4008
5746 68.4008
5747 68.4008
5748 68.4008
5749 68.4008
5750 68.4008
5751 68.4008
5752 68.4008
5753 68.4008
5754 68.4008
5755 68.4008
5756 68.4008
5757 68.4008
5758 68.4008
5759 68.4008
5760 68.4008
5761 68.4008
5762 68.4008
5763 68.4008
5764 68.4008
5765 68.4008
5766 68.4008
5767 68.4008
5768 68.4008
5769 68.4008
5770 68.4008
5771 68.4008
5772 68.4008
5773 68.4008
5774 68.4008
5775 68.4008
5776 68.4008
5777 68.4008
5778 68.4008
5779 68.4008
5780 68.4008
5781 68.4008
5782 68.4008
5783 68.4008
5784 68.4008
5785 68.4008
5786 68.4008
5787 68.4008
5788 68.4008
5789 68.4008
5790 68.4008
5791 68.4008
5792 68.4008
5793 68.4008
5794 68.4008
5795 68.4008
5796 68.4008
5797 68.4008
5798 68.4008
5799 68.4008
5800 68.4008
5801 68.4008
5802 68.4008
5803 68.4008
5804 68.4008
5805 68.4008
5806 68.4008
5807 68.4008
5808 68.4008
5809 68.4008
5810 68.4008
5811 68.4008
5812 68.4008
5813 68.4008
5814 68.4008
5815 68.4008
5816 68.4008
5817 68.4008
5818 68.4008
5819 68.4008
5820 68.4008
5821 68.4008
5822 68.4008
5823 68.4008
5824 68.4008
5825 68.4008
5826 68.4008
5827 68.4008
5828 68.4008
5829 68.4008
5830 68.4008
5831 68.4008
5832 68.4008
5833 68.4008
5834 68.4008
5835 68.4008
5836 68.4008
5837 68.4008
5838 68.4008
5839 68.4008
5840 68.4008
5841 68.4008
5842 68.4008
5843 68.4008
5844 68.4008
5845 68.4008
5846 68.4008
5847 68.4008
5848 68.4008
5849 68.4008
5850 68.4008
5851 68.4008
5852 68.4008
5853 68.4008
5854 68.4008
5855 68.4008
5856 68.4008
5857 68.4008
5858 68.4008
5859 68.4008
5860 68.4008
5861 68.4008
5862 68.4008
5863 68.4008
5864 68.4008
5865 68.4008
5866 68.4008
5867 68.4008
5868 68.4008
5869 68.4008
5870 68.4008
5871 68.4008
5872 68.4008
5873 68.4008
5874 68.4008
5875 68.4008
5876 68.4008
5877 68.4008
5878 68.4008
5879 68.4008
5880 68.4008
5881 68.4008
5882 68.4008
5883 68.4008
5884 68.4008
5885 68.4008
5886 68.4008
5887 68.4008
5888 68.4008
5889 68.4008
5890 68.4008
5891 68.4008
5892 68.4008
5893 68.4008
5894 68.4008
5895 68.4008
5896 68.4008
5897 68.4008
5898 68.4008
5899 68.4008
5900 68.4008
5901 68.4008
5902 68.4008
5903 68.4008
5904 68.4008
5905 68.4008
5906 68.4008
5907 68.4008
5908 68.4008
5909 68.4008
5910 68.4008
5911 68.4008
5912 68.4008
5913 68.4008
5914 68.4008
5915 68.4008
5916 68.4008
5917 68.4008
5918 68.4008
5919 68.4008
5920 68.4008
5921 68.4008
5922 68.4008
5923 68.4008
5924 68.4008
5925 68.4008
5926 68.4008
5927 68.4008
5928 68.4008
5929 68.4008
5930 68.4008
5931 68.4008
5932 68.4008
5933 68.4008
5934 68.4008
5935 68.4008
5936 68.4008
5937 68.4008
5938 68.4008
5939 68.4008
5940 68.4008
5941 68.4008
5942 68.4008
5943 68.4008
5944 68.4008
5945 68.4008
5946 68.4008
5947 68.4008
5948 68.4008
5949 68.4008
5950 68.4008
5951 68.4008
5952 68.4008
5953 68.4008
5954 68.4008
5955 68.4008
5956 68.4008
5957 68.4008
5958 68.4008
5959 68.4008
5960 68.4008
5961 68.4008
5962 68.4008
5963 68.4008
5964 68.4008
5965 68.4008
5966 68.4008
5967 68.4008
5968 68.4008
5969 68.4008
5970 68.4008
5971 68.4008
5972 68.4008
5973 68.4008
5974 68.4008
5975 68.4008
5976 68.4008
5977 68.4008
5978 68.4008
5979 68.4008
5980 68.4008
5981 68.4008
5982 68.4008
5983 68.4008
5984 68.4008
5985 68.4008
5986 68.4008
5987 68.4008
5988 68.4008
5989 68.4008
5990 68.4008
5991 68.4008
5992 68.4008
5993 68.4008
5994 68.4008
5995 68.4008
5996 68.4008
5997 68.4008
5998 68.4008
5999 68.4008
