0 445.707
1 445.707
2 437.714
3 433.042
4 425.387
5 423.101
6 420.209
7 418.515
8 418.515
9 416.476
10 415.504
11 411.939
12 409.082
13 399.508
14 387.83
15 386.136
16 381.693
17 375.35
18 373.285
19 369.922
20 366.192
21 361.028
22 357.183
23 353.77
24 347.69
25 343.846
26 343.846
27 336.755
28 336.021
29 330.687
30 330.687
31 326.12
32 324.456
33 324.456
34 322.585
35 322.585
36 319.511
37 314.472
38 305.703
39 302.817
40 299.674
41 298.661
42 296.43
43 295.417
44 292.145
45 291.034
46 289.692
47 288.375
48 288.375
49 284.97
50 281.753
51 280.256
52 278.202
53 276.362
54 275.351
55 273.922
56 273.308
57 272.127
58 271.513
59 269.78
60 269.78
61 260.377
62 258.644
63 258.644
64 257.223
65 256.778
66 255.217
67 254.772
68 253.622
69 253.622
70 251.56
71 249.757
72 248.918
73 248.918
74 248.878
75 248.368
76 245.854
77 243.251
78 243.004
79 241.426
80 234.001
81 232.251
82 232.251
83 232.157
84 225.422
85 225.328
86 222.976
87 221.343
88 221.249
89 221.249
90 221.249
91 220.183
92 219.868
93 219.564
94 218.583
95 216.748
96 215.767
97 215.767
98 213.875
99 213.875
100 213.875
101 213.589
102 213.135
103 212.334
104 211.315
105 211.315
106 210.87
107 209.218
108 205.451
109 205.088
110 200.005
111 199.63
112 198.271
113 198.271
114 195.826
115 195.826
116 195.477
117 192.783
118 191.709
119 189.106
120 186.006
121 186.006
122 184.248
123 178.683
124 178.683
125 177.23
126 176.855
127 171.852
128 170.331
129 169.596
130 168.699
131 167.964
132 167.964
133 167.443
134 167.411
135 167.411
136 167.252
137 167.22
138 167.22
139 167.22
140 167.207
141 166
142 165.685
143 164.544
144 163.74
145 162.267
146 162.033
147 162.033
148 162.033
149 161.748
150 161.514
151 160.863
152 160.863
153 160.863
154 159.714
155 158.7
156 158.7
157 153.949
158 153.62
159 153.413
160 152.718
161 152.065
162 150.957
163 150.957
164 150.957
165 150.957
166 150.937
167 149.756
168 146.114
169 146.114
170 144.625
171 144.625
172 144.625
173 144.625
174 144.525
175 143.917
176 141.275
177 141.275
178 141.275
179 141.275
180 141.275
181 141.275
182 141.275
183 141.275
184 141.275
185 141.275
186 141.148
187 141.148
188 141.148
189 141.148
190 141.148
191 141.148
192 139.752
193 139.752
194 139.104
195 138.379
196 135.624
197 135.624
198 135.552
199 135.31
200 135.119
201 134.047
202 133.675
203 133.675
204 132.964
205 132.964
206 132.525
207 132.525
208 132.238
209 132.026
210 130.419
211 129.693
212 129.693
213 129.49
214 129.49
215 129.49
216 128.837
217 128.837
218 128.732
219 128.602
220 128.497
221 128.497
222 128.485
223 126.802
224 126.798
225 126.798
226 126.798
227 126.798
228 125.889
229 125.889
230 124.89
231 124.854
232 123.855
233 123.855
234 123.354
235 123.354
236 123.354
237 123.354
238 123.354
239 122.943
240 122.943
241 122.943
242 122.769
243 121.806
244 121.806
245 121.806
246 121.806
247 121.806
248 121.638
249 121.28
250 121.28
251 119.788
252 119.43
253 118.697
254 118.145
255 118.145
256 118.145
257 118.145
258 117.249
259 116.74
260 115.844
261 115.844
262 115.844
263 115.844
264 115.844
265 115.469
266 115.469
267 115.469
268 115.469
269 115.469
270 115.469
271 115.469
272 115.469
273 115.469
274 115.469
275 115.469
276 115.234
277 115.234
278 115.234
279 115.234
280 114.966
281 114.914
282 114.91
283 114.898
284 114.894
285 114.661
286 114.661
287 114.661
288 114.661
289 113.293
290 113.255
291 113.255
292 113.255
293 113.255
294 113.255
295 113.255
296 113.255
297 113.224
298 113.224
299 113.224
300 113.224
301 113.224
302 113.224
303 113.224
304 113.224
305 113.224
306 112.27
307 112.27
308 112.27
309 112.27
310 112.27
311 112.27
312 112.129
313 112.129
314 112.129
315 112.129
316 111.686
317 111.686
318 111.686
319 111.686
320 111.05
321 111.05
322 110.96
323 109.89
324 109.89
325 109.89
326 109.691
327 109.691
328 109.691
329 109.691
330 109.691
331 109.691
332 109.691
333 109.691
334 109.691
335 109.691
336 108.995
337 108.995
338 108.995
339 108.995
340 108.995
341 108.995
342 108.995
343 108.995
344 108.995
345 108.995
346 108.995
347 108.863
348 108.863
349 108.863
350 108.863
351 108.863
352 108.863
353 108.863
354 108.863
355 108.863
356 108.863
357 108.863
358 108.863
359 107.944
360 107.944
361 106.841
362 106.841
363 106.841
364 106.841
365 106.841
366 106.841
367 105.977
368 105.977
369 105.977
370 105.977
371 105.977
372 105.977
373 105.977
374 105.977
375 105.977
376 105.977
377 105.977
378 105.977
379 105.977
380 105.977
381 105.977
382 105.977
383 105.977
384 105.977
385 105.977
386 105.977
387 105.977
388 105.297
389 104.91
390 104.91
391 104.16
392 103.465
393 103.465
394 103.465
395 103.465
396 103.465
397 103.465
398 103.465
399 103.465
400 103.465
401 103.465
402 103.465
403 103.465
404 103.465
405 102.231
406 101.946
407 101.246
408 101.246
409 101.246
410 101.246
411 101.246
412 101.246
413 101.246
414 101.246
415 101.246
416 100.931
417 100.931
418 100.931
419 100.931
420 100.931
421 100.931
422 100.931
423 100.614
424 100.614
425 100.614
426 100.614
427 100.103
428 100.103
429 100.103
430 100.1
431 100.1
432 99.1022
433 98.8343
434 98.8343
435 98.8343
436 98.8343
437 98.8343
438 98.8343
439 98.8343
440 98.8343
441 98.8343
442 98.8343
443 98.8343
444 98.8343
445 98.8343
446 98.8343
447 97.8537
448 97.8537
449 97.8537
450 97.8537
451 97.8537
452 97.8537
453 97.8537
454 97.7769
455 97.7769
456 97.7769
457 97.7667
458 97.7667
459 97.7667
460 97.7667
461 97.0577
462 97.0475
463 96.4706
464 96.4604
465 96.4604
466 96.4604
467 96.4604
468 96.4604
469 96.4604
470 96.4604
471 96.4604
472 96.4585
473 96.4585
474 96.4585
475 96.4585
476 96.4585
477 96.4585
478 96.4585
479 96.4585
480 96.0897
481 95.9934
482 95.9934
483 95.9934
484 95.9934
485 95.4334
486 95.4334
487 95.4334
488 95.4334
489 95.4334
490 95.4334
491 95.4334
492 95.4334
493 95.4334
494 95.4334
495 95.4334
496 95.4334
497 95.4334
498 95.4334
499 95.4334
500 94.8016
501 94.8016
502 94.8016
503 94.8016
504 94.8016
505 94.8016
506 94.8016
507 94.8016
508 94.8016
509 94.8016
510 94.8016
511 94.8016
512 94.8016
513 94.8016
514 94.8016
515 94.8016
516 94.8016
517 94.8016
518 94.8016
519 94.7981
520 94.7981
521 94.7981
522 94.7981
523 94.7981
524 94.3621
525 94.3621
526 94.3621
527 94.3621
528 94.2589
529 94.2589
530 94.0246
531 94.0246
532 94.0246
533 94.0246
534 94.0246
535 94.0246
536 94.0246
537 94.0246
538 94.0246
539 94.0246
540 94.0246
541 94.0246
542 94.0246
543 94.0246
544 94.0246
545 94.0246
546 94.0246
547 94.0246
548 93.5463
549 93.5463
550 93.5463
551 93.5463
552 93.5463
553 93.5463
554 93.5463
555 93.5463
556 93.5463
557 93.5463
558 93.5463
559 93.5463
560 92.6355
561 92.6355
562 92.6355
563 92.6355
564 92.6355
565 92.6355
566 92.6355
567 92.3965
568 92.3965
569 92.3965
570 92.3965
571 92.3965
572 92.3965
573 92.3355
574 92.3355
575 92.3355
576 92.3355
577 92.3355
578 92.3355
579 92.3355
580 92.3355
581 92.3355
582 92.3355
583 92.3355
584 92.3355
585 92.3355
586 92.3355
587 92.3355
588 92.3355
589 92.3355
590 92.3355
591 91.8965
592 91.8965
593 91.8965
594 91.8965
595 91.8965
596 91.8965
597 91.8965
598 91.8965
599 91.8965
600 91.8965
601 91.8965
602 91.8965
603 91.8965
604 91.8965
605 91.8965
606 91.8965
607 91.8965
608 91.6765
609 91.6765
610 91.6765
611 91.6765
612 91.6765
613 91.6765
614 91.2586
615 91.2586
616 91.2586
617 91.2586
618 91.2586
619 91.2586
620 91.2586
621 91.2586
622 91.2586
623 91.2586
624 90.8594
625 90.8594
626 90.8594
627 90.8594
628 90.8594
629 90.8594
630 90.8594
631 90.8594
632 90.8594
633 90.8594
634 90.8594
635 90.8594
636 90.8594
637 90.8594
638 90.8594
639 90.8594
640 90.6654
641 90.6654
642 90.6654
643 90.6654
644 90.6654
645 90.6654
646 90.6654
647 90.6654
648 90.6654
649 90.6654
650 90.6654
651 90.6484
652 90.6484
653 90.6484
654 90.6484
655 90.6484
656 90.6484
657 90.6467
658 90.3993
659 90.3993
660 90.3993
661 90.3993
662 90.3993
663 90.3993
664 89.8639
665 89.8639
666 89.8639
667 89.8639
668 89.8639
669 89.8639
670 89.8639
671 89.8639
672 89.7993
673 89.7434
674 89.7434
675 89.7434
676 89.7434
677 89.7434
678 89.7434
679 89.7434
680 89.7434
681 89.7434
682 89.7434
683 89.7434
684 89.7434
685 89.7434
686 89.7434
687 89.7434
688 89.7434
689 89.7434
690 89.7434
691 89.7434
692 89.7434
693 89.7434
694 89.7434
695 89.7434
696 89.7434
697 89.5152
698 89.5152
699 89.5152
700 89.5152
701 89.5152
702 89.5152
703 89.5152
704 88.7505
705 88.7505
706 88.7505
707 88.7505
708 88.7505
709 88.7505
710 88.7505
711 88.7505
712 88.7505
713 88.7505
714 88.7505
715 88.1609
716 88.1609
717 88.1609
718 88.1277
719 88.1277
720 87.6998
721 87.6998
722 87.6998
723 87.6998
724 87.6998
725 87.6998
726 87.4373
727 87.4373
728 87.2471
729 87.2471
730 87.2471
731 87.2471
732 87.2471
733 87.2471
734 87.2471
735 87.2471
736 87.2471
737 87.2471
738 87.2471
739 87.2471
740 87.2471
741 87.2471
742 87.2471
743 87.2471
744 87.2471
745 87.2471
746 87.2471
747 87.2471
748 87.2471
749 87.2471
750 87.2471
751 87.2471
752 87.2471
753 87.2471
754 87.2471
755 87.2471
756 87.2471
757 87.2471
758 87.2471
759 87.2471
760 87.2471
761 87.2471
762 87.2471
763 87.2471
764 87.2471
765 87.2471
766 87.2471
767 87.2471
768 87.2471
769 87.2471
770 87.2471
771 87.2471
772 87.2471
773 87.2471
774 87.2471
775 87.2471
776 87.2471
777 87.2471
778 87.2471
779 87.2471
780 87.2471
781 87.2471
782 87.2471
783 87.2471
784 87.2471
785 87.2471
786 87.2471
787 87.2471
788 87.2471
789 87.2471
790 86.427
791 86.427
792 86.427
793 86.427
794 86.427
795 86.427
796 86.427
797 85.8837
798 85.8837
799 85.8837
800 85.8837
801 85.8837
802 85.6804
803 85.6804
804 85.6804
805 85.6804
806 85.6804
807 85.6804
808 85.6804
809 85.6804
810 85.6804
811 85.6804
812 85.6804
813 85.6804
814 85.6804
815 85.6804
816 85.6804
817 85.6804
818 85.6804
819 85.6804
820 85.6804
821 85.6804
822 85.6804
823 85.6804
824 85.6804
825 85.6804
826 85.6804
827 85.6804
828 85.6804
829 85.5203
830 85.5203
831 85.5137
832 85.5137
833 85.5137
834 85.5137
835 85.5137
836 85.5137
837 85.5137
838 85.5137
839 85.5137
840 85.5137
841 85.5137
842 85.5137
843 85.5137
844 85.5137
845 85.5137
846 85.5137
847 85.5137
848 85.5137
849 85.5137
850 85.5137
851 85.5137
852 85.5137
853 85.5137
854 85.5137
855 85.5137
856 85.5137
857 85.5137
858 85.5137
859 85.5137
860 85.5137
861 85.5137
862 85.5137
863 85.5137
864 85.5137
865 85.5137
866 85.5137
867 85.5137
868 85.5137
869 85.4813
870 85.4813
871 85.4813
872 85.4813
873 85.4813
874 85.4813
875 85.4813
876 85.4813
877 85.4813
878 85.4813
879 85.4813
880 85.4813
881 85.4813
882 85.4813
883 85.4813
884 85.4813
885 85.4813
886 85.4813
887 85.4813
888 85.4813
889 85.4813
890 85.4813
891 85.4813
892 85.4813
893 85.4813
894 85.4813
895 85.4813
896 85.4813
897 85.4813
898 85.4813
899 85.4813
900 85.4813
901 85.4813
902 85.4813
903 85.4813
904 85.4813
905 85.2105
906 85.2105
907 85.2105
908 85.2105
909 85.2105
910 85.2105
911 85.2105
912 85.2105
913 85.2105
914 85.2105
915 85.2105
916 85.2105
917 85.2105
918 85.2105
919 85.2105
920 85.2105
921 85.2105
922 85.2105
923 85.1737
924 85.1737
925 85.1434
926 85.1434
927 85.1434
928 84.7883
929 84.7883
930 84.7883
931 84.7883
932 84.7883
933 84.7883
934 84.7883
935 84.7883
936 84.7883
937 84.7883
938 84.7883
939 84.7883
940 84.7883
941 84.7883
942 84.7883
943 84.7883
944 84.7883
945 84.7883
946 84.7883
947 84.7883
948 83.937
949 83.937
950 83.4315
951 83.4315
952 83.4315
953 83.4315
954 83.4315
955 83.4315
956 83.4315
957 83.4315
958 83.4315
959 82.85
960 82.85
961 82.85
962 82.4791
963 82.4791
964 82.4791
965 82.4791
966 82.4791
967 82.4791
968 82.1668
969 82.1668
970 82.1668
971 82.1668
972 82.1668
973 82.1668
974 82.1668
975 82.1668
976 82.1668
977 82.1668
978 82.1668
979 82.1668
980 82.1668
981 82.1668
982 82.1668
983 82.1668
984 82.1668
985 82.1668
986 82.1668
987 82.1668
988 82.1668
989 82.1668
990 82.1668
991 82.1668
992 80.911
993 80.911
994 80.911
995 80.911
996 80.911
997 80.911
998 80.6753
999 80.6753
1000 80.6753
1001 80.6476
1002 80.6476
1003 80.6476
1004 80.6476
1005 80.6476
1006 80.6476
1007 80.6476
1008 80.6476
1009 80.6476
1010 80.6476
1011 80.6476
1012 80.6476
1013 80.6476
1014 80.6476
1015 80.6476
1016 80.4404
1017 80.4404
1018 80.4404
1019 80.4404
1020 80.4404
1021 80.4404
1022 80.4404
1023 80.4404
1024 80.4404
1025 80.4404
1026 80.4404
1027 80.4404
1028 80.3313
1029 80.3313
1030 80.3313
1031 80.3313
1032 80.3313
1033 80.3313
1034 80.3313
1035 80.3313
1036 80.3313
1037 80.3313
1038 80.3313
1039 80.3313
1040 80.3313
1041 80.3313
1042 80.3313
1043 80.3313
1044 80.3313
1045 80.3313
1046 80.3313
1047 80.3313
1048 80.3313
1049 80.3313
1050 80.3313
1051 80.3313
1052 80.3313
1053 80.3313
1054 80.3313
1055 80.3313
1056 80.3313
1057 80.3313
1058 80.3313
1059 80.3313
1060 80.3313
1061 80.3313
1062 80.3313
1063 80.3313
1064 80.0571
1065 80.0571
1066 80.0571
1067 80.0571
1068 80.0571
1069 80.0571
1070 80.0571
1071 80.0571
1072 80.0571
1073 80.0571
1074 80.0571
1075 80.0571
1076 80.0571
1077 80.0571
1078 80.0571
1079 80.0571
1080 80.0571
1081 80.0571
1082 80.0571
1083 80.0571
1084 80.0571
1085 80.0571
1086 80.0571
1087 80.0571
1088 80.0571
1089 80.0571
1090 80.0571
1091 80.0571
1092 80.0571
1093 80.0571
1094 80.0571
1095 80.0571
1096 80.0571
1097 80.0571
1098 80.0571
1099 80.0571
1100 80.0571
1101 80.0571
1102 80.0571
1103 80.0087
1104 80.0087
1105 80.0087
1106 80.0087
1107 80.0087
1108 80.0087
1109 80.0087
1110 80.0087
1111 80.0087
1112 80.0087
1113 80.0087
1114 80.0087
1115 80.0087
1116 80.0087
1117 80.0087
1118 80.0087
1119 80.0087
1120 80.0087
1121 80.0087
1122 80.0087
1123 80.0087
1124 80.0087
1125 80.0087
1126 80.0087
1127 80.0087
1128 80.0087
1129 80.0087
1130 80.0087
1131 80.0087
1132 80.0087
1133 80.0087
1134 80.0087
1135 80.0087
1136 80.0087
1137 80.0087
1138 80.0087
1139 80.0087
1140 80.0087
1141 80.0087
1142 80.0087
1143 80.0087
1144 80.0087
1145 80.0087
1146 80.0087
1147 80.0087
1148 80.0087
1149 80.0087
1150 80.0087
1151 80.0087
1152 80.0087
1153 80.0087
1154 80.0087
1155 80.0087
1156 80.0087
1157 80.0087
1158 80.0087
1159 80.0087
1160 80.0087
1161 79.1955
1162 79.1955
1163 79.1955
1164 79.1955
1165 79.1955
1166 79.1955
1167 79.1955
1168 79.1955
1169 79.1955
1170 79.1955
1171 79.1955
1172 79.1955
1173 79.1955
1174 79.155
1175 79.155
1176 79.155
1177 79.155
1178 79.155
1179 79.155
1180 79.155
1181 79.155
1182 79.155
1183 79.155
1184 79.155
1185 79.155
1186 79.155
1187 79.155
1188 79.155
1189 79.155
1190 79.155
1191 79.155
1192 79.155
1193 79.155
1194 79.155
1195 79.155
1196 79.155
1197 79.155
1198 79.155
1199 79.155
1200 79.155
1201 79.155
1202 79.155
1203 79.155
1204 78.8817
1205 78.8817
1206 78.8817
1207 78.8817
1208 78.8817
1209 78.8817
1210 78.8817
1211 78.8817
1212 78.8817
1213 78.8817
1214 78.8817
1215 78.8817
1216 78.8817
1217 78.8817
1218 78.8817
1219 78.8817
1220 78.8817
1221 78.8817
1222 78.8817
1223 78.8817
1224 78.8817
1225 78.8817
1226 78.8817
1227 78.8817
1228 78.8817
1229 78.8817
1230 78.8817
1231 78.8817
1232 78.8817
1233 78.8817
1234 78.8817
1235 78.8817
1236 78.8817
1237 78.8817
1238 78.8817
1239 78.8817
1240 78.8817
1241 78.8817
1242 78.8817
1243 78.8817
1244 78.8817
1245 78.8817
1246 78.8817
1247 78.8817
1248 78.8817
1249 78.8817
1250 78.8817
1251 78.8817
1252 78.8817
1253 78.8817
1254 78.8817
1255 78.8817
1256 78.8817
1257 78.8817
1258 78.8817
1259 78.8817
1260 78.8817
1261 78.8817
1262 78.8817
1263 78.8817
1264 78.8817
1265 78.8817
1266 78.8817
1267 78.8817
1268 78.8817
1269 78.8817
1270 78.8817
1271 78.8817
1272 78.8817
1273 78.8817
1274 78.8817
1275 78.8817
1276 78.8817
1277 78.8817
1278 78.8817
1279 78.8817
1280 78.8817
1281 78.8817
1282 78.8817
1283 78.8817
1284 78.8817
1285 78.8817
1286 78.8817
1287 78.8817
1288 78.8817
1289 78.8817
1290 78.8817
1291 78.8817
1292 78.8817
1293 78.8817
1294 78.8817
1295 78.8817
1296 78.8817
1297 78.8817
1298 78.8817
1299 78.8817
1300 78.8817
1301 78.8817
1302 78.8817
1303 78.8817
1304 78.8817
1305 78.8817
1306 78.8817
1307 78.8817
1308 78.8817
1309 78.8817
1310 78.8817
1311 77.4671
1312 77.4671
1313 77.4671
1314 77.4671
1315 77.4671
1316 77.4671
1317 77.4671
1318 77.4671
1319 77.4671
1320 77.4671
1321 77.4671
1322 77.4671
1323 77.4671
1324 77.4671
1325 77.4671
1326 77.4671
1327 77.4671
1328 77.4671
1329 77.4671
1330 77.4671
1331 77.4671
1332 77.4671
1333 77.4671
1334 77.4671
1335 77.4671
1336 77.4671
1337 77.4671
1338 77.4671
1339 77.4671
1340 77.4671
1341 77.4671
1342 77.4671
1343 77.2701
1344 77.2701
1345 77.2701
1346 77.2701
1347 77.2701
1348 77.2701
1349 77.2701
1350 77.2701
1351 77.2701
1352 77.2701
1353 77.2701
1354 77.2701
1355 77.2701
1356 77.2701
1357 77.2701
1358 77.2701
1359 77.2701
1360 77.2701
1361 77.2701
1362 77.2701
1363 77.2701
1364 77.2701
1365 77.2701
1366 77.2701
1367 77.2701
1368 77.2701
1369 77.2701
1370 77.2701
1371 77.2701
1372 77.2701
1373 77.2701
1374 77.2701
1375 77.2701
1376 77.2701
1377 77.2701
1378 77.2701
1379 77.2701
1380 77.2701
1381 77.2701
1382 77.2701
1383 77.2701
1384 77.2701
1385 77.2701
1386 77.2701
1387 77.2701
1388 77.2701
1389 77.2701
1390 77.2701
1391 77.2701
1392 77.2701
1393 77.2701
1394 77.2701
1395 77.1375
1396 77.1375
1397 77.1375
1398 77.1375
1399 77.1375
1400 77.1375
1401 77.1375
1402 77.1375
1403 77.1375
1404 77.1375
1405 77.1375
1406 77.1375
1407 77.1375
1408 77.1375
1409 77.1375
1410 77.1375
1411 77.1375
1412 77.1375
1413 77.1375
1414 77.1375
1415 77.1375
1416 77.1375
1417 77.1375
1418 77.1375
1419 77.1375
1420 77.1375
1421 77.1375
1422 77.1375
1423 77.1375
1424 77.1375
1425 77.1375
1426 77.1375
1427 76.9874
1428 76.9874
1429 76.9874
1430 76.9874
1431 76.9874
1432 76.9874
1433 76.9874
1434 76.9874
1435 76.9874
1436 76.9874
1437 76.9874
1438 76.9874
1439 76.9874
1440 76.9874
1441 76.9874
1442 76.9874
1443 76.9874
1444 76.9874
1445 76.9874
1446 76.9874
1447 76.9874
1448 76.9874
1449 76.9874
1450 76.9874
1451 76.9874
1452 76.9874
1453 76.9874
1454 76.9874
1455 76.9874
1456 76.9874
1457 76.9874
1458 76.9874
1459 76.9874
1460 76.9874
1461 76.9874
1462 76.9874
1463 76.3482
1464 76.3482
1465 76.3482
1466 76.3482
1467 76.3482
1468 76.3482
1469 76.3482
1470 76.3482
1471 76.3482
1472 76.3482
1473 76.3482
1474 76.3482
1475 76.3482
1476 76.3482
1477 76.3482
1478 76.3482
1479 76.3482
1480 76.3482
1481 76.3482
1482 76.3482
1483 76.3482
1484 76.3482
1485 76.3482
1486 76.3482
1487 76.3482
1488 76.3482
1489 76.3482
1490 76.3482
1491 76.3482
1492 75.9694
1493 75.9694
1494 75.9694
1495 75.9694
1496 75.9694
1497 75.9694
1498 75.9694
1499 75.9694
1500 75.9694
1501 75.9694
1502 75.9694
1503 75.9694
1504 75.9694
1505 75.9694
1506 75.1132
1507 75.1132
1508 75.1132
1509 75.1132
1510 75.1132
1511 75.1132
1512 75.1132
1513 75.1132
1514 75.1132
1515 75.1132
1516 75.1132
1517 75.1132
1518 75.1132
1519 75.1132
1520 75.1132
1521 75.1132
1522 75.1132
1523 75.1132
1524 75.1132
1525 75.1132
1526 75.1132
1527 75.1132
1528 75.1132
1529 75.1132
1530 75.1132
1531 75.1132
1532 75.1132
1533 75.1132
1534 75.1132
1535 75.1132
1536 75.1132
1537 75.1132
1538 75.1132
1539 75.1132
1540 75.1132
1541 75.1132
1542 75.1132
1543 75.1132
1544 75.1132
1545 75.1132
1546 75.1132
1547 75.1132
1548 75.1132
1549 75.1132
1550 75.1132
1551 75.1132
1552 75.1132
1553 75.1132
1554 75.1132
1555 75.1132
1556 75.1132
1557 75.1132
1558 75.1132
1559 75.1132
1560 75.1132
1561 75.1132
1562 75.1132
1563 75.1132
1564 75.1132
1565 75.1132
1566 75.1132
1567 75.1132
1568 75.1132
1569 75.1132
1570 75.1132
1571 75.1132
1572 74.8712
1573 74.8712
1574 74.8712
1575 74.8712
1576 74.8712
1577 74.8712
1578 74.8712
1579 74.8712
1580 74.8712
1581 74.8712
1582 74.8712
1583 74.8712
1584 74.8712
1585 74.8712
1586 74.8712
1587 74.8712
1588 74.8712
1589 74.8712
1590 74.8712
1591 74.8712
1592 74.8712
1593 74.8712
1594 74.8712
1595 74.8712
1596 74.8712
1597 74.8712
1598 74.8712
1599 74.8712
1600 74.8712
1601 74.8712
1602 74.8712
1603 74.8712
1604 74.8712
1605 74.8712
1606 74.8712
1607 74.8712
1608 74.8712
1609 74.8712
1610 74.8712
1611 74.8712
1612 74.8712
1613 74.8712
1614 74.8712
1615 74.8712
1616 74.8712
1617 74.8712
1618 74.8712
1619 74.8712
1620 74.8712
1621 74.8712
1622 74.6044
1623 74.6044
1624 74.6044
1625 74.6044
1626 74.6044
1627 74.6044
1628 74.6044
1629 74.6044
1630 74.6044
1631 74.6044
1632 74.6044
1633 74.6044
1634 74.6044
1635 74.6044
1636 74.6044
1637 74.6044
1638 74.6044
1639 74.6044
1640 74.6044
1641 74.6044
1642 74.6044
1643 74.6044
1644 74.6044
1645 74.6044
1646 74.6044
1647 74.6044
1648 74.6044
1649 74.6044
1650 74.6044
1651 74.6044
1652 74.6044
1653 74.6044
1654 74.6044
1655 74.6044
1656 74.6044
1657 74.6044
1658 74.6044
1659 74.6044
1660 74.6044
1661 74.6044
1662 74.6044
1663 74.6044
1664 74.6044
1665 74.6044
1666 74.6044
1667 74.6044
1668 74.6044
1669 74.6044
1670 74.6044
1671 74.6044
1672 74.6044
1673 74.6044
1674 74.6044
1675 74.6044
1676 74.6044
1677 74.6044
1678 74.6044
1679 74.3003
1680 73.6658
1681 73.6658
1682 73.6658
1683 73.6658
1684 73.6658
1685 73.6658
1686 73.6658
1687 73.6658
1688 73.6658
1689 73.6658
1690 73.5931
1691 73.5931
1692 73.5931
1693 73.5931
1694 73.5931
1695 73.5931
1696 73.2067
1697 73.2067
1698 73.2067
1699 73.2067
1700 73.2067
1701 73.2067
1702 73.2067
1703 73.2067
1704 73.2067
1705 73.2067
1706 73.2067
1707 73.2067
1708 73.2067
1709 73.2067
1710 73.2067
1711 73.2067
1712 73.2067
1713 73.2067
1714 72.9424
1715 72.9424
1716 72.9424
1717 72.9424
1718 72.9424
1719 72.9424
1720 72.9424
1721 72.9424
1722 72.9424
1723 72.9424
1724 72.9424
1725 72.9424
1726 72.9424
1727 72.9424
1728 72.9424
1729 72.9424
1730 72.9424
1731 72.9424
1732 72.9424
1733 72.9424
1734 72.9424
1735 72.9424
1736 72.9424
1737 72.9424
1738 72.9424
1739 72.9424
1740 72.9424
1741 72.9424
1742 72.9424
1743 72.9424
1744 72.9424
1745 72.9424
1746 72.9424
1747 72.9424
1748 72.9424
1749 72.9424
1750 72.9424
1751 72.7251
1752 72.7251
1753 72.7251
1754 72.7251
1755 72.7251
1756 72.7251
1757 72.7251
1758 72.7251
1759 72.7251
1760 72.7251
1761 72.7251
1762 72.7251
1763 72.7251
1764 72.7251
1765 72.7251
1766 72.7251
1767 72.7251
1768 72.7251
1769 72.7251
1770 72.7251
1771 72.7251
1772 72.7251
1773 72.7251
1774 72.7251
1775 72.7251
1776 72.7251
1777 72.7251
1778 72.7251
1779 72.7251
1780 72.7251
1781 72.7251
1782 72.7251
1783 72.7251
1784 72.7251
1785 72.7251
1786 72.7251
1787 72.7251
1788 72.7251
1789 72.7251
1790 72.7251
1791 72.7251
1792 72.7251
1793 72.7251
1794 72.7251
1795 72.7251
1796 72.7251
1797 72.7251
1798 72.7251
1799 72.7251
1800 72.7251
1801 72.7251
1802 72.7251
1803 72.7251
1804 72.7251
1805 72.7251
1806 72.7251
1807 72.7251
1808 72.7251
1809 72.7251
1810 72.7251
1811 72.7251
1812 72.7251
1813 72.7251
1814 72.7251
1815 72.7251
1816 72.7251
1817 72.7251
1818 72.7251
1819 72.7251
1820 72.7251
1821 72.7251
1822 72.7251
1823 72.7251
1824 72.7251
1825 72.7251
1826 72.7251
1827 72.7251
1828 72.7251
1829 72.7251
1830 72.7251
1831 72.7251
1832 72.7251
1833 72.7251
1834 72.7251
1835 72.7251
1836 72.7251
1837 72.7251
1838 72.7251
1839 72.7251
1840 72.7251
1841 72.7251
1842 72.7251
1843 72.7251
1844 72.7251
1845 72.7251
1846 72.7251
1847 72.7251
1848 72.7251
1849 72.7251
1850 72.7251
1851 72.7251
1852 72.7251
1853 72.7251
1854 72.7251
1855 72.7251
1856 72.7251
1857 72.7251
1858 72.7251
1859 72.7251
1860 72.7251
1861 72.7251
1862 72.7251
1863 72.7251
1864 72.7251
1865 72.7251
1866 72.7251
1867 72.7251
1868 72.7251
1869 72.7251
1870 72.7251
1871 72.7251
1872 72.7251
1873 72.7251
1874 72.7251
1875 72.7251
1876 72.7251
1877 72.7251
1878 72.7251
1879 72.7251
1880 72.7251
1881 72.7251
1882 72.7251
1883 72.7251
1884 72.7251
1885 72.7251
1886 72.7251
1887 72.7251
1888 72.7251
1889 72.7251
1890 72.7251
1891 72.7251
1892 72.7251
1893 72.7251
1894 72.7251
1895 72.7251
1896 72.7251
1897 72.7251
1898 72.7251
1899 72.7251
1900 72.7251
1901 72.7251
1902 72.7251
1903 72.7251
1904 72.7251
1905 72.7251
1906 72.7251
1907 72.7251
1908 72.7251
1909 72.7251
1910 72.7251
1911 72.7251
1912 72.7251
1913 72.7251
1914 72.7251
1915 72.7251
1916 72.7251
1917 72.7251
1918 72.7251
1919 72.7251
1920 72.7251
1921 72.7251
1922 72.7251
1923 72.7251
1924 72.7251
1925 72.7251
1926 72.7251
1927 72.7251
1928 72.7251
1929 72.7251
1930 72.7251
1931 72.7251
1932 72.7251
1933 72.7251
1934 72.7251
1935 72.7251
1936 72.7251
1937 72.7251
1938 72.7251
1939 72.7251
1940 72.7251
1941 72.7251
1942 72.7251
1943 72.7251
1944 72.7251
1945 72.7251
1946 72.7251
1947 72.7251
1948 72.7251
1949 72.7251
1950 72.7251
1951 72.7251
1952 72.7251
1953 72.7251
1954 72.7251
1955 72.1792
1956 72.1792
1957 72.1792
1958 72.1792
1959 72.1792
1960 72.1792
1961 72.1792
1962 72.1792
1963 72.1792
1964 72.1792
1965 72.1792
1966 72.1792
1967 72.1792
1968 72.1792
1969 72.1792
1970 72.1792
1971 72.1792
1972 72.1792
1973 72.1792
1974 72.1792
1975 72.1792
1976 72.1792
1977 72.1792
1978 72.1792
1979 72.1792
1980 72.1792
1981 72.1792
1982 72.1792
1983 72.1792
1984 72.1792
1985 72.1792
1986 72.1792
1987 72.1792
1988 72.1792
1989 72.1792
1990 72.1792
1991 72.1792
1992 72.1792
1993 72.1792
1994 72.1792
1995 72.1792
1996 72.1792
1997 72.1792
1998 72.1792
1999 71.7729
2000 71.7729
2001 71.7729
2002 71.7729
2003 71.7729
2004 71.7729
2005 71.7729
2006 71.7729
2007 71.7729
2008 71.7729
2009 71.7729
2010 71.7729
2011 71.7729
2012 71.7729
2013 71.7729
2014 71.7729
2015 71.7729
2016 71.7729
2017 71.7729
2018 71.7729
2019 71.7729
2020 71.7729
2021 71.7729
2022 71.7729
2023 71.7729
2024 71.7729
2025 71.7729
2026 71.7729
2027 71.7729
2028 71.7729
2029 71.7729
2030 71.7729
2031 71.7729
2032 71.7729
2033 71.7729
2034 71.7729
2035 71.7729
2036 71.7729
2037 71.7729
2038 71.7729
2039 71.7729
2040 71.7729
2041 71.7729
2042 71.7729
2043 71.7729
2044 71.7729
2045 71.7729
2046 71.7729
2047 71.7729
2048 71.7729
2049 71.7729
2050 71.7729
2051 71.7729
2052 71.7729
2053 71.7729
2054 71.7729
2055 71.7729
2056 71.7729
2057 71.7729
2058 71.7729
2059 71.7729
2060 71.7729
2061 71.7729
2062 71.7729
2063 71.7729
2064 71.7729
2065 71.7729
2066 71.7729
2067 71.7729
2068 71.7729
2069 71.7729
2070 71.7729
2071 71.7729
2072 71.7729
2073 71.7729
2074 71.7729
2075 71.7729
2076 71.7729
2077 71.7729
2078 71.7729
2079 71.7729
2080 71.7729
2081 71.7729
2082 71.7729
2083 71.7729
2084 71.7729
2085 71.7729
2086 71.7729
2087 71.7729
2088 71.7729
2089 71.7729
2090 71.7729
2091 71.7729
2092 71.7729
2093 71.7729
2094 71.7729
2095 71.7729
2096 71.7729
2097 71.7729
2098 71.7729
2099 71.7729
2100 71.7729
2101 71.7729
2102 71.7729
2103 71.7729
2104 71.7729
2105 71.7729
2106 71.7729
2107 71.7729
2108 71.7729
2109 71.7729
2110 71.7729
2111 71.7729
2112 71.7729
2113 71.7729
2114 71.7729
2115 71.7729
2116 71.6976
2117 71.6976
2118 71.6976
2119 71.6976
2120 71.6976
2121 71.6976
2122 71.6976
2123 71.6976
2124 71.6976
2125 71.6976
2126 71.6976
2127 71.6976
2128 71.6976
2129 71.6976
2130 71.6976
2131 71.6976
2132 71.6976
2133 71.6976
2134 71.6976
2135 71.6976
2136 71.6976
2137 71.6976
2138 71.6976
2139 71.6976
2140 71.6976
2141 71.6976
2142 71.6976
2143 71.6976
2144 71.6976
2145 71.6976
2146 71.6976
2147 71.6976
2148 71.6976
2149 71.6976
2150 71.6976
2151 71.6976
2152 71.6976
2153 71.6976
2154 71.6976
2155 71.6976
2156 71.6976
2157 71.6976
2158 71.6976
2159 71.6976
2160 71.6976
2161 71.6976
2162 71.6976
2163 71.6976
2164 71.6976
2165 71.6976
2166 71.6976
2167 71.6976
2168 71.6976
2169 71.6976
2170 71.6976
2171 71.6976
2172 71.6976
2173 71.6976
2174 71.6976
2175 71.6976
2176 71.6976
2177 71.6976
2178 71.6976
2179 71.6976
2180 71.6976
2181 71.6976
2182 71.6976
2183 71.6976
2184 71.6976
2185 71.6976
2186 71.6976
2187 71.6976
2188 71.6976
2189 71.6976
2190 71.6976
2191 71.6976
2192 71.6976
2193 71.6976
2194 71.6976
2195 71.6976
2196 71.6976
2197 71.6976
2198 71.6976
2199 71.6976
2200 71.6976
2201 71.6976
2202 71.6976
2203 71.6976
2204 71.6976
2205 71.6976
2206 71.6976
2207 71.6976
2208 71.6976
2209 71.6976
2210 71.6976
2211 71.6976
2212 71.6976
2213 71.6976
2214 71.6976
2215 71.6976
2216 71.6976
2217 71.6976
2218 71.6976
2219 71.6976
2220 71.6976
2221 71.6976
2222 71.6976
2223 71.6976
2224 71.6976
2225 71.6976
2226 71.6976
2227 71.6976
2228 71.6976
2229 71.6976
2230 71.6976
2231 71.6976
2232 71.6976
2233 71.6976
2234 71.6976
2235 71.6976
2236 71.6976
2237 71.6976
2238 71.6976
2239 71.6976
2240 71.6976
2241 71.6976
2242 71.6976
2243 71.6976
2244 71.6976
2245 71.6976
2246 71.6976
2247 71.6976
2248 71.6976
2249 71.6976
2250 71.6976
2251 71.6976
2252 71.6976
2253 71.6976
2254 71.6976
2255 71.6976
2256 71.1185
2257 71.1185
2258 71.1185
2259 71.1185
2260 71.1185
2261 71.1185
2262 71.1185
2263 71.1185
2264 71.1185
2265 71.1185
2266 71.1185
2267 71.1185
2268 71.1185
2269 71.1185
2270 71.1185
2271 71.1185
2272 71.1185
2273 71.1185
2274 71.1185
2275 71.1185
2276 71.1185
2277 71.1185
2278 71.1185
2279 71.1185
2280 71.1185
2281 71.1185
2282 71.1185
2283 71.1185
2284 71.1185
2285 71.1185
2286 71.1185
2287 71.1185
2288 71.1185
2289 71.1185
2290 71.1185
2291 71.1185
2292 71.1185
2293 71.1185
2294 71.1185
2295 71.1185
2296 71.1185
2297 71.1185
2298 71.1185
2299 71.1185
2300 71.1185
2301 71.1185
2302 71.1185
2303 71.1185
2304 71.1185
2305 71.1185
2306 71.1185
2307 71.1185
2308 71.1185
2309 71.1185
2310 71.1185
2311 71.1185
2312 71.1185
2313 71.1185
2314 71.1185
2315 71.1185
2316 71.1185
2317 71.1185
2318 71.1185
2319 71.1185
2320 71.1185
2321 71.1185
2322 71.1185
2323 71.1185
2324 71.1185
2325 71.1185
2326 71.1185
2327 71.1185
2328 71.1185
2329 71.1185
2330 71.1185
2331 71.1185
2332 71.1185
2333 71.1185
2334 71.1185
2335 71.1185
2336 71.1185
2337 71.1185
2338 71.1185
2339 71.1185
2340 71.1185
2341 71.1185
2342 71.1185
2343 71.1185
2344 71.1185
2345 71.1185
2346 71.1185
2347 71.1185
2348 71.1185
2349 71.1185
2350 71.1185
2351 71.1185
2352 71.1185
2353 71.1185
2354 71.1185
2355 71.1185
2356 71.1185
2357 71.1185
2358 71.1185
2359 71.1185
2360 71.1185
2361 71.1185
2362 71.1185
2363 71.1185
2364 71.1185
2365 71.1185
2366 71.1185
2367 71.1185
2368 71.1185
2369 71.1185
2370 71.1185
2371 71.1185
2372 71.1185
2373 71.1185
2374 71.1185
2375 71.1185
2376 71.1185
2377 71.1185
2378 71.1185
2379 71.1185
2380 71.1185
2381 71.1185
2382 71.1185
2383 71.1185
2384 71.1185
2385 71.1185
2386 71.1185
2387 71.1185
2388 71.1185
2389 71.1185
2390 71.1185
2391 71.1185
2392 71.1185
2393 71.1185
2394 71.1185
2395 71.1185
2396 71.1185
2397 71.1185
2398 71.1185
2399 71.1185
2400 71.1185
2401 71.1185
2402 71.1185
2403 71.1185
2404 71.1185
2405 71.1185
2406 71.1185
2407 71.1185
2408 71.1185
2409 71.1185
2410 71.1185
2411 71.1185
2412 71.1185
2413 71.1185
2414 71.1185
2415 71.1185
2416 71.1185
2417 71.1185
2418 71.1185
2419 71.1185
2420 71.1185
2421 71.1185
2422 71.1185
2423 71.1185
2424 71.1185
2425 71.1185
2426 71.1185
2427 71.1185
2428 71.1185
2429 71.1185
2430 71.1185
2431 71.1185
2432 71.1185
2433 71.1185
2434 71.1185
2435 71.1185
2436 71.1185
2437 71.1185
2438 71.1185
2439 71.1185
2440 71.1185
2441 71.1185
2442 71.1185
2443 71.1185
2444 71.1185
2445 71.1185
2446 71.1185
2447 71.1185
2448 71.1185
2449 71.1185
2450 71.1185
2451 71.1185
2452 71.1
2453 71.1
2454 71.1
2455 71.1
2456 71.1
2457 71.1
2458 71.1
2459 71.1
2460 71.1
2461 71.1
2462 71.1
2463 71.1
2464 71.1
2465 71.1
2466 71.1
2467 71.1
2468 71.1
2469 71.1
2470 71.1
2471 71.1
2472 71.1
2473 71.1
2474 71.1
2475 71.1
2476 71.1
2477 71.1
2478 71.1
2479 71.1
2480 71.1
2481 71.1
2482 71.1
2483 71.1
2484 71.1
2485 71.1
2486 71.1
2487 71.1
2488 71.1
2489 71.1
2490 71.1
2491 71.1
2492 71.1
2493 71.1
2494 71.1
2495 71.1
2496 71.1
2497 71.1
2498 71.1
2499 71.1
2500 71.1
2501 71.1
2502 71.1
2503 71.1
2504 71.1
2505 71.1
2506 71.1
2507 71.1
2508 71.1
2509 71.1
2510 71.1
2511 71.1
2512 71.1
2513 71.1
2514 71.1
2515 71.1
2516 71.1
2517 71.1
2518 71.1
2519 71.1
2520 71.1
2521 71.1
2522 71.1
2523 71.1
2524 71.1
2525 71.1
2526 71.1
2527 71.1
2528 71.1
2529 71.1
2530 71.1
2531 71.1
2532 71.1
2533 71.1
2534 71.1
2535 71.1
2536 71.1
2537 71.1
2538 71.1
2539 71.1
2540 71.1
2541 71.1
2542 71.1
2543 71.1
2544 71.1
2545 70.8895
2546 70.8895
2547 70.8895
2548 70.7582
2549 70.7582
2550 70.7582
2551 70.7582
2552 70.4634
2553 70.4634
2554 70.4278
2555 70.4278
2556 70.4278
2557 70.4278
2558 70.4278
2559 70.4278
2560 70.4278
2561 70.4278
2562 70.4278
2563 70.4278
2564 70.4278
2565 70.4278
2566 70.4278
2567 70.4278
2568 70.4278
2569 70.4278
2570 70.4278
2571 70.4278
2572 70.4278
2573 70.4278
2574 70.4278
2575 70.4278
2576 70.4278
2577 70.4278
2578 70.4278
2579 70.4278
2580 70.4278
2581 70.4278
2582 70.4278
2583 70.4278
2584 70.4278
2585 70.4278
2586 70.4278
2587 70.4278
2588 70.4278
2589 70.4278
2590 70.4278
2591 70.4278
2592 70.4278
2593 70.4278
2594 70.4278
2595 70.4278
2596 70.4278
2597 70.4278
2598 70.4278
2599 70.4278
2600 70.4278
2601 70.4278
2602 70.4278
2603 70.4278
2604 70.4278
2605 70.4278
2606 70.4278
2607 70.4278
2608 70.4278
2609 70.4278
2610 70.4278
2611 70.4278
2612 70.4278
2613 70.4278
2614 70.4278
2615 70.4278
2616 70.4278
2617 70.4278
2618 70.4278
2619 70.4278
2620 70.4278
2621 70.4278
2622 70.4278
2623 70.4278
2624 70.4278
2625 70.4278
2626 70.4278
2627 70.4278
2628 70.4278
2629 70.4278
2630 70.4278
2631 70.4278
2632 70.4278
2633 70.4278
2634 70.4278
2635 70.4278
2636 70.4278
2637 70.4278
2638 70.4278
2639 70.4278
2640 70.4278
2641 70.4278
2642 70.4278
2643 70.4278
2644 70.4278
2645 70.4278
2646 70.4278
2647 70.4278
2648 70.4278
2649 70.4278
2650 70.4278
2651 70.4278
2652 70.4278
2653 70.4278
2654 70.4278
2655 70.4278
2656 70.4278
2657 70.4278
2658 70.4278
2659 70.4278
2660 70.4278
2661 70.4278
2662 70.4278
2663 70.4278
2664 70.4278
2665 70.4278
2666 70.4278
2667 70.4278
2668 70.4278
2669 70.4278
2670 70.4278
2671 70.4278
2672 70.4278
2673 70.4278
2674 70.4278
2675 70.4278
2676 70.4278
2677 70.4278
2678 70.4278
2679 70.4278
2680 70.4278
2681 70.4278
2682 70.4278
2683 70.4278
2684 70.4278
2685 70.4278
2686 70.4278
2687 70.4278
2688 70.4278
2689 70.4278
2690 70.4278
2691 70.4278
2692 70.4278
2693 70.4278
2694 70.4278
2695 70.4278
2696 70.4278
2697 70.4278
2698 70.4278
2699 70.4278
2700 70.4278
2701 70.4278
2702 70.4278
2703 70.4278
2704 70.4278
2705 70.4278
2706 70.4278
2707 70.4278
2708 70.4278
2709 70.4278
2710 70.4278
2711 70.4278
2712 70.4278
2713 70.4278
2714 70.4278
2715 70.4278
2716 70.4278
2717 70.4278
2718 70.4278
2719 70.4278
2720 70.4278
2721 70.4278
2722 70.4278
2723 70.4278
2724 70.4278
2725 70.4278
2726 70.4278
2727 70.4278
2728 70.4278
2729 70.4278
2730 70.4278
2731 70.4278
2732 70.4278
2733 70.4278
2734 70.4278
2735 70.4278
2736 70.4278
2737 70.4278
2738 70.4278
2739 70.4278
2740 70.4278
2741 70.4278
2742 70.4278
2743 70.4278
2744 70.4278
2745 70.4278
2746 70.4278
2747 70.4278
2748 70.4278
2749 70.4278
2750 70.4278
2751 70.4278
2752 70.4278
2753 70.4278
2754 70.4278
2755 70.4278
2756 70.4278
2757 70.4278
2758 70.4278
2759 70.4278
2760 70.4278
2761 70.4278
2762 70.4278
2763 70.4278
2764 70.4278
2765 70.4278
2766 70.4278
2767 70.4278
2768 70.4278
2769 70.4278
2770 70.4278
2771 70.4278
2772 70.4278
2773 70.4278
2774 70.4278
2775 70.4278
2776 70.4278
2777 70.4278
2778 70.4278
2779 70.4278
2780 70.4278
2781 70.4278
2782 70.4278
2783 70.4278
2784 70.4278
2785 70.4278
2786 70.4278
2787 70.4278
2788 70.4278
2789 70.4278
2790 70.4278
2791 70.4278
2792 70.4278
2793 70.4278
2794 70.4278
2795 70.4278
2796 70.4278
2797 70.4278
2798 70.4278
2799 70.4278
2800 70.4278
2801 70.4278
2802 70.4278
2803 70.4278
2804 70.4278
2805 70.4278
2806 70.4278
2807 70.4278
2808 70.4278
2809 70.4278
2810 70.4278
2811 70.4278
2812 70.4278
2813 70.4278
2814 70.4278
2815 70.4278
2816 70.4278
2817 70.4278
2818 70.4278
2819 70.4278
2820 70.4278
2821 70.4278
2822 70.4278
2823 70.4278
2824 70.4278
2825 70.4278
2826 70.4278
2827 70.4278
2828 70.4278
2829 70.4278
2830 70.4278
2831 70.4278
2832 70.4278
2833 70.4278
2834 70.4278
2835 70.4278
2836 70.4278
2837 70.4278
2838 70.4278
2839 70.4278
2840 70.4278
2841 70.4278
2842 70.4278
2843 70.4278
2844 70.4278
2845 70.4278
2846 70.4278
2847 70.4278
2848 70.4278
2849 70.4278
2850 70.4278
2851 70.4278
2852 70.4278
2853 70.4278
2854 70.4278
2855 70.4278
2856 70.4278
2857 70.4278
2858 70.4278
2859 70.4278
2860 70.4278
2861 70.4278
2862 70.4278
2863 70.4278
2864 70.4278
2865 70.4278
2866 70.4278
2867 70.4278
2868 70.4278
2869 70.4278
2870 70.4278
2871 70.4278
2872 70.4278
2873 70.4278
2874 70.4278
2875 70.4278
2876 70.4278
2877 70.4278
2878 70.4278
2879 70.4278
2880 70.4278
2881 70.4278
2882 70.4278
2883 70.4278
2884 70.4278
2885 70.4278
2886 70.4278
2887 70.4278
2888 70.4278
2889 70.4278
2890 70.4278
2891 70.4278
2892 70.4278
2893 70.4278
2894 70.4278
2895 70.4278
2896 70.4278
2897 70.4278
2898 70.4278
2899 70.4278
2900 70.4278
2901 70.4278
2902 70.4278
2903 70.4278
2904 70.4278
2905 70.4278
2906 70.4278
2907 70.4278
2908 70.4278
2909 70.4278
2910 70.4278
2911 70.4278
2912 70.4278
2913 70.4278
2914 70.4278
2915 70.4278
2916 70.4278
2917 70.4278
2918 70.4278
2919 70.4278
2920 70.4278
2921 70.4278
2922 70.4278
2923 70.4278
2924 70.4278
2925 70.4278
2926 70.4278
2927 70.4278
2928 70.4278
2929 70.4278
2930 70.4278
2931 70.4278
2932 70.4278
2933 70.4278
2934 70.4278
2935 70.4278
2936 70.4278
2937 70.4278
2938 70.4278
2939 70.4278
2940 70.4278
2941 70.4278
2942 70.4278
2943 70.4278
2944 70.4278
2945 70.4278
2946 70.4278
2947 70.4278
2948 70.4278
2949 70.4278
2950 70.4278
2951 70.4278
2952 70.4278
2953 70.4278
2954 70.4278
2955 70.4278
2956 70.4278
2957 70.4278
2958 70.4278
2959 70.4278
2960 70.4278
2961 70.4278
2962 70.4278
2963 70.4278
2964 70.4278
2965 70.4278
2966 70.4278
2967 70.4278
2968 70.4278
2969 70.4278
2970 70.4278
2971 70.4278
2972 70.4278
2973 70.4278
2974 70.4278
2975 70.4278
2976 70.4278
2977 70.4278
2978 70.4278
2979 70.4278
2980 70.4278
2981 70.4278
2982 70.4278
2983 70.4278
2984 70.4278
2985 70.4278
2986 70.4278
2987 70.4278
2988 70.4278
2989 70.4278
2990 70.4278
2991 70.4278
2992 70.4278
2993 70.4278
2994 70.4278
2995 70.4278
2996 70.4278
2997 70.4278
2998 70.4278
2999 70.4278
3000 70.4278
3001 70.4278
3002 70.4278
3003 70.4278
3004 70.4278
3005 70.4278
3006 70.4278
3007 70.4278
3008 70.4278
3009 70.4278
3010 70.4278
3011 70.4278
3012 70.4278
3013 70.4278
3014 70.4278
3015 70.4278
3016 70.4278
3017 70.4278
3018 70.4278
3019 70.4278
3020 70.4278
3021 70.4278
3022 70.4278
3023 70.4278
3024 70.4278
3025 70.4278
3026 70.4278
3027 70.4278
3028 70.4278
3029 70.4278
3030 70.4278
3031 70.4278
3032 70.4278
3033 70.4278
3034 70.4278
3035 70.4278
3036 70.4278
3037 70.4278
3038 70.4278
3039 70.4278
3040 70.4278
3041 70.4278
3042 70.4278
3043 70.4278
3044 70.4278
3045 70.4278
3046 70.4278
3047 70.4278
3048 70.4278
3049 70.4278
3050 70.4278
3051 70.4278
3052 70.4278
3053 70.4278
3054 70.4278
3055 70.4278
3056 70.4278
3057 70.4278
3058 70.4278
3059 70.4278
3060 70.4278
3061 70.4278
3062 70.4278
3063 70.4278
3064 70.4278
3065 70.4278
3066 70.4278
3067 70.4278
3068 70.4278
3069 70.4278
3070 70.4278
3071 70.4278
3072 70.4278
3073 70.4278
3074 70.4278
3075 70.4278
3076 70.4278
3077 70.4278
3078 70.4278
3079 70.4278
3080 70.4278
3081 70.4278
3082 70.4278
3083 70.4278
3084 70.4278
3085 70.4278
3086 70.4278
3087 70.4278
3088 70.4278
3089 70.4278
3090 70.4278
3091 70.4278
3092 70.4278
3093 70.4278
3094 70.4278
3095 70.4278
3096 70.4278
3097 70.4278
3098 70.4278
3099 70.4278
3100 70.4278
3101 70.0729
3102 70.0729
3103 70.0729
3104 70.0729
3105 70.0729
3106 70.0729
3107 70.0729
3108 70.0729
3109 70.0729
3110 70.0729
3111 70.0729
3112 70.0729
3113 70.0729
3114 70.0729
3115 70.0729
3116 70.0729
3117 70.0729
3118 70.0729
3119 70.0729
3120 70.0729
3121 70.0729
3122 70.0729
3123 70.0729
3124 70.0729
3125 70.0729
3126 70.0729
3127 70.0729
3128 70.0729
3129 70.0686
3130 70.0686
3131 70.0686
3132 70.0686
3133 70.0686
3134 70.0686
3135 70.0686
3136 70.0686
3137 70.0686
3138 70.0686
3139 70.0686
3140 70.0686
3141 70.0686
3142 70.0686
3143 70.0686
3144 70.0686
3145 70.0686
3146 70.0686
3147 70.0686
3148 70.0686
3149 70.0686
3150 70.0686
3151 70.0686
3152 70.0686
3153 70.0686
3154 70.0686
3155 70.0686
3156 70.0686
3157 70.0686
3158 70.0686
3159 70.0686
3160 70.0686
3161 70.0686
3162 70.0686
3163 70.0686
3164 70.0686
3165 70.0686
3166 70.0686
3167 70.0686
3168 70.0686
3169 70.0686
3170 70.0686
3171 70.0686
3172 70.0686
3173 70.0686
3174 70.0686
3175 70.0686
3176 70.0686
3177 70.0686
3178 70.0686
3179 70.0686
3180 70.0686
3181 70.0686
3182 70.0686
3183 70.0686
3184 70.0686
3185 70.0686
3186 70.0686
3187 70.0686
3188 70.0686
3189 70.0686
3190 70.0686
3191 70.0686
3192 70.0686
3193 70.0686
3194 70.0686
3195 70.0686
3196 70.0686
3197 70.0686
3198 70.0686
3199 70.0686
3200 70.0686
3201 70.0686
3202 70.0686
3203 70.0686
3204 70.0686
3205 70.0686
3206 70.0686
3207 70.0686
3208 70.0686
3209 70.0686
3210 70.0686
3211 70.0686
3212 70.0686
3213 70.0686
3214 70.0686
3215 70.0686
3216 70.0686
3217 70.0686
3218 70.0686
3219 70.0686
3220 70.0686
3221 70.0686
3222 70.0686
3223 70.0686
3224 70.0686
3225 70.0686
3226 70.0686
3227 70.0686
3228 70.0686
3229 70.0686
3230 70.0686
3231 70.0686
3232 70.0686
3233 70.0686
3234 70.0686
3235 70.0686
3236 70.0686
3237 70.0686
3238 70.0686
3239 70.0686
3240 70.0686
3241 70.0686
3242 70.0686
3243 70.0686
3244 70.0686
3245 70.0686
3246 70.0686
3247 70.0686
3248 70.0686
3249 70.0686
3250 70.0686
3251 70.0686
3252 70.0686
3253 70.0686
3254 70.0686
3255 70.0686
3256 70.0686
3257 70.0686
3258 70.0686
3259 70.0686
3260 70.0686
3261 70.0686
3262 70.0686
3263 70.0686
3264 70.0686
3265 70.0686
3266 70.0686
3267 70.0686
3268 70.0686
3269 70.0686
3270 70.0686
3271 70.0686
3272 70.0686
3273 70.0686
3274 70.0686
3275 70.0686
3276 70.0686
3277 70.0686
3278 70.0686
3279 70.0686
3280 70.0686
3281 70.0686
3282 70.0686
3283 70.0686
3284 70.0686
3285 70.0686
3286 70.0686
3287 70.0686
3288 70.0686
3289 70.0686
3290 70.0686
3291 70.0686
3292 70.0686
3293 70.0686
3294 70.0686
3295 70.0686
3296 70.0686
3297 70.0686
3298 70.0686
3299 70.0686
3300 70.0686
3301 70.0686
3302 70.0686
3303 70.0686
3304 70.0686
3305 70.0686
3306 70.0686
3307 70.0686
3308 70.0686
3309 70.0686
3310 70.0686
3311 70.0686
3312 70.0686
3313 70.0686
3314 70.0686
3315 70.0686
3316 70.0686
3317 70.0686
3318 70.0686
3319 70.0686
3320 70.0686
3321 70.0686
3322 70.0686
3323 70.0686
3324 70.0686
3325 70.0686
3326 70.0686
3327 70.0686
3328 70.0686
3329 70.0686
3330 70.0686
3331 70.0686
3332 70.0686
3333 70.0686
3334 70.0686
3335 70.0686
3336 70.0686
3337 70.0686
3338 70.0686
3339 70.0686
3340 70.0686
3341 70.0686
3342 70.0686
3343 70.0686
3344 70.0686
3345 70.0686
3346 70.0686
3347 70.0686
3348 70.0686
3349 70.0686
3350 70.0686
3351 70.0686
3352 70.0686
3353 70.0686
3354 70.0686
3355 70.0686
3356 70.0686
3357 70.0686
3358 70.0686
3359 70.0686
3360 70.0686
3361 70.0686
3362 70.0686
3363 70.0686
3364 70.0686
3365 70.0686
3366 70.0686
3367 70.0686
3368 70.0686
3369 70.0686
3370 70.0686
3371 70.0686
3372 69.5772
3373 69.5772
3374 69.5772
3375 69.5772
3376 69.5772
3377 69.5772
3378 69.5772
3379 69.5772
3380 69.5772
3381 69.5772
3382 69.5772
3383 69.5772
3384 69.5772
3385 69.5772
3386 69.5772
3387 69.5772
3388 69.5772
3389 69.5772
3390 69.5772
3391 69.5772
3392 69.5772
3393 69.5772
3394 69.5772
3395 69.5772
3396 69.5772
3397 69.5772
3398 69.5772
3399 69.5772
3400 69.5772
3401 69.5772
3402 69.5772
3403 69.5772
3404 69.5772
3405 69.5772
3406 69.5772
3407 69.5772
3408 69.5772
3409 69.5772
3410 69.5772
3411 69.5772
3412 69.5772
3413 69.5772
3414 69.5772
3415 69.5772
3416 69.5772
3417 69.5772
3418 69.5772
3419 69.5772
3420 69.5772
3421 69.5772
3422 69.5772
3423 69.5772
3424 69.5772
3425 69.5772
3426 69.5772
3427 69.5772
3428 69.5772
3429 69.5772
3430 69.5772
3431 69.5772
3432 69.5772
3433 69.5772
3434 69.5772
3435 69.5772
3436 69.5772
3437 69.5772
3438 69.5772
3439 69.5772
3440 69.5772
3441 69.5772
3442 69.5772
3443 69.5772
3444 69.5772
3445 69.5772
3446 69.5772
3447 69.5772
3448 69.5772
3449 69.5772
3450 69.5772
3451 69.5772
3452 69.5772
3453 69.5772
3454 69.5772
3455 69.5772
3456 69.5772
3457 69.5772
3458 69.5772
3459 69.5772
3460 69.5772
3461 69.5772
3462 69.5772
3463 69.5772
3464 69.5772
3465 69.5772
3466 69.5772
3467 69.5772
3468 69.5772
3469 69.5772
3470 69.5772
3471 69.5772
3472 69.5772
3473 69.5772
3474 69.5772
3475 69.5772
3476 69.5772
3477 69.5772
3478 69.5772
3479 69.5772
3480 69.5772
3481 69.5772
3482 69.5772
3483 69.5772
3484 69.5772
3485 69.5772
3486 69.5772
3487 69.5772
3488 69.5772
3489 69.5772
3490 69.5772
3491 69.5772
3492 69.5772
3493 69.5772
3494 69.5772
3495 69.5772
3496 69.5772
3497 69.5772
3498 69.5772
3499 69.5772
3500 69.5772
3501 69.5772
3502 69.5772
3503 69.5772
3504 69.5772
3505 69.5772
3506 69.5772
3507 69.5772
3508 69.5772
3509 69.5772
3510 69.5772
3511 69.5772
3512 69.5772
3513 69.5772
3514 69.5772
3515 69.5772
3516 69.5772
3517 69.5772
3518 69.5772
3519 69.5772
3520 69.5772
3521 69.5772
3522 69.5772
3523 69.5772
3524 69.5772
3525 69.5772
3526 69.5772
3527 69.5772
3528 69.5772
3529 69.5772
3530 69.5772
3531 69.5772
3532 69.5772
3533 69.5772
3534 69.5772
3535 69.5772
3536 69.5772
3537 69.5772
3538 69.5772
3539 69.5772
3540 69.5772
3541 69.5772
3542 69.5772
3543 69.5772
3544 69.5772
3545 69.5772
3546 69.5772
3547 69.5772
3548 69.5772
3549 69.5772
3550 69.5772
3551 69.5772
3552 69.5772
3553 69.5772
3554 69.5772
3555 69.5772
3556 69.5772
3557 69.5772
3558 69.5772
3559 69.5772
3560 69.5772
3561 69.5772
3562 69.5772
3563 69.5772
3564 69.5772
3565 69.5772
3566 69.5772
3567 69.5772
3568 69.5772
3569 69.5772
3570 69.5772
3571 69.5772
3572 69.5772
3573 69.5772
3574 69.5772
3575 69.5772
3576 69.5772
3577 69.5772
3578 69.5772
3579 69.5772
3580 69.5772
3581 69.5772
3582 69.5772
3583 69.5772
3584 69.5772
3585 69.5772
3586 69.5772
3587 69.5772
3588 69.5772
3589 69.5772
3590 69.5772
3591 69.5772
3592 69.5772
3593 69.5772
3594 69.5772
3595 69.5772
3596 69.5772
3597 69.5772
3598 69.5772
3599 69.5772
3600 69.5772
3601 69.5772
3602 69.5772
3603 69.5772
3604 69.5772
3605 69.5772
3606 69.5772
3607 69.5772
3608 69.5772
3609 69.5772
3610 69.5772
3611 69.5772
3612 69.5772
3613 69.5772
3614 69.5772
3615 69.5772
3616 69.5772
3617 69.5772
3618 69.5772
3619 69.5772
3620 69.5772
3621 69.5772
3622 69.5772
3623 69.5772
3624 69.5772
3625 69.5772
3626 69.5772
3627 69.5772
3628 69.5772
3629 69.5772
3630 69.5772
3631 69.5772
3632 69.5772
3633 69.5772
3634 69.5772
3635 69.5772
3636 69.5772
3637 69.5772
3638 69.5772
3639 69.5772
3640 69.5772
3641 69.5772
3642 69.5772
3643 69.5772
3644 69.5772
3645 69.5772
3646 69.5772
3647 69.5772
3648 69.5772
3649 69.5772
3650 69.5772
3651 69.5772
3652 69.5772
3653 69.5772
3654 69.5772
3655 69.5772
3656 69.5772
3657 69.5772
3658 69.5772
3659 69.5772
3660 69.5772
3661 69.5772
3662 69.5772
3663 69.5772
3664 69.5772
3665 69.5772
3666 69.5772
3667 69.5772
3668 69.5772
3669 69.5772
3670 69.5772
3671 69.5772
3672 69.5772
3673 69.5772
3674 69.5772
3675 69.5772
3676 69.5772
3677 69.5772
3678 69.5772
3679 69.5772
3680 69.5772
3681 69.5772
3682 69.5772
3683 69.5772
3684 69.5772
3685 69.5772
3686 69.5772
3687 69.5772
3688 69.5772
3689 69.5772
3690 69.5772
3691 69.5772
3692 69.5772
3693 69.5772
3694 69.5772
3695 69.5772
3696 69.5772
3697 69.5772
3698 69.5772
3699 69.5772
3700 69.5772
3701 69.5772
3702 69.5772
3703 69.5772
3704 69.5772
3705 69.5772
3706 69.5772
3707 69.5772
3708 69.5772
3709 69.5772
3710 69.5772
3711 69.5772
3712 69.5772
3713 69.5772
3714 69.5772
3715 69.5772
3716 69.5772
3717 69.5772
3718 69.5772
3719 69.5772
3720 69.5772
3721 69.5772
3722 69.5772
3723 69.5772
3724 69.5772
3725 69.5772
3726 69.5772
3727 69.5772
3728 69.5772
3729 69.5772
3730 69.5772
3731 69.5772
3732 69.5772
3733 69.5772
3734 69.5772
3735 69.5772
3736 69.5772
3737 69.5772
3738 69.5772
3739 69.5772
3740 69.5772
3741 69.5772
3742 69.5772
3743 69.5772
3744 69.5772
3745 69.5772
3746 69.5772
3747 69.5772
3748 69.5772
3749 69.5772
3750 69.5772
3751 69.5772
3752 69.5772
3753 69.5772
3754 69.5772
3755 69.5772
3756 69.5772
3757 69.5772
3758 69.5772
3759 69.5772
3760 69.5772
3761 69.5772
3762 69.5772
3763 69.5772
3764 69.5772
3765 69.5772
3766 69.5772
3767 69.5772
3768 69.5772
3769 69.5772
3770 69.5772
3771 69.5772
3772 69.5772
3773 69.5772
3774 69.5772
3775 69.5772
3776 69.5772
3777 69.5772
3778 69.5772
3779 69.5772
3780 69.5772
3781 69.5772
3782 69.5772
3783 69.5772
3784 69.5772
3785 69.5772
3786 69.5772
3787 69.5772
3788 69.5772
3789 69.5772
3790 69.5772
3791 69.5772
3792 69.5772
3793 69.5772
3794 69.5772
3795 69.5772
3796 69.5772
3797 69.5772
3798 69.5772
3799 69.5772
3800 69.5772
3801 69.5772
3802 69.5772
3803 69.5772
3804 69.5772
3805 69.5772
3806 69.5772
3807 69.5772
3808 69.5772
3809 69.5772
3810 69.5772
3811 69.5772
3812 69.5772
3813 69.5772
3814 69.5772
3815 69.5772
3816 69.5772
3817 69.5772
3818 69.5772
3819 69.5772
3820 69.5772
3821 69.5772
3822 69.5772
3823 69.5772
3824 69.5772
3825 69.5772
3826 69.5772
3827 69.5772
3828 69.5772
3829 69.5772
3830 69.5772
3831 69.5772
3832 69.5772
3833 69.5772
3834 69.5772
3835 69.5772
3836 69.5772
3837 69.5772
3838 69.5772
3839 69.5772
3840 69.5772
3841 69.5772
3842 69.5772
3843 69.5772
3844 69.5772
3845 69.5772
3846 69.5772
3847 69.5772
3848 69.5772
3849 69.5772
3850 69.5772
3851 69.5772
3852 69.5772
3853 69.5772
3854 69.5772
3855 69.5772
3856 69.5772
3857 69.5772
3858 69.5772
3859 69.5772
3860 69.5772
3861 69.5772
3862 69.5772
3863 69.5772
3864 69.5772
3865 69.5772
3866 69.5772
3867 69.5772
3868 69.5772
3869 69.5772
3870 69.5772
3871 69.5772
3872 69.5772
3873 69.5772
3874 69.5772
3875 69.5772
3876 69.5772
3877 69.5772
3878 69.5772
3879 69.5772
3880 69.5772
3881 69.5772
3882 69.5772
3883 69.5772
3884 69.5772
3885 69.5772
3886 69.5772
3887 69.5772
3888 69.5772
3889 69.5772
3890 69.5772
3891 69.5772
3892 69.5772
3893 69.5772
3894 69.5772
3895 69.5772
3896 69.5772
3897 69.5772
3898 69.5772
3899 69.5772
3900 69.5772
3901 69.5772
3902 69.5772
3903 69.5772
3904 69.5772
3905 69.5772
3906 69.5772
3907 69.5772
3908 69.5772
3909 69.5772
3910 69.5772
3911 69.5772
3912 69.5772
3913 69.5772
3914 69.5772
3915 69.5772
3916 69.5772
3917 69.5772
3918 69.5772
3919 69.5772
3920 69.5772
3921 69.5772
3922 69.5772
3923 69.5772
3924 69.5772
3925 69.5772
3926 69.5772
3927 69.5772
3928 69.5772
3929 69.5772
3930 69.5772
3931 69.5772
3932 69.5772
3933 69.5772
3934 69.5772
3935 69.5772
3936 69.5772
3937 69.5772
3938 69.5772
3939 69.5772
3940 69.5772
3941 69.5772
3942 69.5772
3943 69.5772
3944 69.5772
3945 69.5772
3946 69.5772
3947 69.5772
3948 69.5772
3949 69.5772
3950 69.5772
3951 69.5772
3952 69.5772
3953 69.5772
3954 69.5772
3955 69.5772
3956 69.5772
3957 69.5772
3958 69.5772
3959 69.5772
3960 69.5772
3961 69.5772
3962 69.5772
3963 69.5772
3964 69.5772
3965 69.5772
3966 69.5772
3967 69.5772
3968 69.5772
3969 69.5772
3970 69.5772
3971 69.5772
3972 69.5772
3973 69.5772
3974 69.5772
3975 69.5772
3976 69.5772
3977 69.5772
3978 69.5772
3979 69.5772
3980 69.5772
3981 69.5772
3982 69.5772
3983 69.5772
3984 69.5772
3985 69.5772
3986 69.5772
3987 69.5772
3988 69.5772
3989 69.5772
3990 69.5772
3991 69.5772
3992 69.5772
3993 69.5772
3994 69.5772
3995 69.5772
3996 69.5772
3997 69.5772
3998 69.5772
3999 69.5772
4000 69.5772
4001 69.5772
4002 69.5772
4003 69.5772
4004 69.5772
4005 69.5772
4006 69.5772
4007 69.5772
4008 69.5772
4009 69.5772
4010 69.5772
4011 69.5772
4012 69.5772
4013 69.5772
4014 69.5772
4015 69.5772
4016 69.5772
4017 69.5772
4018 69.5772
4019 69.5772
4020 69.5772
4021 69.5772
4022 69.5772
4023 69.5772
4024 69.5772
4025 69.5772
4026 69.5772
4027 69.5772
4028 69.5772
4029 69.5772
4030 69.5772
4031 69.5772
4032 69.5772
4033 69.5772
4034 69.5772
4035 69.5772
4036 69.5772
4037 69.5772
4038 69.5772
4039 69.5772
4040 69.5772
4041 69.5772
4042 69.5772
4043 69.5772
4044 69.5772
4045 69.5772
4046 69.5772
4047 69.5772
4048 69.5772
4049 69.5772
4050 69.5772
4051 69.5772
4052 69.5772
4053 69.5772
4054 69.5772
4055 69.5772
4056 69.5772
4057 69.5772
4058 69.5772
4059 69.5772
4060 69.5772
4061 69.5772
4062 69.5772
4063 69.5772
4064 69.5772
4065 69.5772
4066 69.5772
4067 69.5772
4068 69.5772
4069 69.5772
4070 69.5772
4071 69.5772
4072 69.5772
4073 69.5772
4074 69.5772
4075 69.5772
4076 69.5772
4077 69.5772
4078 69.5772
4079 69.5772
4080 69.5772
4081 69.5772
4082 69.5772
4083 69.5772
4084 69.5772
4085 69.5772
4086 69.5772
4087 69.5772
4088 69.5772
4089 69.5772
4090 69.5772
4091 69.5772
4092 69.5772
4093 69.5772
4094 69.5772
4095 69.5772
4096 69.5772
4097 69.5772
4098 69.5772
4099 69.5772
4100 69.5772
4101 69.5772
4102 69.5772
4103 69.5772
4104 69.5772
4105 69.5772
4106 69.5772
4107 69.5772
4108 69.5772
4109 69.5772
4110 69.5772
4111 69.5772
4112 69.5772
4113 69.5772
4114 69.5772
4115 69.5772
4116 69.5772
4117 69.5772
4118 69.5772
4119 69.5772
4120 69.5772
4121 69.5772
4122 69.5772
4123 69.5772
4124 69.5772
4125 69.5772
4126 69.5772
4127 69.5772
4128 69.5772
4129 69.5772
4130 69.5772
4131 69.5772
4132 69.5772
4133 69.5772
4134 69.5772
4135 69.5772
4136 69.5772
4137 69.5772
4138 69.5772
4139 69.5772
4140 69.5772
4141 69.5772
4142 69.5772
4143 69.5772
4144 69.5772
4145 69.5772
4146 69.5772
4147 69.5772
4148 69.5772
4149 69.5772
4150 69.5772
4151 69.5772
4152 69.5772
4153 69.5772
4154 69.5772
4155 69.5772
4156 69.5772
4157 69.5772
4158 69.5772
4159 69.5772
4160 69.5772
4161 69.5772
4162 69.5772
4163 69.5772
4164 69.5772
4165 69.5772
4166 69.5772
4167 69.5772
4168 69.5772
4169 69.5772
4170 69.5772
4171 69.5772
4172 69.5772
4173 69.5772
4174 69.5772
4175 69.5772
4176 69.5772
4177 69.5772
4178 69.5772
4179 69.5772
4180 69.5772
4181 69.5772
4182 69.5772
4183 69.5772
4184 69.5772
4185 69.5772
4186 69.5772
4187 69.5772
4188 69.5772
4189 69.5772
4190 69.5772
4191 69.5772
4192 69.5772
4193 69.5772
4194 69.5772
4195 69.5772
4196 69.5772
4197 69.5772
4198 69.5772
4199 69.5772
4200 69.5772
4201 69.5772
4202 69.5772
4203 69.5772
4204 69.5772
4205 69.5772
4206 69.5772
4207 69.5772
4208 69.5772
4209 69.5772
4210 69.5772
4211 69.5772
4212 69.5772
4213 69.5772
4214 69.5772
4215 69.5772
4216 69.5772
4217 69.5772
4218 69.5772
4219 69.5772
4220 69.5772
4221 69.5772
4222 69.5772
4223 69.5772
4224 69.5772
4225 69.5772
4226 69.5772
4227 69.5772
4228 69.5772
4229 69.5772
4230 69.5772
4231 69.5772
4232 69.5772
4233 69.5772
4234 69.5772
4235 69.5772
4236 69.5772
4237 69.5772
4238 69.5772
4239 69.5772
4240 69.5772
4241 69.5772
4242 69.5772
4243 69.5772
4244 69.5772
4245 69.5772
4246 69.5772
4247 69.5772
4248 69.5772
4249 69.5772
4250 69.5772
4251 69.5772
4252 69.5772
4253 69.5772
4254 69.5772
4255 69.5772
4256 69.5772
4257 69.5772
4258 69.5772
4259 69.5772
4260 69.5772
4261 69.5772
4262 69.5772
4263 69.5772
4264 69.5772
4265 69.5772
4266 69.5772
4267 69.5772
4268 69.5772
4269 69.5772
4270 69.5772
4271 69.5772
4272 69.5772
4273 69.5772
4274 69.5772
4275 69.5772
4276 69.5772
4277 69.5772
4278 69.5772
4279 69.5772
4280 69.5772
4281 69.5772
4282 69.5772
4283 69.5772
4284 69.5772
4285 69.5772
4286 69.5772
4287 69.5772
4288 69.5772
4289 69.5772
4290 69.5772
4291 69.5772
4292 69.5772
4293 69.5772
4294 69.5772
4295 69.5772
4296 69.5772
4297 69.5772
4298 69.5772
4299 69.5772
4300 69.5772
4301 69.5772
4302 69.5772
4303 69.5772
4304 69.5772
4305 69.5772
4306 69.5772
4307 69.5772
4308 69.5772
4309 69.5772
4310 69.5772
4311 69.5772
4312 69.5772
4313 69.5772
4314 69.5772
4315 69.5772
4316 69.5772
4317 69.5772
4318 69.5772
4319 69.5772
4320 69.5772
4321 69.5772
4322 69.5772
4323 69.5772
4324 69.5772
4325 69.5772
4326 69.5772
4327 69.5772
4328 69.5772
4329 69.5772
4330 69.5772
4331 69.5772
4332 69.5772
4333 69.5772
4334 69.5772
4335 69.5772
4336 69.5772
4337 69.5772
4338 69.5772
4339 69.5772
4340 69.5772
4341 69.5772
4342 69.5772
4343 69.5772
4344 69.5772
4345 69.5772
4346 69.5772
4347 69.5772
4348 69.5772
4349 69.5772
4350 69.5772
4351 69.5772
4352 69.5772
4353 69.5772
4354 69.5772
4355 69.5772
4356 69.5772
4357 69.5772
4358 69.5772
4359 69.5772
4360 69.5772
4361 69.5772
4362 69.5772
4363 69.5772
4364 69.5772
4365 69.5772
4366 69.5772
4367 69.5772
4368 69.5772
4369 69.5772
4370 69.5772
4371 69.5772
4372 69.5772
4373 69.5772
4374 69.5772
4375 69.5772
4376 69.5772
4377 69.5772
4378 69.5772
4379 69.5772
4380 69.5772
4381 69.5772
4382 69.5772
4383 69.5772
4384 69.5772
4385 69.5772
4386 69.5772
4387 69.3274
4388 69.3274
4389 69.3274
4390 69.3274
4391 69.3274
4392 69.3274
4393 69.3274
4394 69.0361
4395 69.0361
4396 69.0361
4397 69.0361
4398 69.0361
4399 69.0361
4400 69.0361
4401 69.0361
4402 69.0361
4403 69.0361
4404 69.0361
4405 69.0361
4406 69.0361
4407 69.0361
4408 69.0361
4409 69.0361
4410 69.0361
4411 69.0361
4412 69.0361
4413 69.0361
4414 69.0361
4415 69.0361
4416 69.0361
4417 69.0361
4418 69.0361
4419 69.0361
4420 69.0361
4421 69.0361
4422 69.0361
4423 69.0361
4424 69.0361
4425 69.0361
4426 69.0361
4427 69.0361
4428 69.0361
4429 69.0361
4430 69.0361
4431 69.0361
4432 69.0361
4433 69.0361
4434 69.0361
4435 69.0361
4436 69.0361
4437 69.0361
4438 69.0361
4439 69.0361
4440 69.0361
4441 69.0361
4442 69.0361
4443 69.0361
4444 69.0361
4445 69.0361
4446 69.0361
4447 69.0361
4448 69.0361
4449 69.0361
4450 69.0361
4451 69.0361
4452 69.0361
4453 69.0361
4454 69.0361
4455 69.0361
4456 69.0361
4457 69.0361
4458 69.0361
4459 69.0361
4460 69.0361
4461 69.0361
4462 69.0361
4463 69.0361
4464 69.0361
4465 69.0361
4466 69.0361
4467 69.0361
4468 69.0361
4469 69.0361
4470 69.0361
4471 69.0361
4472 69.0361
4473 69.0361
4474 69.0361
4475 69.0361
4476 69.0361
4477 69.0361
4478 69.0361
4479 69.0361
4480 69.0361
4481 69.0361
4482 69.0361
4483 69.0361
4484 69.0361
4485 69.0361
4486 69.0361
4487 69.0361
4488 69.0361
4489 69.0361
4490 69.0361
4491 69.0361
4492 69.0361
4493 69.0361
4494 69.0361
4495 69.0361
4496 69.0361
4497 69.0361
4498 69.0361
4499 69.0361
4500 69.0361
4501 69.0361
4502 69.0361
4503 69.0361
4504 69.0361
4505 69.0361
4506 69.0361
4507 69.0361
4508 69.0361
4509 69.0361
4510 69.0361
4511 69.0361
4512 69.0361
4513 69.0361
4514 69.0361
4515 69.0361
4516 69.0361
4517 69.0361
4518 69.0361
4519 69.0361
4520 69.0361
4521 69.0361
4522 69.0361
4523 69.0361
4524 69.0361
4525 69.0361
4526 69.0361
4527 69.0361
4528 69.0361
4529 69.0361
4530 69.0361
4531 69.0361
4532 69.0361
4533 69.0361
4534 69.0361
4535 69.0361
4536 69.0361
4537 69.0361
4538 69.0361
4539 69.0361
4540 69.0361
4541 69.0361
4542 69.0361
4543 69.0361
4544 69.0361
4545 69.0361
4546 69.0361
4547 69.0361
4548 69.0361
4549 69.0361
4550 69.0361
4551 69.0361
4552 69.0361
4553 69.0361
4554 69.0361
4555 69.0361
4556 69.0361
4557 69.0361
4558 69.0361
4559 69.0361
4560 69.0361
4561 69.0361
4562 69.0361
4563 69.0361
4564 69.0361
4565 69.0361
4566 69.0361
4567 69.0361
4568 69.0361
4569 69.0361
4570 69.0361
4571 69.0361
4572 69.0361
4573 69.0361
4574 69.0361
4575 69.0361
4576 69.0361
4577 69.0361
4578 69.0361
4579 69.0361
4580 69.0361
4581 69.0361
4582 69.0361
4583 69.0361
4584 69.0361
4585 69.0361
4586 69.0361
4587 69.0361
4588 69.0361
4589 69.0361
4590 69.0361
4591 69.0361
4592 69.0361
4593 69.0361
4594 69.0361
4595 69.0361
4596 69.0361
4597 69.0361
4598 69.0361
4599 69.0361
4600 69.0361
4601 69.0361
4602 69.0361
4603 69.0361
4604 69.0361
4605 69.0361
4606 69.0361
4607 69.0361
4608 69.0361
4609 69.0361
4610 69.0361
4611 69.0361
4612 69.0361
4613 69.0361
4614 69.0361
4615 69.0361
4616 69.0361
4617 69.0361
4618 69.0361
4619 69.0361
4620 69.0361
4621 69.0361
4622 69.0361
4623 69.0361
4624 69.0361
4625 69.0361
4626 69.0361
4627 69.0361
4628 69.0361
4629 69.0361
4630 69.0361
4631 69.0361
4632 69.0361
4633 69.0361
4634 69.0361
4635 69.0361
4636 69.0361
4637 69.0361
4638 69.0361
4639 69.0361
4640 69.0361
4641 69.0361
4642 69.0361
4643 69.0361
4644 69.0361
4645 69.0361
4646 69.0361
4647 69.0361
4648 69.0361
4649 69.0361
4650 69.0361
4651 69.0361
4652 69.0361
4653 69.0361
4654 69.0361
4655 69.0361
4656 69.0361
4657 69.0361
4658 69.0361
4659 69.0361
4660 69.0361
4661 69.0361
4662 69.0361
4663 69.0361
4664 69.0361
4665 69.0361
4666 69.0361
4667 69.0361
4668 69.0361
4669 69.0361
4670 69.0361
4671 69.0361
4672 69.0361
4673 69.0361
4674 69.0361
4675 69.0361
4676 69.0361
4677 69.0361
4678 69.0361
4679 69.0361
4680 69.0361
4681 69.0361
4682 69.0361
4683 69.0361
4684 69.0361
4685 69.0361
4686 69.0361
4687 69.0361
4688 69.0361
4689 69.0361
4690 69.0361
4691 69.0361
4692 69.0361
4693 69.0361
4694 69.0361
4695 69.0361
4696 69.0361
4697 69.0361
4698 69.0361
4699 69.0361
4700 69.0361
4701 69.0361
4702 69.0361
4703 69.0361
4704 69.0361
4705 69.0361
4706 69.0361
4707 69.0361
4708 69.0361
4709 69.0361
4710 69.0361
4711 69.0361
4712 69.0361
4713 69.0361
4714 69.0361
4715 69.0361
4716 69.0361
4717 69.0361
4718 69.0361
4719 69.0361
4720 69.0361
4721 69.0361
4722 69.0361
4723 69.0361
4724 69.0361
4725 69.0361
4726 69.0361
4727 69.0361
4728 69.0361
4729 69.0361
4730 69.0361
4731 69.0361
4732 69.0361
4733 69.0361
4734 69.0361
4735 69.0361
4736 69.0361
4737 69.0361
4738 69.0361
4739 69.0361
4740 69.0361
4741 69.0361
4742 69.0361
4743 69.0361
4744 69.0361
4745 69.0361
4746 69.0361
4747 69.0361
4748 69.0361
4749 69.0361
4750 69.0361
4751 69.0361
4752 69.0361
4753 69.0361
4754 69.0361
4755 69.0361
4756 69.0361
4757 69.0361
4758 69.0361
4759 69.0361
4760 69.0361
4761 69.0361
4762 69.0361
4763 69.0361
4764 69.0361
4765 69.0361
4766 69.0361
4767 69.0361
4768 69.0361
4769 69.0361
4770 69.0361
4771 69.0361
4772 69.0361
4773 69.0361
4774 69.0361
4775 69.0361
4776 69.0361
4777 69.0361
4778 69.0361
4779 69.0361
4780 69.0361
4781 69.0361
4782 69.0361
4783 69.0361
4784 69.0361
4785 69.0361
4786 69.0361
4787 69.0361
4788 69.0361
4789 69.0361
4790 69.0361
4791 69.0361
4792 69.0361
4793 69.0361
4794 69.0361
4795 69.0361
4796 69.0361
4797 69.0361
4798 69.0361
4799 69.0361
4800 69.0361
4801 69.0361
4802 69.0361
4803 69.0361
4804 69.0361
4805 69.0361
4806 69.0361
4807 69.0361
4808 69.0361
4809 69.0361
4810 69.0361
4811 69.0361
4812 69.0361
4813 69.0361
4814 69.0361
4815 69.0361
4816 69.0361
4817 69.0361
4818 69.0361
4819 69.0361
4820 69.0361
4821 69.0361
4822 69.0361
4823 69.0361
4824 69.0361
4825 69.0361
4826 69.0361
4827 69.0361
4828 69.0361
4829 69.0361
4830 69.0361
4831 69.0361
4832 69.0361
4833 69.0361
4834 69.0361
4835 69.0361
4836 69.0361
4837 69.0361
4838 69.0361
4839 69.0361
4840 69.0361
4841 69.0361
4842 69.0361
4843 69.0361
4844 69.0361
4845 69.0361
4846 69.0361
4847 69.0361
4848 69.0361
4849 69.0361
4850 69.0361
4851 69.0361
4852 69.0361
4853 69.0361
4854 69.0361
4855 69.0361
4856 69.0361
4857 69.0361
4858 69.0361
4859 69.0361
4860 69.0361
4861 69.0361
4862 69.0361
4863 69.0361
4864 69.0361
4865 69.0361
4866 69.0361
4867 69.0361
4868 69.0361
4869 69.0361
4870 69.0361
4871 69.0361
4872 69.0361
4873 69.0361
4874 69.0361
4875 69.0361
4876 69.0361
4877 69.0361
4878 69.0361
4879 69.0361
4880 69.0361
4881 69.0361
4882 69.0361
4883 69.0361
4884 69.0361
4885 69.0361
4886 69.0361
4887 69.0361
4888 69.0361
4889 69.0361
4890 69.0361
4891 69.0361
4892 69.0361
4893 69.0361
4894 69.0361
4895 69.0361
4896 69.0361
4897 69.0361
4898 69.0361
4899 69.0361
4900 69.0361
4901 69.0361
4902 69.0361
4903 69.0361
4904 69.0361
4905 69.0361
4906 69.0361
4907 69.0361
4908 69.0361
4909 69.0361
4910 69.0361
4911 69.0361
4912 69.0361
4913 69.0361
4914 69.0361
4915 69.0361
4916 69.0361
4917 69.0361
4918 69.0361
4919 69.0361
4920 69.0361
4921 69.0361
4922 69.0361
4923 69.0361
4924 69.0361
4925 69.0361
4926 69.0361
4927 69.0361
4928 69.0361
4929 69.0361
4930 69.0361
4931 69.0361
4932 69.0361
4933 69.0361
4934 69.0361
4935 69.0361
4936 69.0361
4937 69.0361
4938 69.0361
4939 69.0361
4940 69.0361
4941 69.0361
4942 69.0361
4943 69.0361
4944 69.0361
4945 69.0361
4946 69.0361
4947 69.0361
4948 69.0361
4949 69.0361
4950 69.0361
4951 69.0361
4952 69.0361
4953 69.0361
4954 69.0361
4955 69.0361
4956 69.0361
4957 69.0361
4958 69.0361
4959 69.0361
4960 69.0361
4961 69.0361
4962 69.0361
4963 69.0361
4964 69.0361
4965 69.0361
4966 69.0361
4967 69.0361
4968 69.0361
4969 69.0361
4970 69.0361
4971 69.0361
4972 69.0361
4973 69.0361
4974 69.0361
4975 69.0361
4976 69.0361
4977 69.0361
4978 69.0361
4979 69.0361
4980 69.0361
4981 69.0361
4982 69.0361
4983 69.0361
4984 69.0361
4985 69.0361
4986 69.0361
4987 69.0361
4988 69.0361
4989 69.0361
4990 69.0361
4991 69.0361
4992 69.0361
4993 69.0361
4994 69.0361
4995 69.0361
4996 69.0361
4997 69.0361
4998 69.0361
4999 69.0361
5000 69.0361
5001 69.0361
5002 69.0361
5003 69.0361
5004 69.0361
5005 69.0361
5006 69.0361
5007 69.0361
5008 69.0361
5009 69.0361
5010 69.0361
5011 69.0361
5012 69.0361
5013 69.0361
5014 69.0361
5015 69.0361
5016 69.0361
5017 69.0361
5018 69.0361
5019 69.0361
5020 69.0361
5021 69.0361
5022 69.0361
5023 69.0361
5024 69.0361
5025 69.0361
5026 69.0361
5027 69.0361
5028 69.0361
5029 69.0361
5030 69.0361
5031 69.0361
5032 69.0361
5033 69.0361
5034 69.0361
5035 69.0361
5036 69.0361
5037 69.0361
5038 69.0361
5039 69.0361
5040 69.0361
5041 69.0361
5042 69.0361
5043 69.0361
5044 69.0361
5045 69.0361
5046 69.0361
5047 69.0361
5048 69.0361
5049 69.0361
5050 69.0361
5051 69.0361
5052 69.0361
5053 69.0361
5054 69.0361
5055 69.0361
5056 69.0361
5057 69.0361
5058 69.0361
5059 69.0361
5060 69.0361
5061 69.0361
5062 69.0361
5063 69.0361
5064 69.0361
5065 69.0361
5066 69.0361
5067 69.0361
5068 69.0361
5069 69.0361
5070 69.0361
5071 69.0361
5072 69.0361
5073 69.0361
5074 69.0361
5075 69.0361
5076 69.0361
5077 69.0361
5078 69.0361
5079 69.0361
5080 69.0361
5081 69.0361
5082 69.0361
5083 69.0361
5084 69.0361
5085 69.0361
5086 69.0361
5087 69.0361
5088 69.0361
5089 69.0361
5090 69.0361
5091 69.0361
5092 69.0361
5093 69.0361
5094 69.0361
5095 69.0361
5096 69.0361
5097 69.0361
5098 69.0361
5099 69.0361
5100 69.0361
5101 69.0361
5102 69.0361
5103 69.0361
5104 69.0361
5105 69.0361
5106 69.0361
5107 69.0361
5108 69.0361
5109 69.0361
5110 69.0361
5111 69.0361
5112 69.0361
5113 69.0361
5114 69.0361
5115 69.0361
5116 69.0361
5117 69.0361
5118 69.0361
5119 69.0361
5120 69.0361
5121 69.0361
5122 69.0361
5123 69.0361
5124 69.0361
5125 69.0361
5126 69.0361
5127 69.0361
5128 69.0361
5129 69.0361
5130 69.0361
5131 69.0361
5132 69.0361
5133 69.0361
5134 69.0361
5135 69.0361
5136 69.0361
5137 69.0361
5138 69.0361
5139 69.0361
5140 69.0361
5141 69.0361
5142 69.0361
5143 69.0361
5144 69.0361
5145 69.0361
5146 69.0361
5147 69.0361
5148 69.0361
5149 69.0361
5150 69.0361
5151 69.0361
5152 69.0361
5153 69.0361
5154 69.0361
5155 69.0361
5156 69.0361
5157 69.0361
5158 69.0361
5159 69.0361
5160 69.0361
5161 69.0361
5162 69.0361
5163 69.0361
5164 69.0361
5165 69.0361
5166 69.0361
5167 69.0361
5168 69.0361
5169 69.0361
5170 69.0361
5171 69.0361
5172 69.0361
5173 69.0361
5174 69.0361
5175 69.0361
5176 69.0361
5177 69.0361
5178 69.0361
5179 69.0361
5180 69.0361
5181 69.0361
5182 69.0361
5183 69.0361
5184 69.0361
5185 69.0361
5186 69.0361
5187 69.0361
5188 69.0361
5189 69.0361
5190 69.0361
5191 69.0361
5192 69.0361
5193 69.0361
5194 69.0361
5195 69.0361
5196 69.0361
5197 69.0361
5198 69.0361
5199 69.0361
5200 69.0361
5201 69.0361
5202 69.0361
5203 69.0361
5204 69.0361
5205 69.0361
5206 69.0361
5207 69.0361
5208 69.0361
5209 69.0361
5210 69.0361
5211 69.0361
5212 69.0361
5213 69.0361
5214 69.0361
5215 69.0361
5216 69.0361
5217 69.0361
5218 69.0361
5219 69.0361
5220 69.0361
5221 69.0361
5222 69.0361
5223 69.0361
5224 69.0361
5225 69.0361
5226 69.0361
5227 69.0361
5228 69.0361
5229 69.0361
5230 69.0361
5231 69.0361
5232 69.0361
5233 69.0361
5234 69.0361
5235 69.0361
5236 69.0361
5237 69.0361
5238 69.0361
5239 69.0361
5240 69.0361
5241 69.0361
5242 69.0361
5243 69.0361
5244 69.0361
5245 69.0361
5246 69.0361
5247 69.0361
5248 69.0361
5249 69.0361
5250 69.0361
5251 69.0361
5252 69.0361
5253 69.0361
5254 69.0361
5255 69.0361
5256 69.0361
5257 69.0361
5258 69.0361
5259 69.0361
5260 69.0361
5261 69.0361
5262 69.0361
5263 69.0361
5264 69.0361
5265 69.0361
5266 69.0361
5267 69.0361
5268 69.0361
5269 69.0361
5270 69.0361
5271 69.0361
5272 69.0361
5273 69.0361
5274 69.0361
5275 69.0361
5276 69.0361
5277 69.0361
5278 69.0361
5279 69.0361
5280 69.0361
5281 69.0361
5282 69.0361
5283 69.0361
5284 69.0361
5285 69.0361
5286 69.0361
5287 69.0361
5288 69.0361
5289 69.0361
5290 69.0361
5291 69.0361
5292 69.0361
5293 69.0361
5294 69.0361
5295 69.0361
5296 69.0361
5297 69.0361
5298 69.0361
5299 69.0361
5300 69.0361
5301 69.0361
5302 69.0361
5303 69.0361
5304 69.0361
5305 69.0361
5306 69.0361
5307 69.0361
5308 69.0361
5309 69.0361
5310 69.0361
5311 69.0361
5312 69.0361
5313 69.0361
5314 69.0361
5315 69.0361
5316 69.0361
5317 69.0361
5318 69.0361
5319 69.0361
5320 69.0361
5321 69.0361
5322 69.0361
5323 69.0361
5324 69.0361
5325 69.0361
5326 69.0361
5327 69.0361
5328 69.0361
5329 69.0361
5330 69.0361
5331 69.0361
5332 69.0361
5333 69.0361
5334 69.0361
5335 69.0361
5336 69.0361
5337 69.0361
5338 69.0361
5339 69.0361
5340 69.0361
5341 69.0361
5342 69.0361
5343 69.0361
5344 69.0361
5345 69.0361
5346 69.0361
5347 69.0361
5348 69.0361
5349 69.0361
5350 69.0361
5351 69.0361
5352 69.0361
5353 69.0361
5354 69.0361
5355 69.0361
5356 69.0361
5357 69.0361
5358 69.0361
5359 69.0361
5360 69.0361
5361 69.0361
5362 69.0361
5363 69.0361
5364 69.0361
5365 69.0361
5366 69.0361
5367 69.0361
5368 69.0361
5369 69.0361
5370 69.0361
5371 69.0361
5372 69.0361
5373 69.0361
5374 69.0361
5375 69.0361
5376 69.0361
5377 69.0361
5378 69.0361
5379 69.0361
5380 69.0361
5381 69.0361
5382 69.0361
5383 69.0361
5384 69.0361
5385 69.0361
5386 69.0361
5387 69.0361
5388 69.0361
5389 69.0361
5390 69.0361
5391 69.0361
5392 69.0361
5393 69.0361
5394 69.0361
5395 69.0361
5396 69.0361
5397 69.0361
5398 69.0361
5399 69.0361
5400 69.0361
5401 69.0361
5402 69.0361
5403 69.0361
5404 69.0361
5405 69.0361
5406 69.0361
5407 69.0361
5408 69.0361
5409 69.0361
5410 69.0361
5411 69.0361
5412 69.0361
5413 69.0361
5414 69.0361
5415 69.0361
5416 69.0361
5417 69.0361
5418 69.0361
5419 69.0361
5420 69.0361
5421 69.0361
5422 69.0361
5423 69.0361
5424 69.0361
5425 69.0361
5426 69.0361
5427 69.0361
5428 69.0361
5429 69.0361
5430 69.0361
5431 69.0361
5432 69.0361
5433 69.0361
5434 69.0361
5435 69.0361
5436 69.0361
5437 69.0361
5438 69.0361
5439 69.0361
5440 69.0361
5441 69.0361
5442 69.0361
5443 69.0361
5444 69.0361
5445 69.0361
5446 69.0361
5447 69.0361
5448 69.0361
5449 69.0361
5450 69.0361
5451 69.0361
5452 69.0361
5453 69.0361
5454 69.0361
5455 69.0361
5456 69.0361
5457 69.0361
5458 69.0361
5459 69.0361
5460 69.0361
5461 69.0361
5462 69.0361
5463 69.0361
5464 69.0361
5465 69.0361
5466 69.0361
5467 69.0361
5468 69.0361
5469 69.0361
5470 69.0361
5471 69.0361
5472 69.0361
5473 69.0361
5474 69.0361
5475 69.0361
5476 69.0361
5477 69.0361
5478 69.0361
5479 69.0361
5480 69.0361
5481 69.0361
5482 69.0361
5483 69.0361
5484 69.0361
5485 69.0361
5486 69.0361
5487 69.0361
5488 69.0361
5489 69.0361
5490 69.0361
5491 69.0361
5492 69.0361
5493 69.0361
5494 69.0361
5495 69.0361
5496 69.0361
5497 69.0361
5498 69.0361
5499 69.0361
5500 69.0361
5501 69.0361
5502 69.0361
5503 69.0361
5504 69.0361
5505 69.0361
5506 69.0361
5507 69.0361
5508 69.0361
5509 69.0361
5510 69.0361
5511 69.0361
5512 69.0361
5513 69.0361
5514 69.0361
5515 69.0361
5516 69.0361
5517 69.0361
5518 69.0361
5519 69.0361
5520 69.0361
5521 69.0361
5522 69.0361
5523 69.0361
5524 69.0361
5525 69.0361
5526 69.0361
5527 69.0361
5528 69.0361
5529 69.0361
5530 69.0361
5531 69.0361
5532 69.0361
5533 69.0361
5534 69.0361
5535 69.0361
5536 69.0361
5537 69.0361
5538 69.0361
5539 69.0361
5540 69.0361
5541 69.0361
5542 69.0361
5543 69.0361
5544 69.0361
5545 69.0361
5546 69.0361
5547 69.0361
5548 69.0361
5549 69.0361
5550 69.0361
5551 69.0361
5552 69.0361
5553 69.0361
5554 69.0361
5555 69.0361
5556 69.0361
5557 69.0361
5558 69.0361
5559 69.0361
5560 69.0361
5561 69.0361
5562 69.0361
5563 69.0361
5564 69.0361
5565 69.0361
5566 69.0361
5567 69.0361
5568 69.0361
5569 69.0361
5570 69.0361
5571 69.0361
5572 69.0361
5573 69.0361
5574 69.0361
5575 69.0361
5576 69.0361
5577 69.0361
5578 69.0361
5579 69.0361
5580 69.0361
5581 69.0361
5582 69.0361
5583 69.0361
5584 69.0361
5585 69.0361
5586 69.0361
5587 69.0361
5588 69.0361
5589 69.0361
5590 69.0361
5591 69.0361
5592 69.0361
5593 69.0361
5594 69.0361
5595 69.0361
5596 69.0361
5597 69.0361
5598 69.0361
5599 69.0361
5600 69.0361
5601 69.0361
5602 69.0361
5603 69.0361
5604 69.0361
5605 69.0361
5606 69.0361
5607 69.0361
5608 69.0361
5609 69.0361
5610 69.0361
5611 69.0361
5612 69.0361
5613 69.0361
5614 69.0361
5615 69.0361
5616 69.0361
5617 69.0361
5618 69.0361
5619 69.0361
5620 69.0361
5621 69.0361
5622 69.0361
5623 68.7909
5624 68.7909
5625 68.7909
5626 68.7909
5627 68.7909
5628 68.7909
5629 68.7909
5630 68.7909
5631 68.7909
5632 68.7909
5633 68.7909
5634 68.7909
5635 68.7909
5636 68.7909
5637 68.7909
5638 68.7909
5639 68.7909
5640 68.7909
5641 68.7909
5642 68.7909
5643 68.7909
5644 68.7909
5645 68.7909
5646 68.7909
5647 68.7909
5648 68.7909
5649 68.7909
5650 68.7909
5651 68.7909
5652 68.7909
5653 68.7909
5654 68.7452
5655 68.7452
5656 68.7452
5657 68.7452
5658 68.7452
5659 68.7452
5660 68.7452
5661 68.7452
5662 68.7452
5663 68.7452
5664 68.7452
5665 68.7452
5666 68.7452
5667 68.7452
5668 68.7452
5669 68.7452
5670 68.7452
5671 68.7452
5672 68.7452
5673 68.7452
5674 68.7452
5675 68.7452
5676 68.7452
5677 68.7452
5678 68.7452
5679 68.7452
5680 68.7452
5681 68.7452
5682 68.7452
5683 68.7452
5684 68.7452
5685 68.7452
5686 68.7452
5687 68.7452
5688 68.7452
5689 68.7452
5690 68.7452
5691 68.7452
5692 68.7452
5693 68.7452
5694 68.7452
5695 68.7452
5696 68.7452
5697 68.7452
5698 68.7452
5699 68.7452
5700 68.7452
5701 68.7452
5702 68.7452
5703 68.7452
5704 68.7452
5705 68.7452
5706 68.7452
5707 68.7452
5708 68.7452
5709 68.7452
5710 68.7452
5711 68.7452
5712 68.7452
5713 68.7452
5714 68.7452
5715 68.7452
5716 68.7452
5717 68.7452
5718 68.7452
5719 68.7452
5720 68.7452
5721 68.7452
5722 68.7452
5723 68.7452
5724 68.7452
5725 68.7452
5726 68.7452
5727 68.7452
5728 68.7452
5729 68.7452
5730 68.7452
5731 68.7452
5732 68.7452
5733 68.7452
5734 68.7452
5735 68.7452
5736 68.7452
5737 68.7452
5738 68.7452
5739 68.7452
5740 68.7452
5741 68.7452
5742 68.7452
5743 68.7452
5744 68.7452
5745 68.7452
5746 68.7452
5747 68.7452
5748 68.7452
5749 68.7452
5750 68.7452
5751 68.7452
5752 68.7452
5753 68.7452
5754 68.7452
5755 68.7452
5756 68.7452
5757 68.7452
5758 68.7452
5759 68.7452
5760 68.7452
5761 68.7452
5762 68.7452
5763 68.7452
5764 68.7452
5765 68.7452
5766 68.7452
5767 68.7452
5768 68.7452
5769 68.7452
5770 68.7452
5771 68.7452
5772 68.7452
5773 68.7452
5774 68.7452
5775 68.7452
5776 68.7452
5777 68.7452
5778 68.7452
5779 68.7452
5780 68.7452
5781 68.7452
5782 68.7452
5783 68.7452
5784 68.7452
5785 68.7452
5786 68.7452
5787 68.7452
5788 68.7452
5789 68.7452
5790 68.7452
5791 68.7452
5792 68.7452
5793 68.7452
5794 68.7452
5795 68.7452
5796 68.7452
5797 68.7452
5798 68.7452
5799 68.7452
5800 68.7452
5801 68.7452
5802 68.7452
5803 68.7452
5804 68.7452
5805 68.7452
5806 68.7452
5807 68.7452
5808 68.7452
5809 68.7452
5810 68.7452
5811 68.7452
5812 68.7452
5813 68.7452
5814 68.7452
5815 68.7452
5816 68.7452
5817 68.7452
5818 68.7452
5819 68.7452
5820 68.7452
5821 68.7452
5822 68.7452
5823 68.7452
5824 68.7452
5825 68.7452
5826 68.7452
5827 68.7452
5828 68.7452
5829 68.7452
5830 68.7452
5831 68.7452
5832 68.7452
5833 68.7452
5834 68.7452
5835 68.7452
5836 68.7452
5837 68.7452
5838 68.7452
5839 68.7452
5840 68.7452
5841 68.7452
5842 68.7452
5843 68.7452
5844 68.7452
5845 68.7452
5846 68.7452
5847 68.7452
5848 68.7452
5849 68.7452
5850 68.7452
5851 68.7452
5852 68.7452
5853 68.7452
5854 68.7452
5855 68.7452
5856 68.7452
5857 68.7452
5858 68.7452
5859 68.7452
5860 68.7452
5861 68.7452
5862 68.7452
5863 68.7452
5864 68.7452
5865 68.7452
5866 68.7452
5867 68.7452
5868 68.7452
5869 68.7452
5870 68.7452
5871 68.7452
5872 68.7452
5873 68.7452
5874 68.7452
5875 68.7452
5876 68.7452
5877 68.7452
5878 68.7452
5879 68.7452
5880 68.7452
5881 68.7452
5882 68.7452
5883 68.7452
5884 68.7452
5885 68.7452
5886 68.7452
5887 68.7452
5888 68.7452
5889 68.7452
5890 68.7452
5891 68.7452
5892 68.7452
5893 68.7452
5894 68.7452
5895 68.7452
5896 68.7452
5897 68.7452
5898 68.7452
5899 68.7452
5900 68.7452
5901 68.7452
5902 68.7452
5903 68.7452
5904 68.7452
5905 68.7452
5906 68.7452
5907 68.7452
5908 68.7452
5909 68.7452
5910 68.7452
5911 68.7452
5912 68.7452
5913 68.7452
5914 68.7452
5915 68.7452
5916 68.7452
5917 68.7452
5918 68.7452
5919 68.7452
5920 68.7452
5921 68.7452
5922 68.7452
5923 68.7452
5924 68.7452
5925 68.7452
5926 68.7452
5927 68.7452
5928 68.7452
5929 68.7452
5930 68.7452
5931 68.7452
5932 68.7452
5933 68.7452
5934 68.7452
5935 68.7452
5936 68.7452
5937 68.7452
5938 68.7452
5939 68.7452
5940 68.7452
5941 68.7452
5942 68.7452
5943 68.7452
5944 68.7452
5945 68.7452
5946 68.7452
5947 68.7452
5948 68.7452
5949 68.7452
5950 68.7452
5951 68.7452
5952 68.7452
5953 68.7452
5954 68.7452
5955 68.7452
5956 68.7452
5957 68.7452
5958 68.7452
5959 68.7452
5960 68.7452
5961 68.7452
5962 68.7452
5963 68.7452
5964 68.7452
5965 68.7452
5966 68.7452
5967 68.7452
5968 68.7452
5969 68.7452
5970 68.7452
5971 68.7452
5972 68.7452
5973 68.7452
5974 68.7452
5975 68.7452
5976 68.7452
5977 68.7452
5978 68.7452
5979 68.7452
5980 68.7452
5981 68.7452
5982 68.7452
5983 68.7452
5984 68.7452
5985 68.7452
5986 68.7452
5987 68.7452
5988 68.7452
5989 68.7452
5990 68.7452
5991 68.7452
5992 68.7452
5993 68.7452
5994 68.7452
5995 68.7452
5996 68.7452
5997 68.7452
5998 68.7452
5999 68.7452
