0 448.038
1 441.01
2 430.593
3 426.131
4 419.132
5 414.877
6 412.471
7 405.75
8 400.659
9 399.509
10 394.638
11 387.164
12 387.164
13 379.316
14 374.587
15 371.171
16 368.715
17 367.929
18 367.221
19 357.128
20 353.459
21 348.846
22 347.47
23 342.857
24 336.66
25 336.66
26 335.168
27 333.694
28 327.042
29 324
30 321.688
31 320.952
32 320.952
33 320.214
34 319.997
35 315.223
36 313.645
37 313.093
38 310.968
39 310.968
40 307.326
41 306.329
42 303.501
43 303.405
44 301.094
45 296.454
46 296.454
47 295.434
48 294.309
49 291.618
50 290.596
51 289.978
52 288.494
53 283.877
54 281.349
55 279.849
56 277.657
57 275.511
58 275.511
59 270.751
60 270.751
61 270.751
62 270.751
63 270.751
64 270.751
65 268.289
66 268.289
67 268.289
68 266.558
69 264.785
70 263.41
71 263.41
72 263.41
73 262.216
74 256.729
75 253.99
76 252.992
77 251.799
78 249.71
79 249.71
80 248.064
81 248.064
82 245.319
83 245.319
84 242.074
85 242.074
86 239.964
87 239.964
88 238.008
89 235.897
90 235.578
91 234.357
92 228.225
93 228.225
94 224.841
95 224.841
96 220.571
97 220.571
98 220.124
99 219.032
100 218.586
101 214.824
102 214.824
103 214.824
104 214.824
105 211.331
106 211.236
107 210.854
108 209.131
109 208.63
110 207.358
111 204.752
112 203.882
113 202.999
114 201.691
115 200.808
116 200.03
117 200.03
118 196.933
119 196.933
120 192.787
121 192.59
122 191.12
123 191.12
124 191.12
125 191.12
126 190.58
127 190.58
128 190.58
129 190.58
130 190.039
131 189.482
132 189.309
133 188.041
134 188.041
135 186.86
136 186.86
137 186.746
138 186.746
139 186.746
140 186.746
141 186.561
142 185.417
143 184.263
144 184.263
145 183.848
146 183.604
147 183.386
148 183.014
149 183.014
150 182.355
151 181.752
152 180.717
153 178.212
154 178.212
155 178.212
156 178.158
157 177.027
158 176.234
159 175.995
160 172.879
161 172.727
162 172.636
163 172.636
164 172.636
165 172.636
166 172.636
167 171.906
168 171.906
169 171.631
170 171.547
171 171.547
172 171.547
173 170.671
174 170.671
175 170.671
176 170.671
177 169.884
178 168.517
179 167.633
180 165.988
181 165.472
182 161.894
183 161.894
184 161.894
185 161.388
186 161.01
187 161.01
188 161.01
189 160.426
190 160.426
191 160.426
192 160.426
193 160.426
194 160.426
195 159.879
196 158.853
197 158.83
198 158.26
199 156.159
200 156.159
201 156.159
202 156.159
203 156.159
204 156.159
205 155.961
206 155.961
207 155.961
208 155.961
209 155.961
210 155.954
211 155.954
212 155.954
213 155.547
214 154.333
215 153.963
216 153.947
217 152.647
218 152.323
219 152.323
220 152.239
221 151.514
222 150.439
223 150.439
224 150.439
225 150.439
226 150.439
227 150.439
228 148.927
229 148.245
230 147.614
231 147.36
232 147.104
233 146.85
234 146.85
235 146.85
236 146.85
237 145.547
238 145.547
239 145.347
240 144.782
241 143.132
242 143.132
243 143.132
244 142.021
245 141.477
246 141.101
247 140.03
248 139.485
249 139.485
250 138.99
251 138.189
252 138.189
253 138.189
254 138.189
255 138.189
256 138.189
257 138.189
258 138.189
259 138.019
260 138.019
261 138.019
262 138.019
263 138.019
264 138.019
265 138.019
266 138.019
267 137.923
268 137.923
269 137.923
270 137.923
271 137.923
272 137.923
273 137.923
274 137.095
275 137.095
276 137.095
277 137.095
278 137.095
279 137.095
280 136.978
281 136.978
282 136.972
283 136.972
284 136.972
285 136.972
286 136.972
287 136.577
288 136.44
289 136.44
290 136.44
291 136.44
292 136.44
293 136.44
294 136.44
295 136.44
296 136.44
297 135.238
298 135.238
299 135.238
300 135.238
301 135.238
302 135.238
303 135.238
304 133.6
305 132.727
306 131.533
307 131.533
308 131.533
309 131.533
310 131.533
311 131.533
312 131.533
313 131.533
314 131.533
315 130.002
316 130.002
317 128.255
318 128.255
319 128.255
320 128.255
321 128.255
322 127.719
323 127.486
324 127.314
325 127.314
326 127.314
327 127.208
328 126.699
329 126.699
330 125.866
331 125.866
332 125.866
333 125.866
334 125.343
335 125.343
336 125.343
337 125.343
338 124.715
339 124.5
340 123.528
341 123.528
342 123.528
343 123.528
344 123.294
345 122.981
346 122.981
347 122.726
348 122.726
349 122.726
350 122.726
351 121.724
352 121.724
353 121.724
354 121.598
355 121.598
356 121.598
357 121.598
358 121.598
359 121.593
360 121.33
361 121.33
362 121.33
363 121.33
364 120.554
365 120.554
366 120.096
367 119.901
368 119.901
369 119.901
370 119.901
371 119.901
372 119.901
373 119.901
374 119.856
375 119.856
376 119.856
377 118.487
378 118.487
379 118.487
380 118.487
381 118.487
382 118.487
383 118.487
384 117.809
385 117.809
386 117.809
387 117.809
388 117.809
389 117.809
390 117.809
391 117.809
392 117.809
393 117.809
394 117.809
395 117.809
396 117.809
397 117.809
398 117.809
399 117.809
400 117.809
401 117.809
402 117.809
403 117.607
404 117.39
405 117.39
406 116.991
407 116.991
408 116.991
409 116.991
410 116.945
411 116.945
412 116.945
413 116.945
414 116.945
415 116.945
416 116.945
417 116.945
418 116.945
419 115.974
420 115.974
421 115.974
422 115.974
423 115.974
424 115.974
425 115.974
426 115.939
427 115.939
428 115.939
429 115.939
430 115.939
431 115.939
432 115.939
433 115.939
434 115.939
435 115.939
436 115.939
437 115.939
438 115.939
439 115.939
440 115.939
441 115.939
442 115.939
443 115.939
444 115.939
445 115.939
446 115.939
447 115.939
448 115.939
449 115.939
450 115.939
451 115.939
452 115.939
453 115.939
454 115.939
455 115.405
456 115.405
457 115.405
458 115.405
459 115.405
460 115.405
461 114.609
462 113.902
463 113.902
464 113.902
465 113.692
466 113.692
467 113.692
468 113.692
469 113.692
470 113.692
471 113.692
472 113.692
473 113.692
474 113.692
475 112.966
476 112.966
477 112.966
478 112.966
479 112.966
480 112.966
481 112.862
482 112.862
483 112.862
484 112.862
485 112.862
486 112.303
487 112.22
488 112.22
489 112.136
490 112.009
491 111.156
492 111.156
493 111.156
494 111.156
495 110.498
496 110.498
497 110.498
498 110.498
499 110.498
500 110.498
501 110.498
502 110.268
503 110.268
504 109.355
505 109.355
506 109.355
507 109.355
508 109.355
509 109.355
510 109.355
511 109.355
512 109.355
513 109.355
514 109.355
515 109.355
516 109.355
517 109.355
518 109.355
519 109.355
520 109.355
521 109.355
522 109.355
523 109.355
524 109.355
525 109.355
526 109.355
527 109.355
528 109.355
529 109.355
530 109.355
531 109.355
532 108.865
533 108.865
534 108.865
535 108.865
536 108.865
537 108.865
538 108.865
539 108.865
540 108.679
541 108.679
542 108.679
543 108.679
544 108.651
545 108.568
546 108.568
547 108.568
548 108.568
549 108.568
550 108.568
551 108.568
552 108.11
553 108.11
554 108.11
555 108.11
556 108.11
557 108.11
558 108.11
559 108.11
560 108.11
561 108.11
562 107.976
563 107.976
564 107.976
565 107.976
566 107.976
567 107.976
568 107.701
569 107.701
570 107.701
571 107.234
572 107.234
573 107.234
574 107.208
575 107.208
576 107.208
577 107.208
578 107.208
579 106.676
580 106.676
581 106.676
582 106.676
583 102.238
584 102.238
585 102.238
586 102.238
587 102.238
588 102.238
589 102.238
590 102.238
591 102.238
592 102.238
593 102.238
594 102.238
595 102.238
596 102.238
597 102.238
598 102.238
599 102.238
600 102.238
601 102.118
602 101.386
603 101.386
604 101.386
605 101.386
606 101.386
607 101.386
608 101.386
609 101.386
610 101.386
611 101.386
612 101.386
613 101.386
614 101.386
615 101.386
616 101.386
617 101.386
618 101.357
619 101.357
620 101.357
621 101.357
622 100.878
623 100.878
624 100.878
625 100.878
626 100.878
627 100.878
628 100.878
629 100.878
630 100.878
631 100.878
632 100.878
633 100.878
634 100.878
635 100.878
636 100.878
637 100.878
638 100.878
639 100.878
640 100.878
641 100.878
642 100.878
643 100.878
644 100.878
645 100.878
646 100.878
647 100.878
648 100.617
649 100.617
650 100.617
651 100.497
652 100.497
653 100.497
654 100.368
655 100.368
656 100.368
657 100.343
658 100.343
659 100.343
660 100.343
661 100.343
662 100.343
663 100.343
664 99.3088
665 99.3088
666 99.3088
667 99.3088
668 99.3088
669 99.3088
670 98.9697
671 98.9697
672 98.9697
673 98.9697
674 98.9697
675 98.9697
676 98.5934
677 98.5934
678 98.5934
679 98.5934
680 98.5934
681 98.5934
682 98.5934
683 98.5934
684 98.5934
685 98.5934
686 98.5934
687 98.5934
688 98.5934
689 98.5934
690 98.5934
691 97.8634
692 97.8634
693 97.8634
694 97.8634
695 97.8634
696 97.8634
697 97.8634
698 97.8634
699 97.8634
700 96.7816
701 96.7816
702 96.7816
703 96.7816
704 96.7816
705 96.7816
706 96.7816
707 96.7816
708 96.7816
709 96.7816
710 96.7816
711 96.7816
712 96.34
713 96.34
714 96.34
715 96.34
716 96.34
717 96.34
718 96.34
719 96.34
720 96.34
721 96.34
722 96.34
723 96.3354
724 96.3039
725 96.3039
726 96.3039
727 96.3039
728 96.0598
729 96.0598
730 96.0598
731 96.0598
732 96.0598
733 96.0598
734 96.0598
735 96.0598
736 96.0598
737 96.0598
738 96.0598
739 96.0598
740 95.881
741 95.881
742 95.8016
743 95.8016
744 95.8016
745 95.8016
746 95.8016
747 95.8016
748 95.8016
749 95.8016
750 95.8016
751 95.8016
752 95.8016
753 95.4027
754 95.4027
755 95.4027
756 95.4027
757 95.4027
758 95.4027
759 95.4027
760 95.4027
761 95.4027
762 95.4027
763 95.4027
764 95.4027
765 95.4027
766 95.4027
767 95.4027
768 95.4027
769 95.4027
770 95.4027
771 95.4027
772 95.4027
773 95.4027
774 95.4027
775 95.4027
776 95.4027
777 95.4027
778 95.4027
779 95.4027
780 95.4027
781 95.4027
782 95.4027
783 95.4027
784 95.4027
785 95.4027
786 95.4027
787 95.4027
788 95.4027
789 95.4027
790 95.4027
791 95.4027
792 95.4027
793 95.4027
794 95.4027
795 95.4027
796 95.4027
797 95.4027
798 95.4027
799 95.4027
800 95.1464
801 95.1464
802 95.1464
803 95.1464
804 95.1464
805 95.1464
806 95.1464
807 95.0891
808 95.0891
809 95.0891
810 95.0891
811 94.76
812 94.76
813 94.76
814 94.76
815 94.76
816 94.76
817 94.76
818 94.76
819 94.76
820 94.76
821 94.76
822 94.76
823 94.76
824 94.76
825 94.7204
826 94.7204
827 94.7204
828 94.7204
829 94.7204
830 94.7204
831 94.7204
832 94.7204
833 94.7204
834 94.7204
835 94.7204
836 94.7204
837 94.7204
838 94.7204
839 94.7204
840 94.7204
841 94.7204
842 94.7204
843 94.7204
844 94.7204
845 94.7204
846 94.7204
847 94.7204
848 94.7204
849 94.5242
850 94.5242
851 94.3283
852 94.2348
853 94.2128
854 93.5179
855 93.5179
856 93.27
857 93.27
858 92.8079
859 92.8079
860 92.8079
861 92.7123
862 92.7123
863 92.3759
864 92.3759
865 92.3759
866 92.3759
867 91.8817
868 91.8817
869 91.8817
870 91.8817
871 91.8817
872 91.8817
873 91.8817
874 91.8817
875 91.8817
876 91.8817
877 91.8817
878 91.8817
879 91.8817
880 91.8817
881 91.8817
882 91.8817
883 91.8817
884 91.8817
885 91.8817
886 91.8817
887 91.8817
888 91.8817
889 91.8817
890 91.8817
891 91.8817
892 91.8817
893 91.8817
894 91.8817
895 91.379
896 91.1977
897 91.1977
898 91.1977
899 91.1977
900 91.1977
901 91.1977
902 91.1977
903 91.1977
904 90.8812
905 90.8812
906 90.8812
907 90.8812
908 90.8812
909 90.8812
910 90.8812
911 90.8812
912 90.8812
913 90.8812
914 90.8812
915 90.8812
916 90.8812
917 90.8812
918 90.8812
919 90.8812
920 90.8812
921 90.8812
922 90.8812
923 90.8812
924 90.8812
925 90.8812
926 90.8812
927 90.8812
928 90.8812
929 90.8812
930 90.8812
931 90.8812
932 90.8812
933 90.8812
934 90.8812
935 90.8812
936 90.8812
937 90.8812
938 90.8812
939 90.8812
940 90.8812
941 90.7827
942 90.7827
943 90.7827
944 90.7827
945 90.4308
946 90.4308
947 90.4308
948 90.4308
949 90.4308
950 90.4308
951 90.4308
952 90.4308
953 90.4308
954 90.4308
955 90.4308
956 90.4308
957 90.4308
958 90.4308
959 90.4308
960 90.4308
961 90.4308
962 90.4308
963 90.4308
964 90.4308
965 90.4308
966 90.4308
967 90.4308
968 89.5001
969 89.5001
970 89.3906
971 89.3906
972 89.3906
973 89.3906
974 89.3906
975 89.3906
976 89.3906
977 89.3906
978 89.3906
979 89.3906
980 89.3906
981 89.3906
982 89.3906
983 89.3906
984 89.3906
985 89.3906
986 89.3906
987 89.3906
988 89.3906
989 89.3906
990 89.3906
991 89.3906
992 89.3906
993 89.3906
994 89.3906
995 89.3906
996 89.3906
997 89.3906
998 89.3906
999 89.3906
1000 89.3906
1001 89.3906
1002 89.3906
1003 89.3906
1004 89.3906
1005 89.3229
1006 89.3229
1007 89.3229
1008 89.3229
1009 89.3229
1010 89.2261
1011 89.2261
1012 89.2261
1013 89.2261
1014 89.2261
1015 89.2261
1016 89.2261
1017 89.2261
1018 89.2261
1019 89.2261
1020 89.2261
1021 89.2261
1022 89.2261
1023 89.2261
1024 89.2261
1025 89.2261
1026 89.2261
1027 89.2261
1028 89.2261
1029 89.2261
1030 89.2261
1031 89.2261
1032 89.2261
1033 89.2261
1034 89.2261
1035 89.2261
1036 89.2261
1037 89.2261
1038 89.2261
1039 89.2261
1040 89.2261
1041 89.2261
1042 89.2261
1043 89.2261
1044 89.2261
1045 89.2261
1046 89.2261
1047 89.2261
1048 89.2089
1049 89.2089
1050 89.2089
1051 89.2089
1052 89.2089
1053 89.2089
1054 89.2089
1055 89.2089
1056 89.2089
1057 89.2089
1058 89.2089
1059 89.2089
1060 89.2089
1061 89.2089
1062 89.2089
1063 89.2089
1064 89.2089
1065 89.2089
1066 89.2089
1067 89.2089
1068 89.2089
1069 89.2089
1070 89.2089
1071 89.2089
1072 89.2089
1073 89.2089
1074 89.2089
1075 89.2089
1076 89.2089
1077 89.2089
1078 89.2089
1079 89.2089
1080 89.2089
1081 89.2089
1082 89.2089
1083 89.2089
1084 89.2089
1085 89.2089
1086 89.2089
1087 89.2089
1088 89.2089
1089 89.2089
1090 89.2089
1091 89.2089
1092 89.2089
1093 89.2089
1094 89.2089
1095 89.2089
1096 89.2089
1097 89.2089
1098 89.2089
1099 89.2089
1100 89.2089
1101 89.2089
1102 89.2089
1103 89.2089
1104 89.2089
1105 89.2089
1106 89.2089
1107 89.2089
1108 89.2089
1109 89.2089
1110 88.9967
1111 88.9967
1112 88.9967
1113 88.9967
1114 88.9967
1115 88.9967
1116 88.9967
1117 88.9967
1118 88.9967
1119 88.9967
1120 88.9967
1121 88.9967
1122 88.9967
1123 88.9967
1124 88.9967
1125 88.9967
1126 88.9967
1127 88.9967
1128 88.9967
1129 88.9967
1130 88.9967
1131 88.9967
1132 87.9889
1133 87.9889
1134 87.6294
1135 87.6294
1136 87.6294
1137 87.6294
1138 87.6294
1139 87.6294
1140 87.6294
1141 87.6294
1142 87.6294
1143 87.6294
1144 87.6294
1145 87.6294
1146 87.6294
1147 87.6294
1148 87.6294
1149 87.6294
1150 87.6294
1151 87.6294
1152 87.4506
1153 87.4506
1154 87.4506
1155 87.4506
1156 87.4506
1157 87.4506
1158 87.4506
1159 87.4506
1160 87.4506
1161 87.4506
1162 87.4506
1163 87.4506
1164 87.4506
1165 87.4506
1166 87.4506
1167 87.4506
1168 87.4506
1169 87.4506
1170 87.4506
1171 87.4506
1172 87.4506
1173 87.4506
1174 87.4506
1175 87.4506
1176 87.4506
1177 87.4506
1178 87.4506
1179 87.4506
1180 87.4506
1181 87.4506
1182 87.4506
1183 87.4506
1184 87.4506
1185 87.4506
1186 87.4506
1187 87.4506
1188 87.1469
1189 87.1469
1190 87.1469
1191 87.1469
1192 87.1469
1193 87.1469
1194 87.1469
1195 87.1269
1196 87.1269
1197 87.1269
1198 87.1269
1199 87.1269
1200 87.1269
1201 87.1269
1202 87.1269
1203 87.1269
1204 87.1269
1205 87.1269
1206 87.1269
1207 87.1269
1208 87.02
1209 87.02
1210 87.02
1211 87.02
1212 87.02
1213 87.02
1214 87.02
1215 87.02
1216 87.02
1217 87.02
1218 87.02
1219 87.02
1220 87.02
1221 87.02
1222 87.02
1223 87.02
1224 87.02
1225 86.9812
1226 86.9812
1227 86.9812
1228 86.9812
1229 86.9812
1230 86.9812
1231 86.9812
1232 86.9812
1233 86.9812
1234 86.9812
1235 86.9812
1236 86.9812
1237 86.9812
1238 86.9812
1239 86.9812
1240 86.9812
1241 86.9812
1242 86.9812
1243 86.9812
1244 86.9812
1245 86.9812
1246 86.9812
1247 86.9812
1248 86.9812
1249 86.9812
1250 86.9812
1251 86.9812
1252 86.9812
1253 86.9812
1254 86.9812
1255 86.9812
1256 86.9812
1257 86.9812
1258 86.9812
1259 86.9812
1260 86.9812
1261 86.9812
1262 86.9812
1263 86.9812
1264 86.9812
1265 86.9812
1266 86.9812
1267 86.9812
1268 86.9812
1269 86.9812
1270 86.9812
1271 86.9812
1272 86.9812
1273 86.9812
1274 86.9812
1275 86.9812
1276 86.9812
1277 86.9812
1278 86.9812
1279 86.9812
1280 86.9812
1281 86.9812
1282 86.9812
1283 86.9812
1284 86.9812
1285 86.9812
1286 86.9812
1287 86.9812
1288 86.9812
1289 86.9812
1290 86.9812
1291 86.9812
1292 86.9812
1293 86.9812
1294 86.9812
1295 86.9812
1296 86.9812
1297 86.9812
1298 86.9812
1299 86.9812
1300 86.9812
1301 86.9812
1302 86.9812
1303 86.9812
1304 86.9812
1305 86.9812
1306 86.9812
1307 86.1721
1308 86.1721
1309 86.1721
1310 86.1721
1311 86.1721
1312 86.1721
1313 86.1721
1314 86.1721
1315 86.1721
1316 86.1721
1317 86.1721
1318 86.1721
1319 85.331
1320 85.331
1321 85.331
1322 85.331
1323 85.331
1324 85.331
1325 85.331
1326 85.0964
1327 85.0964
1328 85.0964
1329 85.0964
1330 85.0964
1331 85.0964
1332 85.0964
1333 85.0964
1334 85.0964
1335 85.0964
1336 84.921
1337 84.921
1338 84.657
1339 84.657
1340 84.657
1341 84.657
1342 84.657
1343 84.657
1344 84.657
1345 84.657
1346 84.657
1347 84.657
1348 84.657
1349 84.657
1350 84.657
1351 84.657
1352 84.657
1353 84.657
1354 84.657
1355 84.657
1356 84.657
1357 84.657
1358 84.657
1359 84.657
1360 84.657
1361 84.657
1362 84.657
1363 84.657
1364 84.657
1365 84.657
1366 84.657
1367 84.657
1368 84.657
1369 84.657
1370 84.657
1371 84.657
1372 84.657
1373 84.657
1374 84.657
1375 84.657
1376 84.657
1377 84.657
1378 84.657
1379 84.657
1380 84.657
1381 84.657
1382 84.657
1383 84.657
1384 84.657
1385 84.657
1386 84.657
1387 84.657
1388 84.657
1389 84.657
1390 84.3928
1391 84.3928
1392 84.3928
1393 84.3928
1394 84.3928
1395 84.3928
1396 84.3928
1397 84.3928
1398 84.3928
1399 84.3928
1400 84.3928
1401 84.3928
1402 84.3928
1403 84.3928
1404 84.3928
1405 84.3928
1406 83.8723
1407 83.8476
1408 83.8476
1409 83.8476
1410 83.8476
1411 83.8476
1412 83.8476
1413 83.8476
1414 83.8476
1415 83.8476
1416 83.8476
1417 83.8476
1418 83.8476
1419 83.8476
1420 83.8476
1421 83.8476
1422 83.3271
1423 83.3271
1424 83.3271
1425 83.3271
1426 83.3271
1427 83.3271
1428 83.3271
1429 83.3271
1430 83.3271
1431 83.3271
1432 83.3271
1433 83.3271
1434 83.3271
1435 83.3271
1436 83.3271
1437 83.3271
1438 83.3271
1439 83.3271
1440 83.3271
1441 83.3271
1442 83.3271
1443 83.3271
1444 83.3271
1445 83.3271
1446 83.3271
1447 83.3271
1448 83.3271
1449 83.3271
1450 83.3271
1451 83.3271
1452 83.3271
1453 83.3271
1454 83.3271
1455 83.3271
1456 83.3271
1457 83.3271
1458 83.3271
1459 83.3271
1460 83.3271
1461 83.3271
1462 83.3271
1463 83.3271
1464 83.3271
1465 83.3271
1466 83.3271
1467 83.3271
1468 83.3271
1469 83.3271
1470 83.3271
1471 83.3271
1472 83.3271
1473 83.3271
1474 83.3271
1475 83.3271
1476 83.3271
1477 83.3271
1478 83.3271
1479 83.3271
1480 83.3271
1481 83.3271
1482 83.3271
1483 83.3271
1484 83.3271
1485 83.3271
1486 83.3271
1487 83.3271
1488 83.3271
1489 83.3271
1490 83.3271
1491 83.3271
1492 83.3271
1493 83.3271
1494 83.3271
1495 83.3271
1496 83.3271
1497 83.3271
1498 83.3271
1499 83.3271
1500 83.3271
1501 83.3271
1502 83.3271
1503 83.3271
1504 83.3271
1505 83.3271
1506 83.3271
1507 83.3271
1508 83.3271
1509 83.3271
1510 83.3271
1511 83.3271
1512 83.3271
1513 83.3271
1514 83.3271
1515 83.3271
1516 83.3271
1517 83.3271
1518 83.3271
1519 83.3271
1520 83.3271
1521 83.2714
1522 83.2714
1523 83.2714
1524 83.2714
1525 83.2714
1526 83.2714
1527 83.2714
1528 83.2714
1529 83.2714
1530 83.2714
1531 83.2714
1532 83.2714
1533 83.2714
1534 83.2714
1535 83.2714
1536 83.2714
1537 83.2714
1538 83.2714
1539 83.2714
1540 83.2714
1541 83.2714
1542 83.2714
1543 83.2714
1544 83.2714
1545 83.2714
1546 83.2714
1547 83.2714
1548 83.2714
1549 83.2714
1550 83.2714
1551 83.2714
1552 83.2714
1553 83.2714
1554 83.2714
1555 83.2714
1556 83.2714
1557 83.2714
1558 83.2714
1559 83.2714
1560 83.2714
1561 83.2714
1562 83.2714
1563 83.2714
1564 83.2714
1565 83.2714
1566 83.2714
1567 83.2714
1568 83.2714
1569 83.2714
1570 83.2714
1571 83.2714
1572 83.2714
1573 83.2714
1574 83.2714
1575 83.2714
1576 83.2714
1577 83.2714
1578 83.2714
1579 83.2714
1580 83.2714
1581 83.2714
1582 83.2714
1583 83.2714
1584 83.2714
1585 83.2714
1586 83.2714
1587 83.2714
1588 83.2714
1589 83.2714
1590 83.2714
1591 83.2714
1592 83.2714
1593 83.2714
1594 83.2714
1595 83.2714
1596 83.2714
1597 83.2714
1598 83.2714
1599 83.2714
1600 83.2714
1601 83.2714
1602 83.2714
1603 83.2714
1604 83.2714
1605 83.2714
1606 83.2714
1607 83.2714
1608 83.2714
1609 83.2714
1610 83.2714
1611 83.2714
1612 83.2714
1613 83.2714
1614 83.2714
1615 83.2714
1616 83.2714
1617 83.2714
1618 83.2714
1619 83.2714
1620 83.2714
1621 83.2714
1622 83.2714
1623 83.2714
1624 83.2714
1625 83.2714
1626 83.2714
1627 83.2714
1628 83.2714
1629 83.2714
1630 83.2714
1631 83.2714
1632 83.2714
1633 83.2714
1634 83.2714
1635 83.2714
1636 83.2714
1637 83.2714
1638 83.2714
1639 83.2714
1640 83.2714
1641 83.2714
1642 83.2714
1643 83.2714
1644 83.2714
1645 83.2714
1646 83.2714
1647 83.2714
1648 83.2714
1649 83.2714
1650 83.2714
1651 83.2714
1652 83.2714
1653 83.2714
1654 83.2714
1655 83.2714
1656 83.2714
1657 83.2714
1658 83.2714
1659 83.2714
1660 83.2714
1661 83.2714
1662 83.2714
1663 83.2714
1664 83.2714
1665 83.2714
1666 83.2714
1667 83.2714
1668 83.2714
1669 83.2714
1670 83.2714
1671 83.2714
1672 83.2714
1673 83.2714
1674 83.2714
1675 83.2714
1676 83.2714
1677 83.2714
1678 83.2714
1679 83.2714
1680 83.2714
1681 83.2714
1682 83.2714
1683 83.2714
1684 83.2714
1685 83.2714
1686 83.2714
1687 83.2714
1688 83.2714
1689 83.2714
1690 83.2714
1691 83.1004
1692 83.1004
1693 83.1004
1694 83.1004
1695 83.1004
1696 83.1004
1697 83.1004
1698 83.1004
1699 83.1004
1700 83.1004
1701 83.1004
1702 83.1004
1703 83.1004
1704 83.1004
1705 83.1004
1706 83.1004
1707 83.1004
1708 83.1004
1709 83.1004
1710 83.1004
1711 83.1004
1712 83.1004
1713 83.1004
1714 83.1004
1715 83.1004
1716 83.1004
1717 83.1004
1718 83.1004
1719 83.1004
1720 83.1004
1721 83.1004
1722 83.1004
1723 83.1004
1724 83.1004
1725 83.1004
1726 83.1004
1727 83.1004
1728 83.1004
1729 83.1004
1730 83.1004
1731 83.1004
1732 83.1004
1733 83.1004
1734 83.1004
1735 83.1004
1736 83.1004
1737 83.1004
1738 83.1004
1739 83.1004
1740 83.1004
1741 83.1004
1742 83.1004
1743 83.1004
1744 83.1004
1745 83.1004
1746 83.1004
1747 83.1004
1748 83.1004
1749 83.1004
1750 83.1004
1751 83.1004
1752 83.1004
1753 83.1004
1754 83.1004
1755 83.1004
1756 83.1004
1757 83.1004
1758 83.1004
1759 83.1004
1760 83.1004
1761 83.1004
1762 83.1004
1763 83.1004
1764 83.1004
1765 83.1004
1766 83.1004
1767 83.1004
1768 83.1004
1769 83.1004
1770 83.1004
1771 83.1004
1772 83.1004
1773 83.1004
1774 83.1004
1775 83.1004
1776 83.1004
1777 83.1004
1778 83.1004
1779 83.1004
1780 83.0469
1781 83.0469
1782 82.4489
1783 82.4489
1784 82.4489
1785 82.4489
1786 82.4489
1787 82.4489
1788 82.4489
1789 82.4489
1790 82.4489
1791 82.4489
1792 82.4489
1793 82.4489
1794 82.4489
1795 82.4489
1796 82.4489
1797 82.4489
1798 82.4489
1799 82.4489
1800 82.4489
1801 82.4489
1802 82.4489
1803 82.4489
1804 82.4489
1805 82.4489
1806 82.4489
1807 82.4489
1808 82.4489
1809 82.4232
1810 82.4232
1811 82.4232
1812 82.4232
1813 82.4232
1814 82.4232
1815 82.4232
1816 82.4232
1817 82.4232
1818 82.4232
1819 82.4232
1820 82.4232
1821 82.4232
1822 82.4232
1823 82.4232
1824 82.4232
1825 82.4232
1826 82.4232
1827 82.4232
1828 82.4232
1829 82.4232
1830 82.4232
1831 82.4232
1832 82.4232
1833 82.4232
1834 82.4232
1835 82.4232
1836 82.4232
1837 82.4232
1838 82.4232
1839 82.4232
1840 82.4232
1841 82.4232
1842 82.4232
1843 82.4232
1844 82.4232
1845 82.4232
1846 82.4232
1847 82.4232
1848 82.4232
1849 82.4232
1850 82.4232
1851 82.4232
1852 82.4232
1853 82.4232
1854 82.4232
1855 82.4232
1856 82.4232
1857 82.4232
1858 82.4232
1859 82.4232
1860 82.4232
1861 82.4232
1862 82.4232
1863 82.4232
1864 82.4232
1865 82.4232
1866 82.4232
1867 82.4232
1868 82.4232
1869 82.4232
1870 82.4232
1871 82.4232
1872 82.4232
1873 82.4232
1874 82.4232
1875 82.4232
1876 82.4232
1877 82.4232
1878 82.4232
1879 82.4232
1880 82.4232
1881 82.4232
1882 82.4232
1883 82.4232
1884 82.4232
1885 82.4232
1886 82.4232
1887 82.4232
1888 82.4232
1889 82.4232
1890 82.4232
1891 82.4232
1892 82.4232
1893 82.4232
1894 82.4232
1895 82.4232
1896 82.4232
1897 82.4232
1898 82.4232
1899 82.4232
1900 82.4232
1901 82.4232
1902 82.4232
1903 82.4232
1904 82.4232
1905 82.4232
1906 82.4232
1907 82.4232
1908 82.4232
1909 82.4232
1910 82.4232
1911 82.4232
1912 82.4232
1913 82.4232
1914 82.4232
1915 82.4232
1916 82.4232
1917 82.4232
1918 82.4232
1919 82.4232
1920 82.4232
1921 82.4232
1922 82.4232
1923 82.4232
1924 82.4232
1925 82.4232
1926 82.4232
1927 82.4232
1928 82.4232
1929 82.4232
1930 82.4232
1931 82.4232
1932 82.4232
1933 82.4232
1934 82.4232
1935 82.4232
1936 82.4232
1937 82.4232
1938 82.4232
1939 82.4232
1940 82.4232
1941 82.4232
1942 82.4232
1943 82.4232
1944 82.4232
1945 82.4232
1946 82.4232
1947 82.1216
1948 82.1216
1949 82.1216
1950 82.1216
1951 82.1216
1952 82.1216
1953 82.1216
1954 82.1216
1955 82.1216
1956 82.1216
1957 82.1216
1958 82.1216
1959 82.1216
1960 82.1216
1961 82.1216
1962 82.1216
1963 82.1216
1964 82.1216
1965 82.1216
1966 82.1216
1967 82.1216
1968 82.1216
1969 82.1216
1970 82.1216
1971 82.1216
1972 82.1216
1973 82.1216
1974 82.1216
1975 82.1216
1976 82.1216
1977 82.1216
1978 82.1216
1979 82.1216
1980 82.1216
1981 82.1216
1982 82.1216
1983 82.1216
1984 82.1216
1985 82.1216
1986 82.1216
1987 82.1216
1988 82.1216
1989 82.1216
1990 82.1216
1991 82.1216
1992 82.1216
1993 82.1216
1994 82.1216
1995 82.1216
1996 82.1216
1997 82.1216
1998 82.1216
1999 82.1216
2000 82.1216
2001 82.1216
2002 82.1216
2003 82.1216
2004 82.1216
2005 82.1216
2006 82.1216
2007 82.1216
2008 82.1216
2009 82.1216
2010 82.1216
2011 82.1216
2012 82.1216
2013 82.1216
2014 82.1216
2015 82.1216
2016 82.1216
2017 82.1216
2018 82.1216
2019 82.1216
2020 82.1216
2021 82.1216
2022 82.1216
2023 82.1216
2024 82.1216
2025 82.1216
2026 82.1216
2027 82.1216
2028 82.1216
2029 82.1216
2030 82.1216
2031 82.1216
2032 82.1216
2033 82.1216
2034 82.1216
2035 82.1216
2036 82.1216
2037 82.1216
2038 82.1216
2039 82.1216
2040 82.1216
2041 82.1216
2042 82.1216
2043 82.1216
2044 82.1216
2045 82.1216
2046 82.1216
2047 82.1216
2048 82.1216
2049 82.1216
2050 82.1216
2051 82.1216
2052 82.1216
2053 82.1216
2054 82.1216
2055 82.1216
2056 82.1216
2057 82.1216
2058 82.1216
2059 82.1216
2060 82.1216
2061 82.1216
2062 82.1216
2063 82.1216
2064 82.1216
2065 82.1216
2066 82.1216
2067 82.1216
2068 82.1216
2069 82.1216
2070 82.1216
2071 82.1216
2072 82.1216
2073 82.1216
2074 82.1216
2075 82.1216
2076 82.1216
2077 81.9245
2078 81.9245
2079 81.9245
2080 81.9245
2081 81.9245
2082 81.9245
2083 81.9245
2084 81.9245
2085 81.9245
2086 81.9245
2087 81.9245
2088 81.9245
2089 81.9245
2090 81.9245
2091 81.9245
2092 81.9245
2093 81.9245
2094 81.9245
2095 81.9245
2096 81.9245
2097 81.9245
2098 81.9245
2099 81.9245
2100 81.9245
2101 81.9245
2102 81.9245
2103 81.9245
2104 81.9245
2105 81.9245
2106 81.9245
2107 81.9245
2108 81.9245
2109 81.9245
2110 81.9245
2111 81.9245
2112 81.9245
2113 81.9245
2114 81.9245
2115 81.9245
2116 81.9245
2117 81.9245
2118 81.4302
2119 81.4302
2120 81.4302
2121 81.4302
2122 81.4302
2123 81.4302
2124 81.4302
2125 81.4302
2126 81.4302
2127 81.4302
2128 81.4302
2129 81.4302
2130 81.4302
2131 81.4302
2132 81.4302
2133 81.4302
2134 81.4302
2135 81.4302
2136 81.4302
2137 81.4302
2138 81.4302
2139 81.4302
2140 81.4302
2141 81.4302
2142 81.4302
2143 81.4302
2144 81.4302
2145 81.4302
2146 81.4302
2147 81.4302
2148 81.4302
2149 81.4302
2150 81.4302
2151 81.4302
2152 81.4302
2153 81.4302
2154 81.4302
2155 81.4302
2156 81.4302
2157 81.4302
2158 81.4302
2159 81.4302
2160 81.4302
2161 81.4302
2162 81.4302
2163 81.4302
2164 81.4302
2165 81.4302
2166 81.4302
2167 81.4302
2168 81.4302
2169 81.4302
2170 81.4302
2171 81.4302
2172 81.4302
2173 81.4302
2174 81.4302
2175 81.4302
2176 81.4302
2177 81.4302
2178 81.4302
2179 81.4302
2180 81.4302
2181 81.4302
2182 81.4302
2183 81.4302
2184 81.4302
2185 81.4302
2186 81.4302
2187 81.4302
2188 81.4302
2189 81.4302
2190 81.4302
2191 81.4302
2192 81.4302
2193 81.4302
2194 81.4302
2195 81.4302
2196 81.4302
2197 81.4302
2198 81.4302
2199 81.4302
2200 81.4302
2201 81.4302
2202 81.4302
2203 81.4302
2204 81.4302
2205 81.4302
2206 81.4302
2207 81.4302
2208 81.4302
2209 81.4302
2210 81.4302
2211 81.4302
2212 81.4302
2213 81.4302
2214 81.4302
2215 81.4302
2216 81.4302
2217 81.4302
2218 81.4302
2219 81.4302
2220 81.4302
2221 81.4302
2222 81.123
2223 81.123
2224 81.123
2225 81.123
2226 81.123
2227 81.123
2228 81.123
2229 81.123
2230 81.123
2231 81.123
2232 81.123
2233 81.123
2234 81.123
2235 81.123
2236 81.123
2237 81.123
2238 81.123
2239 81.123
2240 81.123
2241 81.123
2242 81.123
2243 81.123
2244 81.123
2245 81.123
2246 81.123
2247 81.123
2248 81.123
2249 81.123
2250 81.123
2251 81.123
2252 81.123
2253 81.123
2254 81.123
2255 81.123
2256 81.123
2257 81.123
2258 81.123
2259 81.123
2260 81.123
2261 81.123
2262 81.123
2263 81.123
2264 81.123
2265 81.123
2266 81.123
2267 81.123
2268 81.123
2269 81.123
2270 81.123
2271 81.123
2272 81.123
2273 81.123
2274 81.123
2275 81.123
2276 81.123
2277 81.123
2278 81.123
2279 81.123
2280 81.123
2281 81.123
2282 80.8713
2283 80.8713
2284 80.8713
2285 80.8713
2286 80.8713
2287 80.8713
2288 80.8713
2289 80.8713
2290 80.8713
2291 80.8713
2292 80.8713
2293 80.8713
2294 80.8713
2295 80.8713
2296 80.8713
2297 80.8713
2298 80.8713
2299 80.8713
2300 80.8713
2301 80.8713
2302 80.8713
2303 80.8713
2304 80.8713
2305 80.8713
2306 80.8713
2307 80.8713
2308 80.8713
2309 80.8713
2310 80.8713
2311 80.8713
2312 80.8713
2313 80.8713
2314 80.8713
2315 80.8713
2316 80.8713
2317 80.8713
2318 80.8713
2319 80.8713
2320 80.8713
2321 80.8713
2322 80.8713
2323 80.8713
2324 80.8713
2325 80.8713
2326 80.8713
2327 80.8713
2328 80.8713
2329 80.8713
2330 80.8713
2331 80.8713
2332 80.8713
2333 80.8713
2334 80.8713
2335 80.8713
2336 80.8713
2337 80.8713
2338 80.8713
2339 80.8713
2340 80.8713
2341 80.8713
2342 80.8713
2343 80.8713
2344 80.8713
2345 80.8713
2346 80.8713
2347 80.8713
2348 80.8713
2349 80.8713
2350 80.8713
2351 80.8713
2352 80.8713
2353 80.8713
2354 80.8713
2355 80.8713
2356 80.8713
2357 80.8713
2358 80.8713
2359 80.8713
2360 80.8713
2361 80.8713
2362 80.8713
2363 80.8713
2364 80.8713
2365 80.8713
2366 80.8713
2367 80.8713
2368 80.8713
2369 80.8713
2370 80.8713
2371 80.8713
2372 80.8713
2373 80.8713
2374 80.8713
2375 80.8713
2376 80.8713
2377 80.8713
2378 80.8713
2379 80.8713
2380 80.8713
2381 80.8713
2382 80.8713
2383 80.8713
2384 80.8713
2385 80.8713
2386 80.8713
2387 80.8713
2388 80.8713
2389 80.8713
2390 80.8713
2391 80.8713
2392 80.8713
2393 80.8713
2394 80.8713
2395 80.8713
2396 80.8713
2397 80.8713
2398 80.8713
2399 80.8713
2400 80.8713
2401 80.8713
2402 80.8713
2403 80.8713
2404 80.8713
2405 80.8713
2406 80.8713
2407 80.8713
2408 80.8713
2409 80.8713
2410 80.8713
2411 80.8713
2412 80.8713
2413 80.8713
2414 80.8713
2415 80.8713
2416 80.8713
2417 80.8713
2418 80.8713
2419 80.8713
2420 80.8713
2421 80.8713
2422 80.8713
2423 80.8713
2424 80.8713
2425 80.8713
2426 80.8713
2427 80.8713
2428 80.8713
2429 80.8713
2430 80.8713
2431 80.8713
2432 80.8713
2433 80.8713
2434 80.8713
2435 80.8713
2436 80.8713
2437 80.8713
2438 80.8713
2439 80.8713
2440 80.8713
2441 80.8713
2442 80.8713
2443 80.8713
2444 80.8713
2445 80.8713
2446 80.8713
2447 80.8713
2448 80.8713
2449 80.8713
2450 80.8713
2451 80.8713
2452 80.8713
2453 80.8713
2454 80.8713
2455 80.8713
2456 80.8713
2457 80.8713
2458 80.8713
2459 80.8713
2460 80.8713
2461 80.8713
2462 80.8713
2463 80.8713
2464 80.8713
2465 80.8713
2466 80.8713
2467 80.8713
2468 80.8713
2469 80.8713
2470 80.8713
2471 80.8713
2472 80.8713
2473 80.8713
2474 80.8713
2475 80.8713
2476 80.8713
2477 80.8713
2478 80.8713
2479 80.8713
2480 80.8713
2481 80.8713
2482 80.8713
2483 80.8713
2484 80.8713
2485 80.8713
2486 80.8713
2487 80.8713
2488 80.8713
2489 80.8713
2490 80.8713
2491 80.8713
2492 80.8713
2493 80.8713
2494 80.8713
2495 80.8713
2496 80.8713
2497 80.8713
2498 80.8713
2499 80.8713
2500 80.8713
2501 80.8713
2502 80.8713
2503 80.8713
2504 80.8713
2505 80.8713
2506 80.8713
2507 80.8713
2508 80.8713
2509 80.8713
2510 80.8713
2511 80.8713
2512 80.8713
2513 80.8713
2514 80.8713
2515 80.8713
2516 80.8713
2517 80.8713
2518 80.8713
2519 80.8713
2520 80.8713
2521 80.8713
2522 80.8713
2523 80.8713
2524 80.8713
2525 80.8713
2526 80.8713
2527 80.8713
2528 80.8713
2529 80.8713
2530 80.8713
2531 80.8713
2532 80.8713
2533 80.8713
2534 80.8713
2535 80.8713
2536 80.8713
2537 80.8713
2538 80.8713
2539 80.8713
2540 80.8713
2541 80.8713
2542 80.8713
2543 80.8713
2544 80.8713
2545 80.8713
2546 80.8713
2547 80.8713
2548 80.8713
2549 80.8713
2550 80.8713
2551 80.8713
2552 80.8713
2553 80.8713
2554 80.8713
2555 80.8713
2556 80.8713
2557 80.8713
2558 80.8713
2559 80.8713
2560 80.8713
2561 80.8713
2562 80.8713
2563 80.8713
2564 80.8713
2565 80.8713
2566 80.8713
2567 80.8713
2568 80.8713
2569 80.8713
2570 80.8713
2571 80.8713
2572 80.8713
2573 80.8713
2574 80.8713
2575 80.8713
2576 80.8713
2577 80.8713
2578 80.8713
2579 80.8713
2580 80.8713
2581 80.8713
2582 80.8713
2583 80.8713
2584 80.8713
2585 80.8713
2586 80.8713
2587 80.8713
2588 80.8713
2589 80.8713
2590 80.8713
2591 80.8713
2592 80.8713
2593 80.8713
2594 80.8713
2595 80.8713
2596 80.8713
2597 80.8713
2598 80.8713
2599 80.8713
2600 80.8713
2601 80.8713
2602 80.8713
2603 80.8713
2604 80.8713
2605 80.8713
2606 80.8713
2607 80.8713
2608 80.8713
2609 80.8713
2610 80.8713
2611 80.8713
2612 80.8713
2613 80.8713
2614 80.8713
2615 80.8713
2616 80.8713
2617 80.8713
2618 80.8713
2619 80.8713
2620 80.8713
2621 80.8713
2622 80.8713
2623 80.8713
2624 80.8713
2625 80.8713
2626 80.8713
2627 80.8713
2628 80.8713
2629 80.8713
2630 80.8713
2631 80.8713
2632 80.8713
2633 80.8713
2634 80.8713
2635 80.8713
2636 80.8713
2637 80.8713
2638 80.8713
2639 80.8713
2640 80.8713
2641 80.8713
2642 80.8713
2643 80.8713
2644 80.8713
2645 80.8713
2646 80.8713
2647 80.8713
2648 80.8713
2649 80.8713
2650 80.8713
2651 80.8713
2652 80.8713
2653 80.8713
2654 80.8713
2655 80.8713
2656 80.8713
2657 80.8713
2658 80.8713
2659 80.8713
2660 80.8713
2661 80.8713
2662 80.8713
2663 80.8713
2664 80.8713
2665 80.8713
2666 80.8713
2667 80.8713
2668 80.8713
2669 80.8713
2670 80.8713
2671 80.8713
2672 80.8713
2673 80.8713
2674 80.8713
2675 80.8713
2676 80.8713
2677 80.8713
2678 80.8713
2679 80.8713
2680 80.8713
2681 80.8713
2682 80.8713
2683 80.8713
2684 80.8713
2685 80.8713
2686 80.8713
2687 80.8713
2688 80.8713
2689 80.8154
2690 80.8154
2691 80.4235
2692 80.4235
2693 80.4235
2694 80.4235
2695 80.4235
2696 80.4235
2697 80.4235
2698 80.4235
2699 80.4235
2700 80.4235
2701 80.4235
2702 80.4235
2703 80.4235
2704 80.4235
2705 80.4235
2706 80.4235
2707 80.4235
2708 80.4235
2709 80.4235
2710 80.4235
2711 80.4235
2712 80.4235
2713 80.4235
2714 80.4235
2715 80.4235
2716 80.4235
2717 80.4235
2718 80.4235
2719 80.4235
2720 80.4235
2721 80.4235
2722 80.4235
2723 80.4235
2724 80.4235
2725 80.4235
2726 80.4235
2727 80.4235
2728 80.4235
2729 80.4235
2730 80.4235
2731 80.4235
2732 80.4235
2733 80.4235
2734 80.4235
2735 80.4235
2736 80.4235
2737 80.4235
2738 80.4235
2739 80.4235
2740 80.4235
2741 80.4235
2742 80.4235
2743 80.4235
2744 80.4235
2745 80.4235
2746 80.4235
2747 80.4235
2748 80.4235
2749 80.4235
2750 80.4235
2751 80.4235
2752 80.4235
2753 80.4235
2754 80.4235
2755 80.4235
2756 80.4235
2757 80.4235
2758 80.4235
2759 80.4235
2760 80.4235
2761 80.4235
2762 80.4235
2763 80.4235
2764 80.4235
2765 80.4235
2766 80.4235
2767 80.4235
2768 80.4235
2769 80.4235
2770 80.4235
2771 80.4235
2772 80.4235
2773 80.4235
2774 80.4235
2775 80.4235
2776 80.4235
2777 80.4235
2778 80.4235
2779 80.4235
2780 80.4235
2781 80.4235
2782 80.4235
2783 80.4235
2784 80.4235
2785 80.4235
2786 80.4235
2787 80.4235
2788 80.4235
2789 79.9899
2790 79.9899
2791 79.9899
2792 79.9899
2793 79.9899
2794 79.9899
2795 79.9899
2796 79.9899
2797 79.9899
2798 79.9899
2799 79.9899
2800 79.9899
2801 79.9899
2802 79.9899
2803 79.9899
2804 79.9899
2805 79.9899
2806 79.9899
2807 79.9899
2808 79.9899
2809 79.9899
2810 79.9899
2811 79.9899
2812 79.9899
2813 79.9899
2814 79.9899
2815 79.9899
2816 79.9899
2817 79.9899
2818 79.9899
2819 79.9899
2820 79.9899
2821 79.9899
2822 79.9899
2823 79.9899
2824 79.9899
2825 79.9899
2826 79.9899
2827 79.9899
2828 79.9899
2829 79.9899
2830 79.9899
2831 79.9899
2832 79.9899
2833 79.9899
2834 79.9899
2835 79.9899
2836 79.9899
2837 79.9899
2838 79.9899
2839 79.9899
2840 79.9899
2841 79.9899
2842 79.9899
2843 79.9899
2844 79.9899
2845 79.9899
2846 79.9899
2847 79.9899
2848 79.9899
2849 79.9899
2850 79.9899
2851 79.9899
2852 79.9899
2853 79.9899
2854 79.9899
2855 79.9899
2856 79.9899
2857 79.9899
2858 79.9899
2859 79.9899
2860 79.9899
2861 79.9899
2862 79.9899
2863 79.9899
2864 79.9899
2865 79.9899
2866 79.9899
2867 79.9899
2868 79.9899
2869 79.9899
2870 79.9899
2871 79.9899
2872 79.9899
2873 79.9899
2874 79.9899
2875 79.9899
2876 79.9899
2877 79.9899
2878 79.9899
2879 79.9899
2880 79.9899
2881 79.9899
2882 79.9899
2883 79.9899
2884 79.9899
2885 79.9899
2886 79.9899
2887 79.9899
2888 79.9899
2889 79.9899
2890 79.9899
2891 79.9899
2892 79.9899
2893 79.9899
2894 79.9899
2895 79.9899
2896 79.9899
2897 79.9899
2898 79.9899
2899 79.9899
2900 79.9899
2901 79.4395
2902 79.4395
2903 79.4395
2904 79.4395
2905 79.4395
2906 79.4395
2907 79.4395
2908 79.4395
2909 79.4395
2910 79.4395
2911 79.4395
2912 79.4395
2913 79.4395
2914 79.4395
2915 79.4395
2916 79.4395
2917 79.4395
2918 79.4395
2919 79.4395
2920 79.4395
2921 79.4395
2922 79.4395
2923 79.4395
2924 79.4395
2925 79.4395
2926 79.4395
2927 79.4395
2928 79.4395
2929 79.4395
2930 79.4395
2931 79.4395
2932 79.4395
2933 79.4395
2934 79.4395
2935 79.4395
2936 79.4395
2937 79.4395
2938 79.4395
2939 79.4395
2940 79.4395
2941 79.4395
2942 79.4395
2943 79.4395
2944 79.4395
2945 79.4395
2946 79.4395
2947 79.4395
2948 79.4395
2949 79.4395
2950 79.4395
2951 79.4395
2952 79.4395
2953 79.4395
2954 79.4395
2955 79.4395
2956 79.4395
2957 79.4395
2958 79.4395
2959 79.4395
2960 79.4395
2961 79.4395
2962 79.4395
2963 79.4395
2964 79.4395
2965 79.4395
2966 79.4395
2967 79.4395
2968 79.4395
2969 79.4395
2970 79.4395
2971 79.4395
2972 79.4395
2973 79.4395
2974 79.4395
2975 79.4395
2976 79.4395
2977 79.4395
2978 79.4395
2979 79.4395
2980 79.4395
2981 79.4395
2982 79.4395
2983 79.4395
2984 79.4395
2985 79.4395
2986 79.4395
2987 79.4395
2988 79.4395
2989 79.4395
2990 79.4395
2991 79.4395
2992 79.4395
2993 79.4395
2994 79.4395
2995 79.4395
2996 79.4395
2997 79.4395
2998 79.4395
2999 79.4395
3000 79.4395
3001 79.4395
3002 79.4395
3003 79.4395
3004 79.4395
3005 79.4395
3006 79.4395
3007 79.4395
3008 79.4395
3009 79.4395
3010 79.4395
3011 79.4395
3012 79.4395
3013 79.4395
3014 79.4395
3015 79.4395
3016 79.4395
3017 79.4395
3018 79.4395
3019 79.4395
3020 79.4395
3021 79.4395
3022 79.4395
3023 79.4395
3024 79.4395
3025 79.4395
3026 79.4395
3027 79.4395
3028 79.4395
3029 79.4395
3030 79.4395
3031 79.4395
3032 79.4395
3033 79.4395
3034 79.4395
3035 79.4395
3036 79.1409
3037 79.1409
3038 79.1409
3039 79.1409
3040 79.1409
3041 79.1409
3042 79.1409
3043 79.0573
3044 78.7342
3045 78.7342
3046 78.7342
3047 78.7342
3048 78.7342
3049 78.7342
3050 78.7342
3051 78.7342
3052 78.7342
3053 78.7342
3054 78.7342
3055 78.7342
3056 78.7342
3057 78.7342
3058 78.7342
3059 78.7342
3060 78.7342
3061 78.7342
3062 78.7342
3063 78.7342
3064 78.7342
3065 78.7342
3066 78.7342
3067 78.7342
3068 78.7342
3069 78.7342
3070 78.7342
3071 78.7342
3072 78.7342
3073 78.7342
3074 78.7342
3075 78.7342
3076 78.7342
3077 78.7342
3078 78.7342
3079 78.7342
3080 78.7342
3081 78.7342
3082 78.7342
3083 78.7342
3084 78.7342
3085 78.7342
3086 78.7342
3087 78.7342
3088 78.7342
3089 78.7342
3090 78.7342
3091 78.7342
3092 78.7342
3093 78.7342
3094 78.7342
3095 78.7342
3096 78.7342
3097 78.7342
3098 78.7342
3099 78.7342
3100 78.7342
3101 78.7342
3102 78.7342
3103 78.7342
3104 78.7342
3105 78.7342
3106 78.7342
3107 78.7342
3108 78.7342
3109 78.7342
3110 78.7342
3111 78.7342
3112 78.7342
3113 78.7342
3114 78.7342
3115 78.7342
3116 78.5428
3117 78.5428
3118 78.5428
3119 78.5428
3120 78.5428
3121 78.5428
3122 78.5428
3123 78.5428
3124 78.5428
3125 78.5428
3126 78.5428
3127 78.5428
3128 78.5428
3129 78.5428
3130 78.5428
3131 78.5428
3132 78.5428
3133 78.5428
3134 78.5428
3135 78.5428
3136 78.5428
3137 78.5428
3138 78.5428
3139 78.5428
3140 78.5428
3141 78.5428
3142 78.5428
3143 78.5428
3144 78.5428
3145 78.5428
3146 78.5428
3147 78.5428
3148 78.5428
3149 78.5428
3150 78.5428
3151 78.5428
3152 78.5428
3153 78.5428
3154 78.5428
3155 78.5428
3156 78.5428
3157 78.5428
3158 78.5428
3159 78.5428
3160 78.5428
3161 78.5428
3162 78.5428
3163 78.5428
3164 78.5428
3165 78.5428
3166 78.5428
3167 78.5428
3168 78.5428
3169 78.5428
3170 78.5428
3171 78.5428
3172 78.5428
3173 78.5428
3174 78.5428
3175 78.5428
3176 78.5428
3177 78.5428
3178 78.5428
3179 78.5428
3180 78.5428
3181 78.5428
3182 78.5428
3183 78.5428
3184 78.5428
3185 78.5428
3186 78.5428
3187 78.5428
3188 78.5428
3189 78.5428
3190 78.5428
3191 78.5428
3192 78.5428
3193 78.5428
3194 78.5428
3195 78.5428
3196 78.5428
3197 78.5428
3198 78.5428
3199 78.5428
3200 78.5428
3201 78.5428
3202 78.5428
3203 78.5428
3204 78.5428
3205 78.5428
3206 78.5428
3207 78.5428
3208 78.5428
3209 78.5428
3210 78.5428
3211 78.5428
3212 78.5428
3213 78.5428
3214 78.5428
3215 78.5428
3216 78.5428
3217 78.5428
3218 78.5428
3219 78.5428
3220 78.5428
3221 78.5428
3222 78.5428
3223 78.5428
3224 78.5428
3225 78.5428
3226 78.5428
3227 78.5428
3228 78.5428
3229 78.5428
3230 78.5428
3231 78.5428
3232 78.5428
3233 78.5428
3234 78.5428
3235 78.5428
3236 78.5428
3237 78.5428
3238 78.5428
3239 78.5428
3240 78.5428
3241 78.5428
3242 78.5428
3243 78.5428
3244 78.5428
3245 78.5428
3246 78.5428
3247 78.5428
3248 78.5428
3249 78.5428
3250 78.5428
3251 78.5428
3252 78.5428
3253 78.5428
3254 78.5428
3255 78.5428
3256 78.5428
3257 78.5428
3258 78.5428
3259 78.5428
3260 78.5428
3261 78.5428
3262 78.5428
3263 78.5428
3264 78.5428
3265 78.5428
3266 78.5428
3267 78.5428
3268 78.5428
3269 78.5428
3270 78.5428
3271 78.5428
3272 78.5428
3273 78.5428
3274 78.5428
3275 78.5428
3276 78.5428
3277 78.5428
3278 78.5428
3279 78.5428
3280 78.5428
3281 78.5428
3282 78.5428
3283 78.5428
3284 78.5428
3285 78.5428
3286 78.5428
3287 78.5428
3288 78.5428
3289 78.5428
3290 78.5428
3291 78.5428
3292 78.5428
3293 78.5428
3294 78.5428
3295 78.5428
3296 78.5428
3297 78.5428
3298 78.5428
3299 78.5428
3300 78.5428
3301 78.5428
3302 78.5428
3303 78.5428
3304 78.5428
3305 78.5428
3306 78.5428
3307 78.5428
3308 78.5428
3309 78.5428
3310 78.5428
3311 78.5428
3312 78.5428
3313 78.5428
3314 78.5428
3315 78.5428
3316 78.5428
3317 78.5428
3318 78.5428
3319 78.5428
3320 78.5428
3321 78.5428
3322 78.5428
3323 78.5428
3324 78.5428
3325 78.5428
3326 78.5428
3327 78.5428
3328 78.5428
3329 78.5428
3330 78.5428
3331 78.5428
3332 78.5428
3333 78.5428
3334 78.5428
3335 78.5428
3336 78.5428
3337 78.5428
3338 78.5428
3339 78.5428
3340 78.5428
3341 78.5428
3342 78.5428
3343 78.5428
3344 78.5428
3345 78.5428
3346 78.5428
3347 78.5428
3348 78.5428
3349 78.5428
3350 78.5428
3351 78.5428
3352 78.5428
3353 78.5428
3354 78.5428
3355 78.5428
3356 78.5428
3357 78.5428
3358 78.5428
3359 78.5428
3360 78.5428
3361 78.5428
3362 78.5428
3363 78.5428
3364 78.5428
3365 78.5428
3366 78.5428
3367 78.5428
3368 78.5428
3369 78.5428
3370 78.5428
3371 78.5428
3372 78.5428
3373 78.5428
3374 78.5428
3375 78.5428
3376 78.5428
3377 78.5428
3378 78.5428
3379 78.5428
3380 78.5428
3381 78.5428
3382 78.5428
3383 78.5428
3384 78.5428
3385 78.5428
3386 78.5428
3387 78.5428
3388 78.5428
3389 78.5428
3390 78.5428
3391 78.5428
3392 78.5428
3393 78.5428
3394 78.5428
3395 78.5428
3396 78.5428
3397 78.5428
3398 78.5428
3399 78.5428
3400 78.5428
3401 78.5428
3402 78.5428
3403 78.534
3404 78.534
3405 78.534
3406 78.534
3407 78.534
3408 78.534
3409 78.534
3410 78.534
3411 78.534
3412 78.534
3413 78.534
3414 78.534
3415 78.534
3416 78.534
3417 78.534
3418 78.534
3419 78.534
3420 78.534
3421 78.534
3422 78.534
3423 78.534
3424 78.534
3425 78.534
3426 78.534
3427 78.534
3428 78.534
3429 78.534
3430 78.534
3431 78.534
3432 78.534
3433 78.534
3434 78.534
3435 78.534
3436 78.534
3437 78.534
3438 78.534
3439 78.534
3440 78.534
3441 78.534
3442 78.534
3443 78.534
3444 78.534
3445 78.534
3446 78.534
3447 78.534
3448 78.534
3449 78.534
3450 78.534
3451 78.534
3452 78.534
3453 78.534
3454 78.534
3455 78.534
3456 78.534
3457 78.534
3458 78.534
3459 78.534
3460 78.534
3461 78.534
3462 78.534
3463 78.534
3464 78.534
3465 78.534
3466 78.534
3467 78.534
3468 78.534
3469 78.534
3470 78.534
3471 78.534
3472 78.534
3473 78.534
3474 78.534
3475 78.534
3476 78.534
3477 78.534
3478 78.534
3479 78.534
3480 78.534
3481 78.534
3482 78.534
3483 78.534
3484 78.534
3485 78.534
3486 78.534
3487 78.534
3488 78.534
3489 78.534
3490 78.534
3491 78.534
3492 78.534
3493 78.534
3494 78.534
3495 78.534
3496 78.534
3497 78.534
3498 78.534
3499 78.534
3500 78.534
3501 78.534
3502 78.534
3503 78.534
3504 78.534
3505 78.534
3506 78.534
3507 78.534
3508 78.534
3509 78.534
3510 78.534
3511 78.169
3512 78.169
3513 78.169
3514 78.169
3515 78.169
3516 78.169
3517 78.169
3518 78.169
3519 78.169
3520 78.169
3521 78.169
3522 78.169
3523 78.169
3524 78.169
3525 78.169
3526 78.169
3527 78.169
3528 78.169
3529 78.169
3530 78.169
3531 78.169
3532 78.169
3533 78.169
3534 78.169
3535 78.169
3536 78.169
3537 78.169
3538 78.169
3539 78.169
3540 78.169
3541 78.169
3542 78.169
3543 78.1645
3544 78.1645
3545 78.1645
3546 78.1645
3547 78.1645
3548 78.1645
3549 78.1645
3550 78.1645
3551 78.1645
3552 78.1645
3553 78.1645
3554 78.1645
3555 78.1645
3556 78.1645
3557 78.1645
3558 78.1645
3559 78.1645
3560 78.1645
3561 78.1645
3562 78.1645
3563 78.1645
3564 78.1645
3565 78.1645
3566 78.1645
3567 78.1645
3568 78.1645
3569 78.1645
3570 78.1645
3571 78.1645
3572 78.1645
3573 78.1645
3574 78.1645
3575 78.1645
3576 78.1645
3577 78.1645
3578 78.1645
3579 78.1645
3580 78.1645
3581 78.1645
3582 78.1645
3583 78.1645
3584 78.1645
3585 78.1645
3586 78.1645
3587 78.1645
3588 78.1645
3589 78.1645
3590 78.1645
3591 78.1645
3592 78.1645
3593 78.1645
3594 78.1645
3595 78.1645
3596 78.1645
3597 78.1645
3598 78.1645
3599 78.1645
3600 78.1645
3601 78.1645
3602 78.1645
3603 78.1645
3604 78.1645
3605 78.1645
3606 78.1645
3607 78.1645
3608 78.1645
3609 78.1645
3610 78.1645
3611 78.1645
3612 78.1645
3613 78.1645
3614 78.1645
3615 78.1645
3616 78.1645
3617 78.1645
3618 78.1645
3619 78.1645
3620 78.1645
3621 78.1645
3622 78.1645
3623 78.1645
3624 78.1645
3625 78.1645
3626 78.1645
3627 78.1645
3628 78.1645
3629 78.1645
3630 78.1645
3631 78.1645
3632 78.1645
3633 78.1645
3634 78.1645
3635 78.1645
3636 78.1645
3637 78.1645
3638 78.1645
3639 78.1645
3640 78.1645
3641 78.1645
3642 78.1645
3643 78.1645
3644 78.1645
3645 78.1645
3646 78.1645
3647 78.1645
3648 78.1645
3649 78.1645
3650 78.1645
3651 78.1645
3652 78.1645
3653 78.1645
3654 78.1645
3655 78.1645
3656 78.1645
3657 78.1645
3658 78.1645
3659 78.1645
3660 78.1645
3661 78.1645
3662 78.1645
3663 78.1645
3664 78.1645
3665 78.1645
3666 78.1645
3667 78.1645
3668 78.1645
3669 78.1645
3670 78.1645
3671 78.1645
3672 78.1645
3673 78.1645
3674 78.1645
3675 78.1645
3676 78.1645
3677 78.1645
3678 78.1645
3679 78.1645
3680 78.1645
3681 78.1645
3682 78.1645
3683 78.1645
3684 78.1645
3685 78.1645
3686 78.1645
3687 78.1645
3688 78.1645
3689 78.1645
3690 78.1645
3691 78.1645
3692 78.1645
3693 78.1645
3694 78.1645
3695 78.1645
3696 78.1645
3697 78.1645
3698 78.1645
3699 78.1645
3700 78.1645
3701 78.1645
3702 78.1645
3703 78.1645
3704 78.1645
3705 78.1645
3706 78.1645
3707 78.1645
3708 78.1645
3709 78.1645
3710 78.1645
3711 78.1645
3712 78.1645
3713 78.1645
3714 78.1645
3715 78.1645
3716 78.1645
3717 78.1645
3718 78.1645
3719 78.1645
3720 78.1645
3721 78.1645
3722 78.1645
3723 78.1645
3724 78.1645
3725 78.1645
3726 78.1645
3727 78.1645
3728 78.1645
3729 78.1645
3730 78.1645
3731 78.1645
3732 78.1645
3733 78.1645
3734 78.1645
3735 78.1645
3736 78.1645
3737 78.1645
3738 78.1645
3739 78.1645
3740 78.1645
3741 78.1645
3742 78.1645
3743 78.1645
3744 78.1645
3745 78.1645
3746 78.1645
3747 78.1645
3748 78.1645
3749 78.1645
3750 78.1645
3751 78.1645
3752 78.1645
3753 78.1645
3754 78.1645
3755 78.1645
3756 78.1645
3757 78.1645
3758 78.1645
3759 78.1645
3760 78.1645
3761 78.1645
3762 78.1645
3763 78.1645
3764 78.1645
3765 78.1645
3766 78.1645
3767 78.1645
3768 78.1645
3769 78.1645
3770 78.1645
3771 78.1645
3772 78.1645
3773 78.1645
3774 78.1645
3775 78.1645
3776 78.1645
3777 78.1645
3778 78.1645
3779 78.1645
3780 78.1645
3781 78.1645
3782 78.1645
3783 78.1645
3784 78.1645
3785 78.1645
3786 78.1645
3787 78.1645
3788 78.1645
3789 78.1645
3790 78.1645
3791 78.1645
3792 78.1645
3793 78.1645
3794 78.1645
3795 78.1645
3796 78.1645
3797 78.1645
3798 78.1645
3799 78.1645
3800 78.1645
3801 78.1645
3802 78.1645
3803 78.1645
3804 78.1645
3805 78.1645
3806 78.1645
3807 78.1645
3808 78.1645
3809 78.1645
3810 78.1645
3811 78.1645
3812 78.1645
3813 78.1645
3814 78.1645
3815 78.1645
3816 78.1645
3817 78.1645
3818 78.1645
3819 78.1645
3820 78.1645
3821 78.1645
3822 78.1645
3823 78.1645
3824 78.1645
3825 78.1645
3826 78.1645
3827 78.1645
3828 78.1645
3829 78.1645
3830 78.1645
3831 78.1645
3832 78.1645
3833 78.1645
3834 78.1645
3835 78.1645
3836 78.1645
3837 78.1645
3838 78.1645
3839 78.1645
3840 78.1645
3841 78.1645
3842 78.1645
3843 78.1645
3844 78.1645
3845 78.1645
3846 78.1645
3847 78.1645
3848 78.1645
3849 78.1645
3850 78.1645
3851 78.1645
3852 78.1645
3853 78.1645
3854 78.1645
3855 78.1645
3856 78.1645
3857 78.1645
3858 78.1645
3859 78.1645
3860 78.1645
3861 78.1645
3862 78.1645
3863 78.1645
3864 78.1645
3865 78.1645
3866 78.1645
3867 78.1645
3868 78.1645
3869 78.1645
3870 78.1645
3871 78.1645
3872 78.1645
3873 78.1645
3874 78.1645
3875 78.1645
3876 78.1645
3877 78.1645
3878 78.1645
3879 78.1645
3880 78.1645
3881 78.1645
3882 78.1645
3883 78.1645
3884 78.1645
3885 78.1645
3886 78.1645
3887 78.1645
3888 78.1645
3889 78.1645
3890 78.1645
3891 78.1645
3892 78.1645
3893 78.1645
3894 78.1645
3895 78.1645
3896 78.1645
3897 78.1645
3898 78.1645
3899 78.1645
3900 78.1645
3901 78.1645
3902 78.1645
3903 78.1645
3904 78.1645
3905 78.1645
3906 78.1645
3907 78.1645
3908 78.1645
3909 78.1645
3910 78.1645
3911 78.1645
3912 78.1645
3913 78.1645
3914 78.1645
3915 78.1645
3916 78.1645
3917 78.1645
3918 78.1645
3919 78.1645
3920 78.1645
3921 78.1645
3922 78.1645
3923 78.1645
3924 78.1645
3925 78.1645
3926 78.1645
3927 78.1645
3928 78.1645
3929 78.1645
3930 78.1645
3931 78.1645
3932 78.1645
3933 78.1645
3934 78.1645
3935 78.1645
3936 78.1645
3937 78.1645
3938 78.1645
3939 78.1645
3940 78.1645
3941 78.1645
3942 78.1645
3943 78.1645
3944 78.1645
3945 78.1645
3946 78.1645
3947 78.1645
3948 78.1645
3949 78.1645
3950 78.1645
3951 78.1645
3952 78.1645
3953 78.1645
3954 78.1645
3955 78.1645
3956 78.1645
3957 78.1645
3958 78.1645
3959 78.1645
3960 78.1645
3961 78.1645
3962 78.1645
3963 78.1645
3964 78.1645
3965 78.1645
3966 78.1645
3967 78.1645
3968 78.1645
3969 78.1645
3970 78.1645
3971 78.1645
3972 78.1645
3973 78.1645
3974 78.1645
3975 78.1645
3976 78.1645
3977 78.1645
3978 78.1645
3979 78.1645
3980 78.1645
3981 78.1645
3982 78.1645
3983 78.1645
3984 78.1645
3985 78.1645
3986 78.1645
3987 78.1645
3988 78.1645
3989 78.1645
3990 78.1645
3991 78.1645
3992 78.1645
3993 78.1645
3994 78.1645
3995 78.1645
3996 78.1645
3997 78.1645
3998 78.1645
3999 78.1645
4000 78.1645
4001 78.1645
4002 78.1645
4003 78.1645
4004 78.1645
4005 78.1645
4006 78.1645
4007 78.1645
4008 78.1645
4009 78.1645
4010 78.1645
4011 78.1645
4012 78.1645
4013 78.1645
4014 78.1645
4015 78.1645
4016 78.1645
4017 78.1645
4018 78.1645
4019 78.1645
4020 78.1645
4021 78.1645
4022 78.1645
4023 78.1645
4024 78.1645
4025 78.1645
4026 78.1645
4027 78.1645
4028 78.1645
4029 78.1645
4030 78.1645
4031 78.1645
4032 78.1645
4033 78.1645
4034 78.1645
4035 78.1645
4036 78.1645
4037 78.1645
4038 78.1645
4039 78.1645
4040 78.1645
4041 78.1645
4042 78.1645
4043 78.1645
4044 78.1645
4045 78.1645
4046 78.1645
4047 78.1645
4048 78.1645
4049 78.1645
4050 78.1645
4051 78.1645
4052 78.1645
4053 78.1645
4054 78.1645
4055 78.1645
4056 78.1645
4057 78.1645
4058 78.1645
4059 78.1645
4060 78.1645
4061 78.1645
4062 78.1645
4063 78.1645
4064 78.1645
4065 78.1645
4066 78.1645
4067 78.1645
4068 78.1645
4069 78.1645
4070 78.1645
4071 78.1645
4072 78.1645
4073 78.1645
4074 78.1645
4075 78.1645
4076 78.1645
4077 78.1645
4078 78.1645
4079 78.1645
4080 78.1645
4081 78.1645
4082 78.1645
4083 78.1645
4084 78.1645
4085 78.1645
4086 78.1645
4087 78.1645
4088 78.1645
4089 78.1645
4090 78.1645
4091 78.1645
4092 78.1645
4093 78.1645
4094 78.1645
4095 78.1645
4096 78.1645
4097 78.1645
4098 78.1645
4099 78.1645
4100 78.1645
4101 78.1645
4102 78.1645
4103 78.1645
4104 78.1645
4105 78.1645
4106 78.1645
4107 78.1645
4108 78.1645
4109 78.1645
4110 78.1645
4111 78.1645
4112 78.1645
4113 78.1645
4114 78.1645
4115 78.1645
4116 78.1645
4117 78.1645
4118 78.1645
4119 78.1645
4120 78.1645
4121 78.1645
4122 78.1645
4123 78.1645
4124 78.1645
4125 78.1645
4126 78.1645
4127 78.1645
4128 78.1645
4129 78.1645
4130 78.1645
4131 78.1645
4132 78.1645
4133 78.1645
4134 78.1645
4135 78.1645
4136 78.1645
4137 78.1645
4138 78.1645
4139 78.1645
4140 78.1645
4141 78.1645
4142 78.1645
4143 78.1645
4144 78.1645
4145 78.1645
4146 78.1645
4147 78.1645
4148 78.1645
4149 78.1645
4150 78.1645
4151 78.1645
4152 78.0977
4153 78.0977
4154 78.0977
4155 78.0977
4156 78.0977
4157 78.0977
4158 78.0977
4159 78.0977
4160 78.0977
4161 78.0977
4162 78.0977
4163 78.0977
4164 78.0977
4165 78.0977
4166 78.0977
4167 78.0977
4168 78.0977
4169 78.0977
4170 78.0977
4171 78.0977
4172 78.0977
4173 78.0977
4174 78.0977
4175 78.0977
4176 78.0977
4177 78.0977
4178 78.0977
4179 78.0977
4180 77.9526
4181 77.9526
4182 77.9526
4183 77.9526
4184 77.9526
4185 77.9526
4186 77.9526
4187 77.9526
4188 77.9526
4189 77.9526
4190 77.9526
4191 77.9526
4192 77.9526
4193 77.9526
4194 77.9526
4195 77.9526
4196 77.9526
4197 77.9526
4198 77.9526
4199 77.9526
4200 77.9526
4201 77.9526
4202 77.9526
4203 77.9526
4204 77.9526
4205 77.9526
4206 77.9526
4207 77.9526
4208 77.9526
4209 77.9526
4210 77.9526
4211 77.9526
4212 77.9526
4213 77.9526
4214 77.9526
4215 77.9526
4216 77.9526
4217 77.9526
4218 77.9526
4219 77.9526
4220 77.9526
4221 77.9526
4222 77.9526
4223 77.9526
4224 77.9526
4225 77.9526
4226 77.9526
4227 77.9526
4228 77.9526
4229 77.9526
4230 77.9526
4231 77.9526
4232 77.9526
4233 77.9526
4234 77.9526
4235 77.9526
4236 77.9526
4237 77.9526
4238 77.9526
4239 77.9526
4240 77.9526
4241 77.9526
4242 77.9526
4243 77.9526
4244 77.9526
4245 77.9526
4246 77.9526
4247 77.9526
4248 77.9526
4249 77.9526
4250 77.9526
4251 77.9526
4252 77.9526
4253 77.9526
4254 77.9526
4255 77.9526
4256 77.9526
4257 77.9526
4258 77.9526
4259 77.9526
4260 77.9526
4261 77.9526
4262 77.9526
4263 77.9526
4264 77.9526
4265 77.9526
4266 77.9526
4267 77.9526
4268 77.9526
4269 77.9526
4270 77.9526
4271 77.9526
4272 77.9526
4273 77.9526
4274 77.9526
4275 77.9526
4276 77.9526
4277 77.9526
4278 77.9526
4279 77.9526
4280 77.9526
4281 77.9526
4282 77.9526
4283 77.9526
4284 77.9526
4285 77.9526
4286 77.9526
4287 77.9526
4288 77.9526
4289 77.9526
4290 77.9526
4291 77.9526
4292 77.9526
4293 77.9526
4294 77.9526
4295 77.9526
4296 77.9526
4297 77.9526
4298 77.9526
4299 77.9526
4300 77.9526
4301 77.9526
4302 77.9526
4303 77.9526
4304 77.9526
4305 77.9526
4306 77.9526
4307 77.9526
4308 77.9526
4309 77.9526
4310 77.9526
4311 77.9526
4312 77.9526
4313 77.9526
4314 77.9526
4315 77.9526
4316 77.9526
4317 77.9526
4318 77.9526
4319 77.9526
4320 77.9526
4321 77.9526
4322 77.9526
4323 77.9526
4324 77.9526
4325 77.9526
4326 77.9526
4327 77.9526
4328 77.9526
4329 77.9526
4330 77.9526
4331 77.9526
4332 77.9526
4333 77.9526
4334 77.9526
4335 77.9526
4336 77.9526
4337 77.9526
4338 77.9526
4339 77.9526
4340 77.9526
4341 77.9526
4342 77.9526
4343 77.9526
4344 77.9526
4345 77.9526
4346 77.9526
4347 77.9526
4348 77.9526
4349 77.9526
4350 77.9526
4351 77.9526
4352 77.9526
4353 77.9526
4354 77.9526
4355 77.9526
4356 77.9526
4357 77.9526
4358 77.9526
4359 77.9526
4360 77.9526
4361 77.9526
4362 77.9526
4363 77.9526
4364 77.9526
4365 77.9526
4366 77.9526
4367 77.9526
4368 77.9526
4369 77.9526
4370 77.9526
4371 77.9526
4372 77.9526
4373 77.9526
4374 77.9526
4375 77.9526
4376 77.9526
4377 77.9526
4378 77.9526
4379 77.9526
4380 77.9526
4381 77.9526
4382 77.9526
4383 77.9526
4384 77.9526
4385 77.9526
4386 77.9526
4387 77.9526
4388 77.9526
4389 77.9526
4390 77.9526
4391 77.9526
4392 77.9526
4393 77.9526
4394 77.9526
4395 77.9526
4396 77.9526
4397 77.9526
4398 77.9526
4399 77.9526
4400 77.9526
4401 77.9526
4402 77.9526
4403 77.9526
4404 77.9526
4405 77.9526
4406 77.9526
4407 77.9526
4408 77.9526
4409 77.9526
4410 77.9526
4411 77.9526
4412 77.9526
4413 77.9526
4414 77.9526
4415 77.9526
4416 77.9526
4417 77.9526
4418 77.9526
4419 77.9526
4420 77.9526
4421 77.9526
4422 77.9526
4423 77.9526
4424 77.9526
4425 77.9526
4426 77.9526
4427 77.9526
4428 77.9526
4429 77.9526
4430 77.9526
4431 77.9526
4432 77.9526
4433 77.9526
4434 77.9526
4435 77.9526
4436 77.9526
4437 77.9526
4438 77.9526
4439 77.9526
4440 77.9526
4441 77.9526
4442 77.9526
4443 77.9526
4444 77.9526
4445 77.9526
4446 77.9526
4447 77.9526
4448 77.9526
4449 77.9526
4450 77.9526
4451 77.9526
4452 77.9526
4453 77.9526
4454 77.9526
4455 77.9526
4456 77.9526
4457 77.9526
4458 77.9526
4459 77.9526
4460 77.9526
4461 77.9526
4462 77.9526
4463 77.9526
4464 77.9526
4465 77.9526
4466 77.9526
4467 77.9526
4468 77.9526
4469 77.9526
4470 77.9526
4471 77.9526
4472 77.9526
4473 77.9526
4474 77.9526
4475 77.9526
4476 77.9526
4477 77.9526
4478 77.9526
4479 77.9526
4480 77.9526
4481 77.9526
4482 77.9526
4483 77.9526
4484 77.9526
4485 77.9526
4486 77.9526
4487 77.9526
4488 77.9526
4489 77.9526
4490 77.9526
4491 77.9526
4492 77.9526
4493 77.9526
4494 77.9526
4495 77.9526
4496 77.9526
4497 77.9526
4498 77.9526
4499 77.9526
4500 77.9526
4501 77.9526
4502 77.9526
4503 77.9526
4504 77.9526
4505 77.9526
4506 77.9526
4507 77.9526
4508 77.9526
4509 77.9526
4510 77.9526
4511 77.9526
4512 77.9526
4513 77.9526
4514 77.9526
4515 77.9526
4516 77.9526
4517 77.9526
4518 77.9526
4519 77.9526
4520 77.9526
4521 77.9526
4522 77.9526
4523 77.9526
4524 77.9526
4525 77.9526
4526 77.9526
4527 77.9526
4528 77.9526
4529 77.9526
4530 77.9526
4531 77.9526
4532 77.9526
4533 77.9526
4534 77.9526
4535 77.9526
4536 77.9526
4537 77.9526
4538 77.9526
4539 77.9526
4540 77.9526
4541 77.9526
4542 77.9526
4543 77.9526
4544 77.9526
4545 77.9526
4546 77.9526
4547 77.9526
4548 77.9526
4549 77.9526
4550 77.9526
4551 77.9526
4552 77.9526
4553 77.9526
4554 77.9526
4555 77.9526
4556 77.9526
4557 77.9526
4558 77.9526
4559 77.9526
4560 77.9526
4561 77.9526
4562 77.9526
4563 77.9526
4564 77.9526
4565 77.9526
4566 77.9526
4567 77.9526
4568 77.9526
4569 77.9526
4570 77.9526
4571 77.9526
4572 77.9526
4573 77.9526
4574 77.9526
4575 77.9526
4576 77.9526
4577 77.9526
4578 77.9526
4579 77.9526
4580 77.9526
4581 77.9526
4582 77.9526
4583 77.9526
4584 77.9526
4585 77.9526
4586 77.9526
4587 77.9526
4588 77.9526
4589 77.9526
4590 77.9526
4591 77.9526
4592 77.9526
4593 77.9526
4594 77.9526
4595 77.9526
4596 77.9526
4597 77.9526
4598 77.9526
4599 77.9526
4600 77.9526
4601 77.9526
4602 77.9526
4603 77.9526
4604 77.9526
4605 77.9526
4606 77.9526
4607 77.9526
4608 77.9526
4609 77.9526
4610 77.9526
4611 77.9526
4612 77.9526
4613 77.9526
4614 77.9526
4615 77.9526
4616 77.9526
4617 77.9526
4618 77.9526
4619 77.9526
4620 77.9526
4621 77.9526
4622 77.9526
4623 77.9526
4624 77.9526
4625 77.9526
4626 77.9526
4627 77.9526
4628 77.9526
4629 77.9526
4630 77.9526
4631 77.9526
4632 77.9526
4633 77.9526
4634 77.9526
4635 77.9526
4636 77.9526
4637 77.9526
4638 77.9526
4639 77.9526
4640 77.9526
4641 77.9526
4642 77.9526
4643 77.9526
4644 77.9526
4645 77.9526
4646 77.9526
4647 77.9526
4648 77.9526
4649 77.9526
4650 77.9526
4651 77.9526
4652 77.9526
4653 77.9526
4654 77.9526
4655 77.9526
4656 77.9526
4657 77.9526
4658 77.9526
4659 77.9526
4660 77.9526
4661 77.9526
4662 77.9526
4663 77.9526
4664 77.9526
4665 77.9526
4666 77.9526
4667 77.9526
4668 77.9526
4669 77.9526
4670 77.9526
4671 77.9526
4672 77.9526
4673 77.9526
4674 77.9526
4675 77.9526
4676 77.9526
4677 77.9526
4678 77.9526
4679 77.9526
4680 77.9526
4681 77.9526
4682 77.9526
4683 77.9526
4684 77.9526
4685 77.9526
4686 77.9526
4687 77.9526
4688 77.9526
4689 77.9526
4690 77.9526
4691 77.9526
4692 77.9526
4693 77.9526
4694 77.9526
4695 77.9526
4696 77.9526
4697 77.9526
4698 77.9526
4699 77.9526
4700 77.9526
4701 77.9526
4702 77.9526
4703 77.9526
4704 77.9526
4705 77.9526
4706 77.9526
4707 77.9526
4708 77.9526
4709 77.9526
4710 77.9526
4711 77.9526
4712 77.9526
4713 77.9526
4714 77.9526
4715 77.9526
4716 77.9526
4717 77.9526
4718 77.9526
4719 77.9526
4720 77.9526
4721 77.7777
4722 77.7777
4723 77.7777
4724 77.7777
4725 77.7777
4726 77.7777
4727 77.7777
4728 77.7777
4729 77.7777
4730 77.7777
4731 77.7777
4732 77.7777
4733 77.7777
4734 77.7777
4735 77.7777
4736 77.7777
4737 77.7777
4738 77.7777
4739 77.7777
4740 77.7777
4741 77.7777
4742 77.7777
4743 77.7777
4744 77.7777
4745 77.7777
4746 77.7777
4747 77.7777
4748 77.7777
4749 77.7777
4750 77.7777
4751 77.7777
4752 77.7777
4753 77.7777
4754 77.7777
4755 77.7777
4756 77.7777
4757 77.7777
4758 77.7777
4759 77.7777
4760 77.7777
4761 77.7777
4762 77.7777
4763 77.7777
4764 77.7777
4765 77.7777
4766 77.7777
4767 77.7777
4768 77.7777
4769 77.7777
4770 77.7777
4771 77.7777
4772 77.7777
4773 77.7777
4774 77.7777
4775 77.7777
4776 77.7777
4777 77.7777
4778 77.7777
4779 77.7777
4780 77.7777
4781 77.7777
4782 77.7777
4783 77.7777
4784 77.7777
4785 77.7777
4786 77.7777
4787 77.7777
4788 77.7777
4789 77.7777
4790 77.7777
4791 77.7777
4792 77.7777
4793 77.7777
4794 77.7777
4795 77.7777
4796 77.7777
4797 77.7777
4798 77.7777
4799 77.7777
4800 77.7777
4801 77.7777
4802 77.7777
4803 77.7777
4804 77.7777
4805 77.7777
4806 77.7777
4807 77.7777
4808 77.7777
4809 77.7777
4810 77.7777
4811 77.7777
4812 77.7777
4813 77.7777
4814 77.7777
4815 77.7777
4816 77.7777
4817 77.7777
4818 77.7777
4819 77.7777
4820 77.7777
4821 77.7777
4822 77.7777
4823 77.7777
4824 77.7777
4825 77.7777
4826 77.7777
4827 77.7777
4828 77.7777
4829 77.7777
4830 77.7777
4831 77.7777
4832 77.7777
4833 77.7777
4834 77.7777
4835 77.7777
4836 77.7777
4837 77.7777
4838 77.7777
4839 77.7777
4840 77.7777
4841 77.7777
4842 77.7777
4843 77.7777
4844 77.7777
4845 77.7777
4846 77.7777
4847 77.7777
4848 77.7777
4849 77.7777
4850 77.7777
4851 77.7777
4852 77.7777
4853 77.7777
4854 77.7777
4855 77.7777
4856 77.7777
4857 77.7777
4858 77.7777
4859 77.7777
4860 77.7777
4861 77.7777
4862 77.7777
4863 77.7777
4864 77.7777
4865 77.7777
4866 77.7777
4867 77.7777
4868 77.7777
4869 77.7777
4870 77.7777
4871 77.7777
4872 77.7777
4873 77.7777
4874 77.7777
4875 77.7777
4876 77.7777
4877 77.7777
4878 77.7777
4879 77.7777
4880 77.7777
4881 77.7777
4882 77.7777
4883 77.7777
4884 77.7777
4885 77.7777
4886 77.7777
4887 77.7777
4888 77.7777
4889 77.7777
4890 77.7777
4891 77.7777
4892 77.7777
4893 77.7777
4894 77.7777
4895 77.7777
4896 77.7777
4897 77.7777
4898 77.7777
4899 77.7777
4900 77.7777
4901 77.7777
4902 77.7777
4903 77.7777
4904 77.7777
4905 77.7777
4906 77.7777
4907 77.7777
4908 77.7777
4909 77.7777
4910 77.7777
4911 77.7777
4912 77.7777
4913 77.7777
4914 77.7777
4915 77.7777
4916 77.7777
4917 77.7777
4918 77.7777
4919 77.7777
4920 77.7777
4921 77.7777
4922 77.7777
4923 77.7777
4924 77.7777
4925 77.7777
4926 77.7777
4927 77.7777
4928 77.7777
4929 77.7777
4930 77.7777
4931 77.7777
4932 77.7777
4933 77.7777
4934 77.7777
4935 77.7777
4936 77.7777
4937 77.7777
4938 77.7777
4939 77.7777
4940 77.7777
4941 77.7777
4942 77.7777
4943 77.7777
4944 77.7777
4945 77.7777
4946 77.7777
4947 77.7777
4948 77.7777
4949 77.7777
4950 77.7777
4951 77.7777
4952 77.7777
4953 77.7777
4954 77.7777
4955 77.7777
4956 77.7777
4957 77.7777
4958 77.7777
4959 77.7777
4960 77.7777
4961 77.7777
4962 77.7777
4963 77.7777
4964 77.7777
4965 77.7777
4966 77.7777
4967 77.7777
4968 77.7777
4969 77.7777
4970 77.7777
4971 77.7777
4972 77.7777
4973 77.7777
4974 77.7777
4975 77.7777
4976 77.7777
4977 77.7777
4978 77.7777
4979 77.7777
4980 77.7777
4981 77.7777
4982 77.7777
4983 77.7777
4984 77.7777
4985 77.7777
4986 77.7777
4987 77.7777
4988 77.7777
4989 77.7777
4990 77.7777
4991 77.7777
4992 77.7777
4993 77.7777
4994 77.7777
4995 77.7777
4996 77.7777
4997 77.7777
4998 77.7777
4999 77.7777
5000 77.7777
5001 77.7777
5002 77.7777
5003 77.7777
5004 77.7777
5005 77.7777
5006 77.7777
5007 77.7777
5008 77.7777
5009 77.7777
5010 77.7777
5011 77.7777
5012 77.7777
5013 77.7777
5014 77.7777
5015 77.7777
5016 77.7777
5017 77.7777
5018 77.7777
5019 77.7777
5020 77.7777
5021 77.7777
5022 77.7777
5023 77.7777
5024 77.7777
5025 77.7777
5026 77.7777
5027 77.7777
5028 77.7777
5029 77.7777
5030 77.7777
5031 77.7777
5032 77.7777
5033 77.7777
5034 77.7777
5035 77.7777
5036 77.7777
5037 77.7777
5038 77.7777
5039 77.7777
5040 77.7777
5041 77.7777
5042 77.7777
5043 77.7777
5044 77.7777
5045 77.7777
5046 77.7777
5047 77.7777
5048 77.7777
5049 77.7777
5050 77.7777
5051 77.7777
5052 77.7777
5053 77.7777
5054 77.7777
5055 77.7777
5056 77.7777
5057 77.7777
5058 77.7777
5059 77.7777
5060 77.7777
5061 77.7777
5062 77.7777
5063 77.7777
5064 77.7777
5065 77.7777
5066 77.7777
5067 77.7777
5068 77.7777
5069 77.7777
5070 77.7777
5071 77.7777
5072 77.7777
5073 77.7777
5074 77.7777
5075 77.7777
5076 77.7777
5077 77.7777
5078 77.7777
5079 77.7777
5080 77.7777
5081 77.7777
5082 77.7777
5083 77.7777
5084 77.7777
5085 77.7777
5086 77.7777
5087 77.7777
5088 77.7777
5089 77.7777
5090 77.7777
5091 77.7777
5092 77.7777
5093 77.7777
5094 77.7777
5095 77.7777
5096 77.7777
5097 77.7777
5098 77.7777
5099 77.7777
5100 77.7777
5101 77.7777
5102 77.7777
5103 77.7777
5104 77.7777
5105 77.7777
5106 77.7777
5107 77.7777
5108 77.7777
5109 77.7777
5110 77.7777
5111 77.7777
5112 77.7777
5113 77.7777
5114 77.7777
5115 77.7777
5116 77.7777
5117 77.7777
5118 77.7777
5119 77.7777
5120 77.7777
5121 77.7777
5122 77.7777
5123 77.7777
5124 77.7777
5125 77.7777
5126 77.7777
5127 77.7777
5128 77.7777
5129 77.7777
5130 77.7777
5131 77.7777
5132 77.7777
5133 77.7777
5134 77.7777
5135 77.7777
5136 77.7777
5137 77.7777
5138 77.7777
5139 77.7777
5140 77.7777
5141 77.7777
5142 77.7777
5143 77.7777
5144 77.7777
5145 77.7777
5146 77.7777
5147 77.7777
5148 77.7777
5149 77.7777
5150 77.7777
5151 77.7777
5152 77.7777
5153 77.7777
5154 77.7777
5155 77.7777
5156 77.7777
5157 77.7777
5158 77.7777
5159 77.7777
5160 77.7777
5161 77.7777
5162 77.7777
5163 77.7777
5164 77.7777
5165 77.7777
5166 77.7777
5167 77.7777
5168 77.7777
5169 77.7777
5170 77.7777
5171 77.7777
5172 77.7777
5173 77.7777
5174 77.7777
5175 77.7777
5176 77.7777
5177 77.7777
5178 77.7777
5179 77.7777
5180 77.7777
5181 77.7777
5182 77.7777
5183 77.7777
5184 77.7777
5185 77.7777
5186 77.7777
5187 77.7777
5188 77.7777
5189 77.7777
5190 77.7777
5191 77.7777
5192 77.7777
5193 77.7777
5194 77.7777
5195 77.7777
5196 77.7777
5197 77.7777
5198 77.7777
5199 77.7777
5200 77.7777
5201 77.7777
5202 77.7777
5203 77.7777
5204 77.7777
5205 77.7777
5206 77.7777
5207 77.7777
5208 77.7777
5209 77.7777
5210 77.7777
5211 77.7777
5212 77.7777
5213 77.7777
5214 77.7777
5215 77.7777
5216 77.7777
5217 77.7777
5218 77.7777
5219 77.7777
5220 77.7777
5221 77.7777
5222 77.7777
5223 77.7777
5224 77.7777
5225 77.7777
5226 77.7777
5227 77.7777
5228 77.7777
5229 77.7777
5230 77.7777
5231 77.7777
5232 77.7777
5233 77.7777
5234 77.7648
5235 77.7648
5236 77.7648
5237 77.7648
5238 77.7648
5239 77.7648
5240 77.7648
5241 77.7648
5242 77.7648
5243 77.7648
5244 77.7648
5245 77.7648
5246 77.7648
5247 77.7648
5248 77.7648
5249 77.7648
5250 77.7648
5251 77.7648
5252 77.7648
5253 77.7648
5254 77.6698
5255 77.6698
5256 77.6698
5257 77.6698
5258 77.6698
5259 77.6698
5260 77.6698
5261 77.6698
5262 77.6698
5263 77.6698
5264 77.6698
5265 77.6698
5266 77.6698
5267 77.6698
5268 77.6698
5269 77.6698
5270 77.6698
5271 77.6698
5272 77.6698
5273 77.6698
5274 77.6698
5275 77.6698
5276 77.6698
5277 77.6698
5278 77.6698
5279 77.6698
5280 77.6698
5281 77.6698
5282 77.6698
5283 77.6698
5284 77.6698
5285 77.6698
5286 77.5063
5287 77.5063
5288 77.5063
5289 77.5063
5290 77.5063
5291 77.5063
5292 77.5063
5293 77.5063
5294 77.5063
5295 77.5063
5296 77.5063
5297 77.5063
5298 77.5063
5299 77.5063
5300 77.5063
5301 77.5063
5302 77.5063
5303 77.5063
5304 77.5063
5305 77.5063
5306 77.5063
5307 77.5063
5308 77.5063
5309 77.5063
5310 77.5063
5311 77.5063
5312 77.5063
5313 77.5063
5314 77.5063
5315 77.5063
5316 77.5063
5317 77.5063
5318 77.5063
5319 77.5063
5320 77.5063
5321 77.5063
5322 77.5063
5323 77.5063
5324 77.5063
5325 77.5063
5326 77.5063
5327 77.5063
5328 77.5063
5329 77.5063
5330 77.5063
5331 77.5063
5332 77.5063
5333 77.5063
5334 77.5063
5335 77.5063
5336 77.5063
5337 77.5063
5338 77.5063
5339 77.5063
5340 77.5063
5341 77.5063
5342 77.5063
5343 77.5063
5344 77.5063
5345 77.5063
5346 77.5063
5347 77.5063
5348 77.5063
5349 77.5063
5350 77.5063
5351 77.5063
5352 77.5063
5353 77.5063
5354 77.5063
5355 77.5063
5356 77.5063
5357 77.5063
5358 77.5063
5359 77.5063
5360 77.5063
5361 77.5063
5362 77.5063
5363 77.5063
5364 77.5063
5365 77.5063
5366 77.5063
5367 77.5063
5368 77.5063
5369 77.5063
5370 77.5063
5371 77.5063
5372 77.5063
5373 77.5063
5374 77.5063
5375 77.5063
5376 77.5063
5377 77.5063
5378 77.5063
5379 77.5063
5380 77.5063
5381 77.5063
5382 77.5063
5383 77.5063
5384 77.5063
5385 77.5063
5386 77.5063
5387 77.5063
5388 77.5063
5389 77.5063
5390 77.5063
5391 77.5063
5392 77.5063
5393 77.5063
5394 77.5063
5395 77.5063
5396 77.5063
5397 77.5063
5398 77.5063
5399 77.5063
5400 77.5063
5401 77.5063
5402 77.5063
5403 77.5063
5404 77.5063
5405 77.5063
5406 77.5063
5407 77.5063
5408 77.5063
5409 77.5063
5410 77.5063
5411 77.5063
5412 77.5063
5413 77.5063
5414 77.5063
5415 77.5063
5416 77.5063
5417 77.5063
5418 77.5063
5419 77.5063
5420 77.5063
5421 77.4232
5422 77.4232
5423 77.4232
5424 77.4232
5425 77.4232
5426 77.4232
5427 77.4232
5428 77.4232
5429 77.4232
5430 77.4232
5431 77.4232
5432 77.4232
5433 77.4232
5434 77.4232
5435 77.4232
5436 77.4232
5437 77.4232
5438 77.4232
5439 77.4232
5440 77.4232
5441 77.4232
5442 77.4232
5443 77.4232
5444 77.4232
5445 77.4232
5446 77.4232
5447 77.4232
5448 77.4232
5449 77.4232
5450 77.4232
5451 77.4232
5452 77.4232
5453 77.4232
5454 77.4232
5455 77.4232
5456 77.4232
5457 77.4232
5458 77.4232
5459 77.4232
5460 77.4232
5461 77.4232
5462 77.4232
5463 77.4232
5464 77.4232
5465 77.4232
5466 77.4232
5467 77.4232
5468 77.4232
5469 77.4232
5470 77.4232
5471 77.4232
5472 77.4232
5473 77.4232
5474 77.4232
5475 77.4232
5476 77.4232
5477 77.4232
5478 77.4232
5479 77.4232
5480 77.4232
5481 77.4232
5482 77.4232
5483 77.4232
5484 77.4232
5485 77.4232
5486 77.4232
5487 77.4232
5488 77.4232
5489 77.4232
5490 77.4232
5491 77.4232
5492 77.4232
5493 77.4232
5494 77.4232
5495 77.4232
5496 77.4232
5497 77.4232
5498 77.4232
5499 77.4232
5500 77.4232
5501 77.4232
5502 77.4232
5503 77.4232
5504 77.4232
5505 77.4232
5506 77.4232
5507 77.4232
5508 77.4232
5509 77.4232
5510 77.4232
5511 77.4232
5512 77.4232
5513 77.4232
5514 77.4232
5515 77.4232
5516 77.4232
5517 77.4232
5518 77.4232
5519 77.4232
5520 77.4232
5521 77.4232
5522 77.4232
5523 77.4232
5524 77.4232
5525 77.4232
5526 77.4232
5527 77.4232
5528 77.4232
5529 77.4232
5530 77.4232
5531 77.4232
5532 77.4232
5533 77.4232
5534 77.4232
5535 77.4232
5536 77.4232
5537 77.4232
5538 77.4232
5539 77.4232
5540 77.4232
5541 77.4232
5542 77.4232
5543 77.4232
5544 77.4232
5545 77.4232
5546 77.4232
5547 77.4232
5548 77.4232
5549 77.4232
5550 77.4232
5551 77.4232
5552 77.4232
5553 77.4232
5554 77.4232
5555 77.4232
5556 77.4232
5557 77.4232
5558 77.4232
5559 77.4232
5560 77.4232
5561 77.4232
5562 77.4232
5563 77.4232
5564 77.4232
5565 77.4232
5566 77.4232
5567 77.4232
5568 77.4232
5569 77.4232
5570 77.4232
5571 77.4232
5572 77.4232
5573 77.4232
5574 77.4232
5575 77.4232
5576 77.4232
5577 77.4232
5578 77.4232
5579 77.4232
5580 77.4232
5581 77.4232
5582 77.4232
5583 77.4232
5584 77.4232
5585 77.4232
5586 77.4232
5587 77.4232
5588 77.4232
5589 77.4232
5590 77.4232
5591 77.4232
5592 77.4232
5593 77.4232
5594 77.4232
5595 77.4232
5596 77.4232
5597 77.4232
5598 77.4232
5599 77.4232
5600 77.4232
5601 77.4232
5602 77.4232
5603 77.4232
5604 77.4232
5605 77.4232
5606 77.4232
5607 77.4232
5608 77.4232
5609 77.4232
5610 77.4232
5611 77.4232
5612 77.4232
5613 77.4232
5614 77.4232
5615 77.4232
5616 77.4232
5617 77.4232
5618 77.4232
5619 77.4232
5620 77.4232
5621 77.4232
5622 77.4232
5623 77.4232
5624 77.4232
5625 77.4232
5626 77.4232
5627 77.4232
5628 77.4232
5629 77.4232
5630 77.4232
5631 77.4232
5632 77.4232
5633 77.4232
5634 77.4232
5635 77.4232
5636 77.4232
5637 77.4232
5638 77.4232
5639 77.4232
5640 77.4232
5641 77.4232
5642 77.4232
5643 77.4232
5644 77.4232
5645 77.4232
5646 77.4232
5647 77.4232
5648 77.4232
5649 77.4232
5650 77.4232
5651 77.4232
5652 77.4232
5653 77.4232
5654 77.4232
5655 77.4232
5656 77.4232
5657 77.4232
5658 77.4232
5659 77.4232
5660 77.4232
5661 77.4232
5662 77.4232
5663 77.4232
5664 77.4232
5665 77.4232
5666 77.4232
5667 77.4232
5668 77.4232
5669 77.4232
5670 77.4232
5671 77.4232
5672 77.4232
5673 77.4232
5674 77.4232
5675 77.4232
5676 77.4232
5677 77.4232
5678 77.4232
5679 77.4232
5680 77.4232
5681 77.4232
5682 77.4232
5683 77.4232
5684 77.4232
5685 77.4232
5686 77.4232
5687 77.4232
5688 77.4232
5689 77.4232
5690 77.4232
5691 77.4232
5692 77.4232
5693 77.4232
5694 77.4232
5695 77.4232
5696 77.4232
5697 77.4232
5698 77.4232
5699 77.4232
5700 77.4232
5701 77.4232
5702 77.4232
5703 77.4232
5704 77.4232
5705 77.4232
5706 77.4232
5707 77.4232
5708 77.4232
5709 77.4232
5710 77.4232
5711 77.4232
5712 77.4232
5713 77.4232
5714 77.4232
5715 77.4232
5716 77.4232
5717 77.4232
5718 77.4232
5719 77.4232
5720 77.4232
5721 77.4232
5722 77.4232
5723 77.4232
5724 77.4232
5725 77.4232
5726 77.4232
5727 77.4232
5728 77.4232
5729 77.4232
5730 77.4232
5731 77.4232
5732 77.4232
5733 77.4232
5734 77.4232
5735 77.4232
5736 77.4232
5737 77.4232
5738 77.4232
5739 77.4232
5740 77.4232
5741 77.4232
5742 77.4232
5743 77.4232
5744 77.4232
5745 77.4232
5746 77.4232
5747 77.4232
5748 77.4232
5749 77.4232
5750 77.4232
5751 77.4232
5752 77.4232
5753 77.4232
5754 77.4232
5755 77.4232
5756 77.4232
5757 77.4232
5758 77.4232
5759 77.4232
5760 77.4232
5761 77.4232
5762 77.4232
5763 77.4232
5764 77.4232
5765 77.4232
5766 77.4232
5767 77.4232
5768 77.4232
5769 77.4232
5770 77.4232
5771 77.4232
5772 77.4232
5773 77.4232
5774 77.4232
5775 77.4232
5776 77.4232
5777 77.4232
5778 77.4232
5779 77.4232
5780 77.4232
5781 77.4232
5782 77.4232
5783 77.4232
5784 77.4232
5785 77.4232
5786 77.4232
5787 77.4232
5788 77.4232
5789 77.4232
5790 77.4232
5791 77.4232
5792 77.4232
5793 77.4232
5794 77.4232
5795 77.4232
5796 77.4232
5797 77.4232
5798 77.4232
5799 77.4232
5800 77.4232
5801 77.4232
5802 77.4232
5803 77.4232
5804 77.4232
5805 77.4232
5806 77.4232
5807 77.4232
5808 77.4232
5809 77.4232
5810 77.4232
5811 77.4232
5812 77.4232
5813 77.4232
5814 77.4232
5815 77.4232
5816 77.4232
5817 77.4232
5818 77.4232
5819 77.4232
5820 77.4232
5821 77.4232
5822 77.4232
5823 77.4232
5824 77.4232
5825 77.4232
5826 77.4232
5827 77.4232
5828 77.4232
5829 77.4232
5830 77.4232
5831 77.4232
5832 77.4232
5833 77.4232
5834 77.4232
5835 77.4232
5836 77.4232
5837 77.4232
5838 77.4232
5839 77.4232
5840 77.4232
5841 77.4232
5842 77.4232
5843 77.4232
5844 77.4232
5845 77.4232
5846 77.4232
5847 77.4232
5848 77.4232
5849 77.4232
5850 77.4232
5851 77.4232
5852 77.4232
5853 77.4232
5854 77.4232
5855 77.4232
5856 77.4232
5857 77.4232
5858 77.4232
5859 77.4232
5860 77.4232
5861 77.4232
5862 77.4232
5863 77.4232
5864 77.4232
5865 77.4232
5866 77.4232
5867 77.4232
5868 77.4232
5869 77.4232
5870 77.4232
5871 77.4232
5872 77.4232
5873 77.4232
5874 77.4232
5875 77.4232
5876 77.4232
5877 77.4232
5878 77.4232
5879 77.4232
5880 77.4232
5881 77.4232
5882 77.4232
5883 77.4232
5884 77.4232
5885 77.4232
5886 77.4232
5887 77.4232
5888 77.4232
5889 77.4232
5890 77.4232
5891 77.4232
5892 77.4232
5893 77.4232
5894 77.4232
5895 77.4232
5896 77.4232
5897 77.4232
5898 77.4232
5899 77.4232
5900 77.4232
5901 77.4232
5902 77.4232
5903 77.4232
5904 77.4232
5905 77.4232
5906 77.4232
5907 77.4232
5908 77.4232
5909 77.4232
5910 77.4232
5911 77.4232
5912 77.4232
5913 77.4232
5914 77.4232
5915 77.4232
5916 77.4232
5917 77.4232
5918 77.4232
5919 77.4232
5920 77.4232
5921 77.4232
5922 77.4232
5923 77.4232
5924 77.4232
5925 77.4232
5926 77.4232
5927 77.4232
5928 77.4232
5929 77.4232
5930 77.4232
5931 77.4232
5932 77.4232
5933 77.4232
5934 77.4232
5935 77.4232
5936 77.4232
5937 77.4232
5938 77.4232
5939 77.4232
5940 77.4232
5941 77.4232
5942 77.4232
5943 77.4232
5944 77.4232
5945 77.4232
5946 77.4232
5947 77.4232
5948 77.4232
5949 77.4232
5950 77.4232
5951 77.4232
5952 77.4232
5953 77.4232
5954 77.4232
5955 77.4232
5956 77.4232
5957 77.4232
5958 77.4232
5959 77.4232
5960 77.4232
5961 77.4232
5962 77.4232
5963 77.4232
5964 77.4232
5965 77.4232
5966 77.4232
5967 77.4232
5968 77.4232
5969 77.4232
5970 77.4232
5971 77.4232
5972 77.4232
5973 77.4232
5974 77.4232
5975 77.4232
5976 77.4232
5977 77.4232
5978 77.4232
5979 77.4232
5980 77.4232
5981 77.4232
5982 77.4232
5983 77.4232
5984 77.4232
5985 77.4232
5986 77.4232
5987 77.4232
5988 77.4232
5989 77.4232
5990 77.4232
5991 77.4232
5992 77.4232
5993 77.4232
5994 77.4232
5995 77.4232
5996 77.4232
5997 77.4232
5998 77.4232
5999 77.4232
