0 438.33
1 433.15
2 426.798
3 420.295
4 413.807
5 410.585
6 406.469
7 401.104
8 397.882
9 393.577
10 388.399
11 387.603
12 381.876
13 381.876
14 380.113
15 378.015
16 372.49
17 370.754
18 368.166
19 364.241
20 361.315
21 356.39
22 353.463
23 352.298
24 347.745
25 338.557
26 334.004
27 325.385
28 323.403
29 320.868
30 316.72
31 312.353
32 309.626
33 304.169
34 304.161
35 300.765
36 300.765
37 297.793
38 295.086
39 293.758
40 293.008
41 290.647
42 287.619
43 286.291
44 282.621
45 281.859
46 279.35
47 279.35
48 274.195
49 272.114
50 270.421
51 266.777
52 257.372
53 257.364
54 257.364
55 255.884
56 253.248
57 253.248
58 253.214
59 251.979
60 251.944
61 250.322
62 249.41
63 249.41
64 246.956
65 245.357
66 244.583
67 243.628
68 242.855
69 242.435
70 242.186
71 241.661
72 241.661
73 240.583
74 239.809
75 239.065
76 237.336
77 234.773
78 232.304
79 231.677
80 231.677
81 231.596
82 230.54
83 230.459
84 230.459
85 228.746
86 228.746
87 223.481
88 223.481
89 221.976
90 221.976
91 220.743
92 219.19
93 219.165
94 216.937
95 216.912
96 216.326
97 212.688
98 212.077
99 212.077
100 211.689
101 211.569
102 210.091
103 209.584
104 209.584
105 208.853
106 206.571
107 206.571
108 205.689
109 204.073
110 203.151
111 202.269
112 202.051
113 200.785
114 200.371
115 198.887
116 198.887
117 197.732
118 197.297
119 197.091
120 197.05
121 196.717
122 195.771
123 195.015
124 194.756
125 194
126 194
127 191.367
128 191.367
129 188.797
130 188.797
131 187.161
132 187.161
133 186.393
134 186.393
135 186.052
136 185.873
137 184.732
138 184.004
139 184.004
140 182.862
141 182.862
142 182.862
143 182.862
144 182.359
145 182.359
146 182.067
147 182.067
148 182.067
149 182.067
150 182.067
151 182.067
152 182.067
153 182.067
154 181.612
155 180.689
156 177.607
157 176.13
158 175.995
159 175.995
160 175.803
161 175.012
162 174.489
163 174.109
164 170.726
165 169.651
166 169.651
167 168.589
168 168.125
169 168.125
170 167.638
171 166.755
172 166.291
173 166.291
174 166.291
175 166.291
176 165.869
177 165.869
178 165.722
179 165.3
180 165.3
181 165.3
182 165.3
183 164.205
184 164.205
185 163.557
186 162.463
187 161.873
188 161.873
189 161.873
190 161.873
191 161.873
192 161.323
193 161.323
194 161.197
195 161.197
196 161.197
197 161.197
198 161.197
199 161.197
200 161.197
201 161.197
202 160.884
203 160.867
204 160.867
205 160.867
206 160.46
207 160.46
208 160.257
209 159.762
210 159.268
211 156.992
212 156.459
213 155.977
214 155.115
215 154.771
216 154.114
217 153.941
218 153.161
219 152.25
220 152.115
221 152.115
222 151.07
223 151.07
224 151.07
225 151.07
226 151.07
227 150.93
228 150.93
229 149.518
230 149.373
231 149.276
232 148.377
233 148.377
234 148.377
235 148.374
236 148.374
237 148.374
238 148.374
239 148.374
240 148.374
241 148.27
242 148.27
243 148.27
244 148.27
245 148.27
246 148.27
247 148.27
248 148.27
249 147.407
250 147.407
251 147.407
252 147.407
253 146.559
254 146.559
255 143.258
256 143.258
257 142.049
258 142.049
259 142.049
260 142.049
261 140.543
262 140.543
263 140.368
264 140.268
265 140.093
266 140.093
267 135.38
268 134.156
269 133.991
270 133.76
271 133.595
272 133.379
273 133.379
274 133.379
275 133.009
276 133.009
277 131.388
278 131.388
279 131.388
280 131.388
281 131.388
282 130.732
283 130.254
284 130.254
285 130.254
286 130.254
287 130.254
288 130.254
289 130.254
290 130.239
291 130.239
292 129.856
293 129.841
294 129.841
295 129.83
296 129.83
297 129.83
298 129.267
299 129.267
300 129.267
301 129.207
302 129.207
303 129.207
304 129.207
305 129.207
306 129.207
307 129.207
308 129.207
309 128.157
310 128.157
311 128.157
312 128.1
313 128.1
314 128.1
315 128.1
316 127.146
317 126.834
318 126.834
319 126.83
320 126.83
321 126.591
322 126.39
323 125.401
324 124.683
325 124.244
326 124.244
327 123.962
328 123.962
329 123.962
330 121.939
331 121.939
332 121.939
333 120.756
334 120.129
335 120.129
336 120.129
337 120.129
338 120.129
339 120.129
340 120.121
341 119.966
342 119.884
343 119.006
344 119.006
345 118.49
346 118.49
347 115.535
348 115.452
349 115.452
350 115.452
351 115.157
352 115.157
353 115.157
354 115.157
355 115.157
356 114.945
357 114.945
358 114.76
359 114.548
360 114.548
361 114.459
362 114.459
363 114.459
364 114.459
365 114.459
366 114.459
367 114.459
368 114.459
369 114.459
370 114.459
371 114.459
372 114.459
373 114.459
374 114.459
375 114.459
376 113.84
377 113.84
378 113.84
379 113.84
380 113.84
381 113.518
382 113.159
383 113.159
384 113.159
385 113.159
386 113.092
387 113.092
388 113.092
389 113.092
390 113.092
391 113.092
392 113.092
393 113.092
394 113.092
395 113.092
396 113.012
397 113.012
398 113.012
399 113.012
400 112.453
401 112.453
402 112.453
403 112.453
404 112.453
405 111.068
406 111.068
407 111.068
408 111.068
409 111.068
410 111.068
411 111.068
412 111.068
413 111.068
414 111.068
415 111.068
416 111.068
417 111.068
418 111.068
419 109.159
420 109.159
421 109.159
422 109.159
423 109.159
424 109.159
425 109.159
426 109.159
427 109.159
428 109.159
429 109.159
430 109.159
431 109.159
432 109.159
433 109.159
434 109.159
435 109.159
436 109.159
437 109.159
438 109.004
439 109.004
440 108.945
441 108.871
442 108.871
443 108.781
444 107.908
445 107.744
446 107.744
447 107.744
448 107.744
449 107.744
450 107.744
451 107.744
452 107.744
453 107.744
454 107.097
455 107.097
456 107.097
457 107.022
458 107.022
459 107.022
460 107.022
461 106.359
462 106.359
463 106.359
464 106.066
465 106.066
466 106.066
467 106.066
468 106.066
469 106.066
470 106.066
471 106.066
472 106.066
473 106.066
474 105.71
475 105.71
476 105.71
477 105.71
478 105.71
479 105.046
480 105.046
481 105.046
482 105.046
483 105.046
484 105.046
485 105.046
486 105.046
487 105.046
488 105.046
489 104.79
490 104.79
491 104.79
492 104.79
493 104.79
494 104.79
495 104.79
496 104.79
497 104.79
498 104.79
499 104.79
500 104.579
501 104.579
502 104.579
503 104.579
504 104.579
505 104.579
506 104.579
507 104.579
508 104.287
509 104.287
510 104.287
511 103.977
512 103.977
513 103.691
514 103.328
515 103.034
516 102.643
517 102.643
518 101.683
519 101.683
520 101.683
521 101.683
522 101.683
523 101.683
524 101.683
525 101.683
526 100.93
527 100.93
528 100.93
529 100.93
530 100.93
531 100.93
532 100.93
533 100.93
534 100.93
535 100.93
536 100.93
537 100.93
538 100.93
539 100.93
540 100.93
541 100.93
542 100.93
543 100.93
544 100.789
545 100.789
546 100.789
547 100.789
548 100.789
549 100.789
550 100.789
551 100.789
552 100.789
553 100.789
554 100.789
555 100.789
556 100.789
557 100.789
558 100.789
559 100.789
560 100.789
561 100.789
562 100.789
563 100.789
564 100.789
565 100.789
566 100.789
567 100.789
568 100.789
569 100.789
570 100.789
571 100.789
572 100.789
573 100.789
574 100.789
575 100.789
576 100.789
577 100.789
578 100.789
579 100.789
580 100.789
581 100.789
582 100.789
583 100.789
584 100.789
585 100.581
586 100.306
587 100.282
588 100.282
589 100.117
590 99.596
591 99.596
592 99.596
593 99.596
594 99.596
595 98.7857
596 98.7857
597 98.7857
598 98.7857
599 98.7857
600 98.7857
601 98.7857
602 98.7857
603 98.7857
604 98.7857
605 98.7857
606 98.7857
607 98.7857
608 98.7857
609 98.7857
610 98.7857
611 98.7857
612 98.7857
613 98.7857
614 98.7857
615 98.7346
616 98.7303
617 98.2813
618 98.2813
619 98.2813
620 98.2813
621 98.2813
622 97.9563
623 97.9563
624 97.9563
625 97.9563
626 97.9113
627 97.9113
628 97.9113
629 97.9113
630 97.9113
631 97.9113
632 97.9113
633 97.9113
634 97.9113
635 97.9113
636 97.9113
637 97.9113
638 97.9113
639 97.9113
640 97.9113
641 97.9113
642 97.9113
643 97.9113
644 97.9113
645 97.9113
646 97.9113
647 97.9113
648 97.9113
649 97.9113
650 97.9113
651 97.9113
652 97.9113
653 97.9113
654 97.9113
655 97.9113
656 97.9113
657 97.9113
658 97.7168
659 97.7168
660 97.7168
661 97.3175
662 97.3175
663 97.3175
664 97.3175
665 97.3175
666 97.3175
667 97.3175
668 97.3175
669 97.3175
670 97.3175
671 97.3175
672 96.8381
673 96.8381
674 96.8381
675 96.8381
676 96.8381
677 96.8381
678 96.8381
679 96.5695
680 96.5695
681 96.5695
682 96.5695
683 96.373
684 96.367
685 96.367
686 96.367
687 96.367
688 96.367
689 96.1769
690 96.1769
691 96.1769
692 96.1769
693 96.1769
694 96.1769
695 96.1769
696 96.1769
697 96.1769
698 96.1769
699 96.1769
700 96.1769
701 95.8358
702 95.8358
703 95.3032
704 94.5859
705 94.5859
706 94.5859
707 94.5859
708 94.5859
709 94.5859
710 94.5859
711 94.5859
712 94.5859
713 94.5859
714 94.5859
715 94.5062
716 94.5062
717 94.5062
718 94.5062
719 94.5062
720 94.5062
721 94.1086
722 94.1086
723 94.1086
724 94.0765
725 94.0765
726 94.0765
727 94.0765
728 94.0765
729 94.0765
730 94.0765
731 94.0765
732 94.0765
733 94.0765
734 94.0765
735 94.0765
736 94.0765
737 94.0765
738 94.0765
739 94.0765
740 94.0765
741 94.0765
742 94.0765
743 94.0765
744 94.0765
745 93.9362
746 93.9362
747 93.9362
748 93.9362
749 93.9362
750 93.9362
751 93.9362
752 93.9362
753 93.9362
754 93.9362
755 93.9362
756 93.9362
757 93.4439
758 93.4439
759 92.7459
760 92.7459
761 92.7459
762 92.2696
763 92.2696
764 92.2696
765 91.776
766 91.776
767 91.776
768 91.776
769 91.776
770 91.776
771 91.776
772 91.776
773 91.776
774 91.776
775 91.776
776 91.776
777 91.776
778 91.776
779 91.776
780 91.776
781 91.776
782 91.776
783 91.776
784 91.776
785 91.776
786 91.776
787 91.776
788 91.6442
789 91.6442
790 91.6442
791 91.6442
792 91.6442
793 91.6317
794 91.6317
795 91.6317
796 91.6317
797 91.6317
798 91.6317
799 91.6317
800 91.6317
801 91.6317
802 91.6317
803 91.6317
804 91.6317
805 91.6317
806 91.6317
807 91.6317
808 91.6317
809 91.6317
810 91.6317
811 91.6317
812 91.6317
813 91.6317
814 91.6317
815 91.6317
816 91.6317
817 91.6317
818 91.6317
819 91.6317
820 91.6317
821 91.6317
822 91.6317
823 91.6317
824 91.6317
825 91.1546
826 91.1546
827 91.1546
828 91.1546
829 91.1546
830 91.1546
831 91.1546
832 91.1546
833 91.1546
834 91.1546
835 91.1546
836 91.1546
837 91.1546
838 91.1546
839 91.1546
840 91.1546
841 91.1546
842 91.1546
843 91.1546
844 91.1546
845 90.3906
846 90.3906
847 90.3906
848 90.3906
849 90.3906
850 90.3906
851 90.3906
852 90.3906
853 90.3906
854 90.3906
855 90.3906
856 90.3906
857 90.3906
858 90.3906
859 90.3906
860 90.3906
861 90.3906
862 90.3906
863 90.3906
864 90.3906
865 90.3906
866 90.3906
867 90.3906
868 90.3906
869 90.3906
870 90.3906
871 90.3906
872 90.3906
873 90.3906
874 90.3906
875 90.3906
876 90.3906
877 90.3906
878 90.3906
879 90.3906
880 90.3906
881 90.3906
882 90.3906
883 90.3906
884 90.3906
885 89.9239
886 89.2043
887 89.2043
888 89.2043
889 89.2043
890 89.2043
891 89.2043
892 89.2043
893 89.2043
894 89.2043
895 89.2043
896 89.2043
897 89.2043
898 89.2043
899 89.2043
900 89.2043
901 89.2043
902 89.2043
903 89.2043
904 89.2043
905 89.2043
906 89.2043
907 89.2043
908 89.2043
909 89.2043
910 89.2043
911 89.2043
912 89.2043
913 89.2043
914 89.2043
915 89.2043
916 89.2043
917 88.8714
918 88.8714
919 88.8714
920 88.8714
921 88.8714
922 88.8714
923 88.8714
924 88.8714
925 88.8714
926 88.8714
927 88.8714
928 88.8
929 88.8
930 88.8
931 88.8
932 87.8262
933 87.8262
934 87.8262
935 87.8262
936 87.0798
937 87.0798
938 87.0798
939 87.0798
940 87.0798
941 87.0798
942 87.0798
943 87.0798
944 87.0798
945 87.0798
946 87.0798
947 87.0798
948 87.0798
949 87.0798
950 87.0798
951 87.0798
952 87.0798
953 87.0798
954 87.0798
955 87.0798
956 87.0798
957 87.0798
958 87.0798
959 87.0798
960 87.0798
961 87.0798
962 87.0798
963 87.0798
964 87.0798
965 87.0798
966 87.0798
967 87.0798
968 87.0798
969 87.0798
970 87.0798
971 87.0798
972 87.0798
973 87.0798
974 87.0798
975 87.0798
976 87.0798
977 87.0798
978 87.0798
979 87.0798
980 87.0798
981 86.5514
982 86.5514
983 86.5514
984 86.5514
985 86.5514
986 86.5514
987 86.5514
988 86.5514
989 86.5514
990 86.5514
991 86.5514
992 86.5514
993 86.5514
994 86.5514
995 86.5514
996 86.5514
997 86.5514
998 86.5514
999 86.5514
1000 86.5514
1001 86.5514
1002 86.5514
1003 86.5514
1004 86.5514
1005 86.4943
1006 85.9884
1007 85.9884
1008 85.9884
1009 85.9884
1010 85.9884
1011 85.9884
1012 85.9884
1013 85.9884
1014 85.9884
1015 85.9884
1016 85.9884
1017 85.9884
1018 85.9884
1019 85.9884
1020 85.9884
1021 85.9884
1022 85.9884
1023 85.9884
1024 85.9884
1025 85.9884
1026 85.9884
1027 85.9884
1028 85.9884
1029 85.9884
1030 85.6297
1031 85.6297
1032 85.6297
1033 85.6297
1034 85.6297
1035 85.6297
1036 85.6297
1037 85.6297
1038 85.6297
1039 85.2706
1040 84.3398
1041 84.3169
1042 84.3169
1043 84.3169
1044 84.3169
1045 84.3169
1046 84.3169
1047 84.3169
1048 84.3169
1049 84.3169
1050 84.3169
1051 84.3169
1052 84.3169
1053 84.3169
1054 84.3169
1055 84.3169
1056 84.3169
1057 84.3169
1058 84.3169
1059 84.3169
1060 84.3169
1061 84.3169
1062 84.3169
1063 84.3169
1064 84.3169
1065 84.3169
1066 84.3169
1067 84.3169
1068 84.3169
1069 84.3169
1070 84.3169
1071 84.3169
1072 84.3169
1073 84.3169
1074 84.3169
1075 84.3169
1076 84.3169
1077 84.3169
1078 84.3169
1079 84.3169
1080 84.3169
1081 84.3169
1082 84.3169
1083 84.3169
1084 84.3169
1085 84.3169
1086 84.3169
1087 84.3169
1088 84.3169
1089 84.3169
1090 84.3169
1091 84.3169
1092 84.3169
1093 84.3169
1094 84.3169
1095 84.3169
1096 84.3169
1097 84.3169
1098 84.3169
1099 84.3169
1100 84.3169
1101 84.3169
1102 84.3169
1103 84.3169
1104 84.3169
1105 84.3169
1106 84.3169
1107 84.3169
1108 84.3169
1109 84.3169
1110 84.3169
1111 84.3169
1112 84.3169
1113 84.3169
1114 84.3169
1115 84.3169
1116 84.3169
1117 84.3169
1118 84.3169
1119 84.3169
1120 84.3169
1121 84.3169
1122 84.3169
1123 84.3169
1124 84.3169
1125 84.3169
1126 84.3169
1127 84.3169
1128 84.3169
1129 84.3169
1130 84.3169
1131 84.3169
1132 84.3169
1133 84.3169
1134 84.3169
1135 84.3169
1136 84.3169
1137 84.3169
1138 84.3169
1139 84.3169
1140 84.3169
1141 84.3169
1142 84.3169
1143 84.3169
1144 84.3169
1145 83.5651
1146 83.5651
1147 83.4325
1148 83.4325
1149 83.4325
1150 83.4325
1151 83.4325
1152 83.4325
1153 83.4325
1154 83.4325
1155 83.4325
1156 83.4325
1157 83.4325
1158 83.4325
1159 83.4325
1160 83.4325
1161 83.4325
1162 83.1187
1163 83.1187
1164 83.1187
1165 83.1187
1166 83.1187
1167 83.1187
1168 83.1187
1169 83.1187
1170 83.1187
1171 83.1187
1172 83.1187
1173 83.1187
1174 83.1187
1175 83.1187
1176 83.1187
1177 83.1187
1178 83.1187
1179 83.1187
1180 83.1187
1181 83.1187
1182 83.1187
1183 83.1187
1184 83.1187
1185 83.1187
1186 83.1187
1187 83.1187
1188 83.1187
1189 83.1187
1190 83.1187
1191 83.1187
1192 83.1187
1193 83.1187
1194 83.1187
1195 83.1187
1196 82.8215
1197 82.2252
1198 82.2252
1199 81.9281
1200 81.9281
1201 81.9281
1202 81.9281
1203 81.9281
1204 81.9281
1205 81.9281
1206 81.9281
1207 81.9281
1208 81.9281
1209 81.9281
1210 81.9281
1211 81.9281
1212 81.9281
1213 81.9281
1214 81.9281
1215 81.9281
1216 81.9281
1217 81.9281
1218 81.9281
1219 81.9281
1220 81.9281
1221 81.9281
1222 81.9281
1223 81.9281
1224 81.9281
1225 81.6741
1226 81.6741
1227 81.6741
1228 81.6741
1229 81.6741
1230 81.6741
1231 81.6741
1232 81.6741
1233 81.6741
1234 81.6741
1235 81.6741
1236 81.6741
1237 81.6741
1238 81.6741
1239 81.6741
1240 81.6741
1241 81.6741
1242 81.6741
1243 81.6741
1244 81.6741
1245 81.6741
1246 81.6741
1247 81.6741
1248 81.6741
1249 81.6741
1250 81.6741
1251 81.6741
1252 81.6741
1253 81.618
1254 81.618
1255 81.2213
1256 80.3238
1257 80.3238
1258 80.3238
1259 80.3238
1260 80.3238
1261 80.3238
1262 80.3238
1263 80.3238
1264 80.3238
1265 80.3238
1266 80.3238
1267 80.3238
1268 80.3238
1269 80.3238
1270 79.9914
1271 79.9914
1272 79.9914
1273 79.9914
1274 79.9914
1275 79.9914
1276 79.9914
1277 79.9914
1278 79.9914
1279 79.9914
1280 79.9914
1281 79.9914
1282 79.9914
1283 79.9914
1284 79.9914
1285 79.9914
1286 79.9914
1287 79.9914
1288 79.9914
1289 79.9914
1290 79.9914
1291 79.9914
1292 79.9914
1293 79.9914
1294 79.9914
1295 79.9914
1296 79.9914
1297 79.9914
1298 79.9914
1299 79.9914
1300 79.9914
1301 79.9914
1302 79.9914
1303 79.9914
1304 79.9914
1305 79.9914
1306 79.9914
1307 79.9914
1308 79.9914
1309 79.9914
1310 79.9914
1311 79.9914
1312 79.9914
1313 79.9914
1314 79.9914
1315 79.9914
1316 79.9914
1317 79.9914
1318 79.9914
1319 79.9914
1320 79.9914
1321 79.9914
1322 79.9914
1323 79.9914
1324 79.9914
1325 79.9914
1326 79.9914
1327 79.9914
1328 79.9914
1329 79.9914
1330 79.9914
1331 79.9914
1332 79.9914
1333 79.9914
1334 79.9914
1335 79.9914
1336 79.9914
1337 79.9914
1338 79.9914
1339 79.9914
1340 79.9914
1341 79.9914
1342 79.9914
1343 79.9914
1344 79.9914
1345 79.9914
1346 79.9914
1347 79.9914
1348 79.9914
1349 79.9914
1350 79.9914
1351 79.9914
1352 79.9914
1353 79.9914
1354 79.9914
1355 79.9914
1356 79.9914
1357 79.9914
1358 79.9914
1359 79.9914
1360 79.9914
1361 79.9914
1362 79.9914
1363 79.9914
1364 79.9914
1365 79.9914
1366 79.9914
1367 79.9914
1368 79.9914
1369 79.9914
1370 79.9914
1371 79.9914
1372 79.9914
1373 79.9914
1374 79.9914
1375 79.9914
1376 79.9914
1377 79.9914
1378 79.9914
1379 79.9914
1380 79.9914
1381 79.9914
1382 79.9914
1383 79.9914
1384 79.9914
1385 79.9914
1386 79.9914
1387 79.9914
1388 79.9914
1389 79.9914
1390 79.9914
1391 79.9914
1392 79.9914
1393 79.9914
1394 79.9914
1395 79.9914
1396 79.9914
1397 79.9914
1398 79.9914
1399 79.9914
1400 79.9914
1401 79.9914
1402 79.9914
1403 79.9914
1404 79.9914
1405 79.9914
1406 79.9914
1407 79.9914
1408 79.9914
1409 79.9914
1410 79.9914
1411 79.9914
1412 79.9914
1413 79.9914
1414 79.9914
1415 79.9914
1416 79.9914
1417 79.9914
1418 79.9914
1419 79.9914
1420 79.9914
1421 79.9914
1422 79.9914
1423 79.9914
1424 79.9914
1425 79.9914
1426 79.9914
1427 79.9914
1428 79.9914
1429 79.9914
1430 79.9914
1431 79.9914
1432 79.9914
1433 79.9914
1434 79.9914
1435 79.9914
1436 79.9914
1437 79.9914
1438 79.9914
1439 79.9914
1440 79.9914
1441 79.9914
1442 79.9914
1443 79.9914
1444 79.9914
1445 79.9914
1446 79.9914
1447 79.9914
1448 79.9914
1449 79.9914
1450 79.9914
1451 79.9914
1452 79.9914
1453 79.9914
1454 79.9914
1455 79.9914
1456 79.9914
1457 79.9914
1458 79.9914
1459 79.9914
1460 79.9914
1461 79.9914
1462 79.9914
1463 79.9914
1464 79.9914
1465 79.9914
1466 79.9914
1467 79.9914
1468 79.9914
1469 79.9914
1470 79.9914
1471 79.9914
1472 79.9914
1473 79.9914
1474 79.9914
1475 79.9914
1476 79.9914
1477 79.9914
1478 79.9914
1479 79.9914
1480 79.9914
1481 79.9914
1482 79.9914
1483 79.9914
1484 79.9914
1485 79.9914
1486 79.9914
1487 79.9914
1488 79.9914
1489 79.9914
1490 79.9914
1491 79.9914
1492 79.9914
1493 79.9914
1494 79.9914
1495 79.9914
1496 79.9914
1497 79.9914
1498 79.9914
1499 79.9914
1500 79.9914
1501 79.9914
1502 79.9914
1503 79.9914
1504 79.9914
1505 79.9914
1506 79.9914
1507 79.9914
1508 79.9914
1509 79.9914
1510 79.9914
1511 79.9914
1512 79.9914
1513 79.9914
1514 79.9914
1515 79.9914
1516 79.9914
1517 79.9914
1518 79.9914
1519 79.9914
1520 79.9914
1521 79.9914
1522 79.9914
1523 79.2923
1524 79.2923
1525 79.2923
1526 79.2923
1527 79.2923
1528 79.2923
1529 79.2923
1530 79.2923
1531 79.2923
1532 79.2923
1533 79.2923
1534 79.2923
1535 79.2923
1536 79.2923
1537 79.2923
1538 79.2923
1539 79.2923
1540 79.2923
1541 79.2923
1542 79.2923
1543 79.2923
1544 79.2923
1545 79.2923
1546 79.2923
1547 79.2923
1548 79.2923
1549 79.2923
1550 79.2923
1551 79.2923
1552 79.2923
1553 79.2923
1554 79.2923
1555 79.2923
1556 79.2923
1557 79.2923
1558 79.2923
1559 79.2923
1560 79.2923
1561 79.2923
1562 79.2923
1563 79.2923
1564 79.2923
1565 79.2923
1566 79.2923
1567 79.2923
1568 79.2923
1569 79.2923
1570 79.2923
1571 79.2923
1572 79.2923
1573 79.2923
1574 79.2923
1575 79.2923
1576 79.2923
1577 79.2923
1578 79.2923
1579 79.2923
1580 79.2923
1581 79.2923
1582 79.2923
1583 79.2923
1584 79.2923
1585 79.2923
1586 79.2923
1587 79.2923
1588 79.2923
1589 79.2923
1590 79.2923
1591 79.2923
1592 79.2923
1593 79.2923
1594 79.2923
1595 79.2923
1596 79.2923
1597 79.2923
1598 79.2923
1599 79.2923
1600 79.2923
1601 79.2923
1602 79.2923
1603 79.2923
1604 79.2923
1605 79.2923
1606 79.2923
1607 79.2923
1608 79.2923
1609 79.2923
1610 79.2923
1611 79.2923
1612 79.2923
1613 79.2923
1614 79.2923
1615 79.2923
1616 79.2923
1617 79.2923
1618 79.2923
1619 79.2923
1620 79.2923
1621 79.2923
1622 79.2923
1623 79.2923
1624 79.2923
1625 79.2923
1626 79.2923
1627 79.2923
1628 79.2923
1629 79.2923
1630 79.2923
1631 78.8783
1632 78.8783
1633 78.8783
1634 78.8783
1635 78.8783
1636 78.8783
1637 78.8783
1638 78.8783
1639 78.8783
1640 78.8783
1641 78.8783
1642 78.8783
1643 78.8783
1644 78.8783
1645 78.8783
1646 78.8783
1647 78.8783
1648 78.8783
1649 78.8783
1650 78.8783
1651 78.8783
1652 78.8783
1653 78.8783
1654 78.8783
1655 78.8783
1656 78.8783
1657 78.8783
1658 78.8783
1659 78.8783
1660 78.8783
1661 78.8783
1662 78.8783
1663 78.8783
1664 78.8783
1665 78.8783
1666 78.8783
1667 78.8783
1668 78.8783
1669 78.8783
1670 78.8783
1671 78.8783
1672 78.8783
1673 78.8783
1674 78.8783
1675 78.8783
1676 78.8783
1677 78.8783
1678 78.8783
1679 78.8783
1680 78.8783
1681 78.8783
1682 78.8783
1683 78.8783
1684 78.8783
1685 78.8783
1686 78.8783
1687 78.8783
1688 78.8783
1689 78.8783
1690 78.8783
1691 78.8783
1692 78.8783
1693 78.8783
1694 78.8783
1695 78.8783
1696 78.8783
1697 78.8783
1698 78.8783
1699 78.8601
1700 78.8601
1701 78.8601
1702 78.8601
1703 78.8601
1704 78.8601
1705 78.8601
1706 78.8601
1707 78.8601
1708 78.8601
1709 78.8601
1710 78.8601
1711 78.8601
1712 78.8601
1713 78.8601
1714 78.8601
1715 78.8601
1716 78.8601
1717 78.8601
1718 78.8601
1719 78.8601
1720 78.8601
1721 78.8601
1722 78.8601
1723 78.8601
1724 78.8601
1725 78.8601
1726 78.8601
1727 78.8601
1728 78.8601
1729 78.8601
1730 78.8601
1731 78.8601
1732 78.8601
1733 78.8601
1734 78.8601
1735 78.8601
1736 78.8601
1737 78.8601
1738 78.8601
1739 78.8601
1740 78.8601
1741 78.8601
1742 78.8601
1743 78.8601
1744 78.8601
1745 78.8601
1746 78.8601
1747 78.8601
1748 78.8601
1749 78.8601
1750 78.8601
1751 78.8601
1752 78.8601
1753 78.8601
1754 78.8601
1755 78.8601
1756 78.8601
1757 78.8601
1758 78.8601
1759 78.8601
1760 78.8601
1761 78.8601
1762 78.8601
1763 78.8601
1764 78.8601
1765 78.8601
1766 78.8601
1767 78.8601
1768 78.8601
1769 78.8601
1770 78.8601
1771 78.8601
1772 78.8601
1773 78.8601
1774 78.8601
1775 78.8601
1776 78.8601
1777 78.8601
1778 78.8601
1779 78.8601
1780 78.8601
1781 78.8601
1782 78.8601
1783 78.8601
1784 78.8601
1785 78.8601
1786 78.8601
1787 78.8601
1788 78.8601
1789 78.8601
1790 78.8601
1791 78.8601
1792 78.8601
1793 78.8601
1794 78.8601
1795 78.8601
1796 78.8601
1797 78.8601
1798 78.8601
1799 78.8601
1800 78.8601
1801 78.8601
1802 78.8601
1803 78.8601
1804 78.8601
1805 78.8601
1806 78.8601
1807 78.8601
1808 78.8601
1809 78.2165
1810 78.2165
1811 78.2165
1812 78.2165
1813 78.2165
1814 78.2165
1815 78.2165
1816 78.2165
1817 78.2165
1818 78.2165
1819 78.2165
1820 78.2165
1821 78.2165
1822 78.2165
1823 78.2165
1824 78.2165
1825 78.2165
1826 78.0409
1827 78.0409
1828 78.0409
1829 78.0409
1830 78.0409
1831 78.0409
1832 78.0409
1833 78.0409
1834 78.0409
1835 78.0409
1836 78.0409
1837 78.0409
1838 78.0409
1839 78.0409
1840 78.0409
1841 78.0409
1842 78.0409
1843 78.0409
1844 78.0409
1845 78.0409
1846 78.0409
1847 78.0409
1848 78.0409
1849 78.0409
1850 78.0409
1851 78.0409
1852 78.0409
1853 78.0409
1854 78.0409
1855 78.0409
1856 78.0409
1857 78.0409
1858 78.0409
1859 78.0409
1860 78.0409
1861 78.0409
1862 78.0409
1863 78.0409
1864 78.0409
1865 78.0409
1866 78.0409
1867 78.0409
1868 78.0409
1869 78.0409
1870 78.0409
1871 78.0409
1872 78.0409
1873 78.0409
1874 78.0409
1875 78.0409
1876 78.0409
1877 78.0409
1878 78.0409
1879 78.0409
1880 78.0409
1881 78.0409
1882 78.0409
1883 78.0409
1884 78.0409
1885 78.0409
1886 78.0409
1887 78.0409
1888 78.0409
1889 78.0409
1890 78.0409
1891 78.0409
1892 78.0409
1893 78.0409
1894 78.0409
1895 78.0409
1896 78.0409
1897 78.0409
1898 78.0409
1899 78.0409
1900 78.0409
1901 78.0409
1902 78.0409
1903 78.0409
1904 78.0409
1905 78.0409
1906 78.0409
1907 78.0409
1908 78.0409
1909 78.0409
1910 78.0409
1911 78.0409
1912 78.0409
1913 78.0409
1914 78.0409
1915 78.0409
1916 78.0409
1917 78.0409
1918 78.0409
1919 78.0409
1920 78.0409
1921 78.0409
1922 78.0409
1923 78.0409
1924 78.0409
1925 78.0409
1926 78.0409
1927 78.0409
1928 78.0409
1929 78.0409
1930 78.0409
1931 78.0409
1932 78.0409
1933 78.0409
1934 78.0409
1935 78.0409
1936 78.0409
1937 78.0409
1938 78.0409
1939 78.0409
1940 78.0409
1941 78.0409
1942 78.0409
1943 78.0409
1944 78.0409
1945 78.0409
1946 78.0409
1947 78.0409
1948 78.0409
1949 78.0409
1950 78.0409
1951 78.0409
1952 78.0409
1953 78.0409
1954 78.0409
1955 78.0409
1956 78.0409
1957 78.0409
1958 78.0409
1959 78.0409
1960 78.0409
1961 78.0409
1962 78.0409
1963 77.2572
1964 77.2572
1965 77.2572
1966 77.2572
1967 77.2572
1968 77.2572
1969 77.2572
1970 77.2572
1971 77.2572
1972 77.2572
1973 77.2572
1974 77.2572
1975 77.2572
1976 77.2572
1977 77.2572
1978 77.2572
1979 77.2572
1980 77.2572
1981 77.2572
1982 77.2572
1983 77.2572
1984 77.2572
1985 77.2572
1986 77.2572
1987 77.2572
1988 77.2572
1989 77.2572
1990 77.2572
1991 77.2572
1992 77.2572
1993 77.2572
1994 77.2572
1995 77.2572
1996 77.2572
1997 77.2572
1998 76.201
1999 76.201
2000 76.201
2001 76.201
2002 76.201
2003 76.201
2004 76.201
2005 76.201
2006 76.201
2007 76.201
2008 76.201
2009 76.201
2010 76.201
2011 76.201
2012 76.201
2013 76.201
2014 76.201
2015 76.201
2016 76.201
2017 76.201
2018 76.201
2019 76.201
2020 76.201
2021 76.201
2022 76.201
2023 76.201
2024 76.201
2025 76.201
2026 76.201
2027 76.201
2028 76.201
2029 76.201
2030 76.201
2031 76.201
2032 76.201
2033 76.201
2034 76.201
2035 76.201
2036 76.201
2037 76.201
2038 76.201
2039 76.201
2040 76.201
2041 76.201
2042 76.201
2043 76.201
2044 76.201
2045 76.201
2046 76.201
2047 76.201
2048 76.201
2049 76.201
2050 75.5815
2051 75.5815
2052 75.5815
2053 75.5815
2054 75.5815
2055 75.5815
2056 75.5815
2057 75.5815
2058 75.5815
2059 75.5815
2060 75.5815
2061 75.5815
2062 75.5815
2063 75.5815
2064 75.5815
2065 75.5815
2066 75.5815
2067 75.5815
2068 75.5815
2069 75.5815
2070 75.5815
2071 75.5815
2072 75.5815
2073 75.5815
2074 75.5815
2075 75.5815
2076 75.5815
2077 75.5815
2078 75.5815
2079 75.5815
2080 75.5815
2081 75.5815
2082 75.5815
2083 75.5815
2084 75.5815
2085 75.5815
2086 75.5815
2087 75.5815
2088 75.5815
2089 75.5815
2090 75.4011
2091 75.4011
2092 74.9114
2093 74.9114
2094 74.9114
2095 74.9114
2096 74.9114
2097 74.9114
2098 74.9114
2099 74.9114
2100 74.9114
2101 74.9114
2102 74.9114
2103 74.9114
2104 74.9114
2105 74.9114
2106 74.9114
2107 74.9114
2108 74.9114
2109 74.9114
2110 74.9114
2111 74.9114
2112 74.9114
2113 74.9114
2114 74.9114
2115 74.9114
2116 74.9114
2117 74.9114
2118 74.9114
2119 74.9114
2120 74.9114
2121 74.9114
2122 74.9114
2123 74.9114
2124 74.9114
2125 74.9114
2126 74.9114
2127 74.9114
2128 74.9114
2129 74.9114
2130 74.9114
2131 74.9114
2132 74.9114
2133 74.9114
2134 74.9114
2135 74.9114
2136 74.9114
2137 74.9114
2138 74.9114
2139 74.9114
2140 74.9114
2141 74.9114
2142 74.9114
2143 74.9114
2144 74.9114
2145 74.9114
2146 74.9114
2147 74.9114
2148 74.9114
2149 74.9114
2150 74.9114
2151 74.9114
2152 74.9114
2153 74.9114
2154 74.9114
2155 74.9114
2156 74.9114
2157 74.9114
2158 74.9114
2159 74.9114
2160 74.9114
2161 74.9114
2162 74.9114
2163 74.9114
2164 74.9114
2165 74.9114
2166 74.9114
2167 74.9114
2168 74.9114
2169 74.9114
2170 74.9114
2171 74.9114
2172 74.9114
2173 74.9114
2174 74.9114
2175 74.9114
2176 74.9114
2177 74.9114
2178 74.9114
2179 74.9114
2180 74.9114
2181 74.9114
2182 74.9114
2183 74.9114
2184 74.9114
2185 74.9114
2186 74.7295
2187 74.7295
2188 74.7295
2189 74.7295
2190 74.7295
2191 74.7295
2192 74.4777
2193 74.4777
2194 74.4777
2195 74.4777
2196 74.4777
2197 74.4777
2198 74.4777
2199 74.4777
2200 74.4777
2201 74.4777
2202 74.4777
2203 74.4777
2204 74.4777
2205 74.4777
2206 74.4777
2207 74.4777
2208 74.4777
2209 74.4777
2210 74.4777
2211 74.4777
2212 74.4777
2213 74.4777
2214 74.4777
2215 74.4777
2216 74.4777
2217 74.4777
2218 74.4777
2219 74.4777
2220 74.4777
2221 74.4777
2222 74.4777
2223 74.4777
2224 74.4777
2225 74.4777
2226 74.4777
2227 74.4777
2228 74.4777
2229 74.4777
2230 74.4777
2231 74.4777
2232 74.4777
2233 74.4777
2234 74.4777
2235 74.4777
2236 74.4777
2237 74.4777
2238 74.4777
2239 74.4777
2240 74.4777
2241 74.4777
2242 74.4777
2243 74.4777
2244 74.4777
2245 74.4777
2246 74.4777
2247 74.4777
2248 74.4777
2249 74.4777
2250 74.4777
2251 74.4777
2252 74.4777
2253 74.4777
2254 74.4777
2255 74.4777
2256 74.4777
2257 74.4777
2258 74.4777
2259 74.4777
2260 74.4777
2261 74.4777
2262 74.4777
2263 74.4777
2264 74.4777
2265 74.4777
2266 74.4777
2267 74.4777
2268 74.4777
2269 74.4777
2270 74.4777
2271 74.4777
2272 74.4777
2273 74.4777
2274 74.4777
2275 74.4777
2276 74.4777
2277 74.4777
2278 74.4777
2279 74.4777
2280 74.4777
2281 74.4777
2282 74.4777
2283 74.4777
2284 74.4777
2285 74.4777
2286 74.4777
2287 74.4777
2288 74.4777
2289 74.4777
2290 74.4777
2291 74.4777
2292 74.4777
2293 74.4777
2294 74.4777
2295 74.4777
2296 74.4777
2297 74.4777
2298 74.4777
2299 74.4777
2300 74.4777
2301 74.4777
2302 74.4777
2303 74.4777
2304 74.4777
2305 74.4777
2306 74.4777
2307 74.4777
2308 74.4777
2309 74.4777
2310 74.4777
2311 74.4777
2312 74.4777
2313 74.4777
2314 74.4777
2315 74.4777
2316 74.4777
2317 74.4777
2318 74.4777
2319 74.4777
2320 74.4777
2321 74.4777
2322 74.4777
2323 74.4777
2324 74.4777
2325 74.4777
2326 74.4777
2327 74.4777
2328 74.4777
2329 74.4777
2330 74.4777
2331 74.4777
2332 74.4777
2333 74.4777
2334 74.4777
2335 74.4777
2336 74.4777
2337 74.4777
2338 74.4777
2339 74.4777
2340 74.4777
2341 74.4777
2342 74.4777
2343 74.4777
2344 74.4777
2345 74.4777
2346 74.4777
2347 74.4777
2348 74.4777
2349 74.4777
2350 74.4777
2351 74.4777
2352 74.4777
2353 74.4777
2354 74.4777
2355 74.4777
2356 74.4777
2357 74.4777
2358 74.4777
2359 74.4777
2360 74.4777
2361 74.4777
2362 74.4777
2363 74.4777
2364 74.4777
2365 74.4777
2366 74.4777
2367 74.4777
2368 74.4777
2369 74.4777
2370 74.4777
2371 74.4777
2372 74.4777
2373 74.4777
2374 74.4777
2375 74.4777
2376 74.4777
2377 74.4777
2378 74.4777
2379 74.4777
2380 74.4777
2381 74.4777
2382 74.4777
2383 74.4777
2384 74.4777
2385 74.4777
2386 74.4777
2387 74.4777
2388 74.4777
2389 74.4777
2390 74.4777
2391 74.4777
2392 74.4777
2393 74.4777
2394 74.4777
2395 74.4777
2396 74.4777
2397 74.4777
2398 74.4777
2399 74.4777
2400 74.4777
2401 74.4777
2402 74.4777
2403 74.4777
2404 74.4777
2405 74.4777
2406 74.4777
2407 74.4777
2408 74.4777
2409 74.4777
2410 74.4777
2411 74.4777
2412 74.4777
2413 74.4777
2414 74.4777
2415 74.4777
2416 74.4777
2417 74.4777
2418 74.4777
2419 74.4777
2420 74.4777
2421 74.4777
2422 74.4777
2423 74.4777
2424 74.4777
2425 74.4777
2426 74.4777
2427 74.4777
2428 74.4777
2429 74.4777
2430 74.4777
2431 74.4777
2432 74.4777
2433 74.4777
2434 74.4777
2435 74.4777
2436 74.4777
2437 74.4777
2438 74.4777
2439 74.4777
2440 74.4777
2441 74.4777
2442 74.4777
2443 74.4777
2444 74.4777
2445 74.4777
2446 74.4777
2447 74.4777
2448 74.4777
2449 74.4777
2450 74.4777
2451 74.4777
2452 74.4777
2453 74.4777
2454 74.4777
2455 74.4777
2456 74.4777
2457 74.4777
2458 74.4777
2459 74.4777
2460 74.4777
2461 74.4777
2462 74.4777
2463 74.4777
2464 74.4777
2465 74.4777
2466 74.4777
2467 74.4777
2468 74.4777
2469 74.4777
2470 74.4777
2471 74.4777
2472 74.4777
2473 74.4777
2474 74.4777
2475 74.4569
2476 74.4569
2477 74.4569
2478 74.4569
2479 74.4569
2480 74.4569
2481 74.4569
2482 74.4569
2483 74.4569
2484 74.4569
2485 74.4569
2486 74.4569
2487 74.4569
2488 74.4569
2489 74.4569
2490 74.4569
2491 74.4569
2492 74.4569
2493 74.4569
2494 74.4569
2495 74.4569
2496 74.4569
2497 74.4569
2498 74.4569
2499 74.4569
2500 74.4569
2501 74.4569
2502 74.4569
2503 74.4569
2504 74.4569
2505 74.4569
2506 74.4569
2507 74.4569
2508 74.4569
2509 74.4569
2510 74.4569
2511 74.4569
2512 74.4569
2513 74.4569
2514 74.4569
2515 74.4569
2516 74.4569
2517 74.4569
2518 74.1439
2519 74.1439
2520 74.1439
2521 74.1439
2522 74.1439
2523 74.1439
2524 74.1439
2525 74.1439
2526 74.1439
2527 74.1439
2528 74.1439
2529 74.1439
2530 74.1439
2531 74.1439
2532 74.1439
2533 74.1439
2534 74.1439
2535 74.1439
2536 74.1439
2537 74.1439
2538 74.1439
2539 74.1439
2540 74.1439
2541 74.1439
2542 74.1439
2543 74.1439
2544 74.1439
2545 74.1439
2546 74.1439
2547 74.1439
2548 74.1439
2549 74.1439
2550 74.1439
2551 74.1439
2552 74.1439
2553 74.1439
2554 74.1439
2555 74.1439
2556 74.1439
2557 74.1439
2558 74.1439
2559 74.1439
2560 74.1439
2561 74.1439
2562 74.1439
2563 74.1439
2564 74.1439
2565 74.1439
2566 74.1439
2567 74.1439
2568 74.1439
2569 74.1439
2570 74.1439
2571 74.1439
2572 74.1439
2573 74.1439
2574 74.1439
2575 74.1439
2576 74.1439
2577 74.1439
2578 74.1439
2579 74.1439
2580 74.1439
2581 74.1439
2582 74.1439
2583 74.1439
2584 74.1439
2585 74.0594
2586 74.0594
2587 74.0125
2588 74.0125
2589 74.0125
2590 74.0125
2591 74.0125
2592 74.0125
2593 74.0125
2594 74.0125
2595 74.0125
2596 74.0125
2597 74.0125
2598 74.0125
2599 74.0125
2600 74.0125
2601 74.0125
2602 74.0125
2603 74.0125
2604 74.0125
2605 74.0125
2606 74.0125
2607 74.0125
2608 74.0125
2609 74.0125
2610 74.0125
2611 74.0125
2612 74.0125
2613 74.0125
2614 74.0125
2615 74.0125
2616 74.0125
2617 74.0125
2618 74.0125
2619 74.0125
2620 74.0049
2621 74.0049
2622 74.0049
2623 74.0049
2624 74.0049
2625 74.0049
2626 74.0049
2627 74.0049
2628 74.0049
2629 74.0049
2630 74.0049
2631 74.0049
2632 74.0049
2633 74.0049
2634 74.0049
2635 74.0049
2636 74.0049
2637 74.0049
2638 74.0049
2639 74.0049
2640 74.0049
2641 74.0049
2642 74.0049
2643 74.0049
2644 74.0049
2645 74.0049
2646 74.0049
2647 74.0049
2648 74.0049
2649 74.0049
2650 74.0049
2651 74.0049
2652 74.0049
2653 74.0049
2654 74.0049
2655 74.0049
2656 74.0049
2657 74.0049
2658 74.0049
2659 74.0049
2660 74.0049
2661 74.0049
2662 74.0049
2663 74.0049
2664 74.0049
2665 74.0049
2666 74.0049
2667 74.0049
2668 74.0049
2669 74.0049
2670 74.0049
2671 74.0049
2672 74.0049
2673 74.0049
2674 74.0049
2675 74.0049
2676 74.0049
2677 74.0049
2678 74.0049
2679 74.0049
2680 74.0049
2681 74.0049
2682 74.0049
2683 74.0049
2684 74.0049
2685 74.0049
2686 74.0049
2687 74.0049
2688 74.0049
2689 74.0049
2690 74.0049
2691 74.0049
2692 74.0049
2693 74.0049
2694 74.0049
2695 74.0049
2696 74.0049
2697 74.0049
2698 74.0049
2699 74.0049
2700 74.0049
2701 74.0049
2702 74.0049
2703 74.0049
2704 74.0049
2705 74.0049
2706 74.0049
2707 74.0049
2708 74.0049
2709 74.0049
2710 74.0049
2711 74.0049
2712 74.0049
2713 74.0049
2714 74.0049
2715 74.0049
2716 74.0049
2717 74.0049
2718 74.0049
2719 74.0049
2720 74.0049
2721 74.0049
2722 74.0049
2723 74.0049
2724 73.9222
2725 73.9222
2726 73.9222
2727 73.9222
2728 73.9222
2729 73.9222
2730 73.9222
2731 73.9222
2732 73.9222
2733 73.9222
2734 73.9222
2735 73.9222
2736 73.9222
2737 73.9222
2738 73.9222
2739 73.9222
2740 73.9222
2741 73.9222
2742 73.9222
2743 73.9222
2744 73.9222
2745 73.9222
2746 73.9222
2747 73.9222
2748 73.9222
2749 73.9222
2750 73.9222
2751 73.9222
2752 73.9222
2753 73.9222
2754 73.9222
2755 73.9222
2756 73.9222
2757 73.9222
2758 73.9222
2759 73.9222
2760 73.9222
2761 73.4374
2762 73.4374
2763 73.4374
2764 73.4374
2765 73.4374
2766 73.4374
2767 73.4374
2768 73.4374
2769 73.4374
2770 73.4374
2771 73.4374
2772 73.4374
2773 73.4374
2774 73.4374
2775 73.4374
2776 73.4374
2777 73.4374
2778 73.4374
2779 73.4374
2780 73.4374
2781 73.4374
2782 73.4374
2783 73.4374
2784 73.4374
2785 73.4374
2786 73.4374
2787 73.4374
2788 73.4374
2789 73.4374
2790 73.4374
2791 73.4374
2792 73.4374
2793 73.4374
2794 73.4374
2795 73.4374
2796 73.4374
2797 73.4374
2798 73.4374
2799 73.4374
2800 73.4374
2801 73.4374
2802 73.4374
2803 73.4374
2804 73.4374
2805 73.4374
2806 73.4374
2807 73.4374
2808 73.4374
2809 73.4374
2810 73.4374
2811 73.4374
2812 73.4374
2813 73.4374
2814 73.4374
2815 73.4374
2816 73.4374
2817 73.4374
2818 73.4374
2819 73.4374
2820 73.4374
2821 73.4374
2822 73.4374
2823 73.4374
2824 73.4374
2825 73.4374
2826 73.4374
2827 73.4374
2828 73.4374
2829 73.4374
2830 73.4374
2831 73.4374
2832 73.4374
2833 73.4374
2834 73.4374
2835 73.4374
2836 73.4374
2837 73.4374
2838 73.4374
2839 73.4374
2840 73.4374
2841 73.4374
2842 73.4374
2843 73.4374
2844 73.4374
2845 73.4374
2846 73.4374
2847 73.4374
2848 73.4374
2849 73.4374
2850 73.4374
2851 73.4374
2852 73.4374
2853 73.4374
2854 73.4374
2855 73.4374
2856 73.4374
2857 73.4374
2858 73.4374
2859 73.4374
2860 73.4374
2861 73.4374
2862 73.4374
2863 73.4374
2864 73.4374
2865 73.4374
2866 73.4374
2867 73.4374
2868 73.4374
2869 73.3495
2870 73.3495
2871 73.3495
2872 73.3284
2873 73.3284
2874 73.3284
2875 73.3284
2876 73.3284
2877 73.3284
2878 73.3284
2879 73.3284
2880 73.3284
2881 73.3284
2882 73.3284
2883 73.3284
2884 73.3284
2885 73.3284
2886 73.3284
2887 73.3284
2888 73.3284
2889 73.3284
2890 73.3284
2891 73.3284
2892 73.2846
2893 73.2846
2894 73.2846
2895 73.2846
2896 73.2846
2897 73.2846
2898 73.2846
2899 73.2846
2900 73.2846
2901 73.2846
2902 73.2846
2903 73.2846
2904 73.2846
2905 73.2846
2906 73.2846
2907 73.2846
2908 73.2846
2909 73.2846
2910 73.2846
2911 73.2846
2912 73.2846
2913 73.2846
2914 73.2846
2915 73.2846
2916 73.2846
2917 73.2846
2918 73.2846
2919 73.2846
2920 73.2846
2921 73.2846
2922 73.2846
2923 73.2846
2924 73.2846
2925 73.2846
2926 73.2846
2927 73.2846
2928 73.2846
2929 73.2846
2930 73.2846
2931 73.2846
2932 73.2846
2933 73.2846
2934 73.2846
2935 73.2846
2936 73.2846
2937 73.2846
2938 73.2846
2939 73.2846
2940 73.2846
2941 73.2846
2942 73.2846
2943 73.2846
2944 73.2846
2945 73.2846
2946 73.2846
2947 73.2846
2948 73.2846
2949 73.2846
2950 73.2846
2951 73.2846
2952 73.2846
2953 73.2846
2954 73.2846
2955 73.2846
2956 73.2846
2957 73.2846
2958 73.2846
2959 73.2846
2960 73.2846
2961 73.2846
2962 73.2846
2963 73.2846
2964 73.2846
2965 73.2846
2966 73.2846
2967 73.2846
2968 73.2846
2969 73.2846
2970 73.2846
2971 73.2846
2972 73.2846
2973 73.2846
2974 73.2846
2975 73.2846
2976 73.2846
2977 73.2846
2978 73.2846
2979 73.2846
2980 73.2846
2981 73.2846
2982 73.2846
2983 73.2846
2984 73.2846
2985 73.2846
2986 73.2846
2987 73.2846
2988 73.2846
2989 73.2846
2990 73.2846
2991 73.2846
2992 73.2846
2993 73.2846
2994 73.2846
2995 73.2846
2996 73.2846
2997 73.2846
2998 73.2846
2999 73.2846
3000 73.2846
3001 73.2846
3002 73.2846
3003 73.2846
3004 73.2846
3005 73.2846
3006 73.2846
3007 73.2846
3008 73.2846
3009 73.2846
3010 73.2846
3011 73.2846
3012 73.2846
3013 73.2846
3014 73.2846
3015 73.2846
3016 73.2846
3017 73.2846
3018 73.2846
3019 73.2846
3020 73.2846
3021 73.2846
3022 73.2846
3023 73.2846
3024 73.2846
3025 73.2846
3026 73.2846
3027 73.2846
3028 73.2846
3029 73.2846
3030 73.2846
3031 73.2846
3032 73.2846
3033 73.2846
3034 73.2846
3035 73.2846
3036 73.2846
3037 73.2846
3038 73.2846
3039 73.2846
3040 73.2846
3041 73.2846
3042 73.2846
3043 73.2846
3044 73.2846
3045 73.2846
3046 73.2846
3047 73.2846
3048 73.2846
3049 73.2846
3050 73.2846
3051 73.2846
3052 73.2846
3053 73.2846
3054 73.2846
3055 73.2846
3056 73.2846
3057 73.2846
3058 73.2846
3059 73.2846
3060 73.2846
3061 73.2846
3062 73.2846
3063 73.2846
3064 73.2846
3065 73.2846
3066 73.2846
3067 73.2846
3068 73.2846
3069 73.2846
3070 73.2846
3071 73.2846
3072 73.2846
3073 73.2846
3074 73.2846
3075 73.2846
3076 73.2846
3077 73.2846
3078 73.2846
3079 73.2846
3080 73.2846
3081 73.2846
3082 73.2846
3083 73.2846
3084 73.2846
3085 73.2846
3086 73.2846
3087 73.2846
3088 73.2846
3089 73.2846
3090 73.2846
3091 73.2846
3092 73.2846
3093 73.2846
3094 73.2846
3095 73.2846
3096 73.2846
3097 73.2846
3098 73.2846
3099 73.2846
3100 73.2846
3101 73.2846
3102 73.2846
3103 73.2846
3104 73.2846
3105 73.2846
3106 73.2846
3107 73.2846
3108 73.2846
3109 73.2846
3110 73.2846
3111 73.2846
3112 73.2846
3113 73.2846
3114 73.2846
3115 73.2846
3116 73.2846
3117 73.2846
3118 73.2846
3119 73.2846
3120 73.2846
3121 73.2846
3122 73.2846
3123 73.2846
3124 73.2846
3125 73.2846
3126 73.2846
3127 73.2846
3128 73.2846
3129 73.2846
3130 73.2846
3131 73.2846
3132 73.2846
3133 73.2846
3134 73.2846
3135 73.2846
3136 73.2846
3137 73.2846
3138 73.2846
3139 73.2846
3140 73.2846
3141 73.2846
3142 73.2846
3143 73.2846
3144 73.2846
3145 73.2846
3146 73.2846
3147 73.2846
3148 73.2846
3149 73.2846
3150 73.2846
3151 73.2846
3152 73.2846
3153 73.2846
3154 73.2846
3155 73.2846
3156 73.2846
3157 73.2846
3158 73.2846
3159 73.2846
3160 73.2846
3161 73.2846
3162 73.2846
3163 73.2846
3164 73.2846
3165 73.2846
3166 73.2846
3167 73.2846
3168 73.2846
3169 73.2846
3170 73.2846
3171 73.2846
3172 73.2846
3173 73.2846
3174 73.2846
3175 73.2846
3176 73.2846
3177 73.2846
3178 73.2846
3179 73.2846
3180 73.2846
3181 73.2846
3182 73.2846
3183 73.2846
3184 73.2846
3185 73.2846
3186 73.2846
3187 73.2846
3188 73.2846
3189 73.2846
3190 73.2846
3191 73.2846
3192 73.2846
3193 73.2846
3194 73.2846
3195 73.2846
3196 73.2846
3197 73.2846
3198 73.2846
3199 73.2846
3200 73.2846
3201 73.2846
3202 73.2846
3203 73.2846
3204 73.2846
3205 73.2846
3206 73.2846
3207 73.2846
3208 73.2846
3209 73.2846
3210 73.2846
3211 73.2846
3212 73.2846
3213 73.2846
3214 73.2846
3215 73.2846
3216 73.2846
3217 73.2846
3218 73.2846
3219 73.2846
3220 73.2846
3221 73.2846
3222 73.2846
3223 73.2846
3224 73.2846
3225 73.2846
3226 73.2846
3227 73.2846
3228 73.2846
3229 73.2846
3230 73.2846
3231 73.2846
3232 73.2846
3233 73.2846
3234 73.2846
3235 73.2846
3236 73.2846
3237 73.2846
3238 73.2846
3239 73.2846
3240 73.2846
3241 73.2846
3242 73.2846
3243 73.2846
3244 73.2846
3245 73.2846
3246 73.2846
3247 73.2846
3248 73.2846
3249 73.2846
3250 73.2846
3251 73.2846
3252 73.2846
3253 73.2846
3254 73.2846
3255 73.2846
3256 73.2846
3257 73.2846
3258 73.2846
3259 73.2846
3260 73.2846
3261 73.2846
3262 73.2846
3263 73.2846
3264 73.2846
3265 73.2846
3266 73.2846
3267 73.2846
3268 73.2846
3269 73.2846
3270 73.2846
3271 73.2846
3272 73.2846
3273 73.2846
3274 73.2846
3275 73.2846
3276 73.2846
3277 73.2846
3278 73.2846
3279 73.2846
3280 73.2846
3281 73.2846
3282 73.2846
3283 73.2846
3284 73.2846
3285 73.2846
3286 73.2846
3287 73.2846
3288 73.2846
3289 73.2846
3290 73.2846
3291 73.2846
3292 73.2846
3293 73.2846
3294 73.2846
3295 73.2846
3296 73.2846
3297 73.2846
3298 73.2846
3299 73.2846
3300 73.2846
3301 73.2846
3302 73.2846
3303 73.2846
3304 73.2846
3305 73.2846
3306 73.2846
3307 73.2846
3308 73.2846
3309 73.2846
3310 73.2846
3311 73.2846
3312 73.2846
3313 73.2846
3314 73.2846
3315 73.2846
3316 73.2846
3317 73.2846
3318 73.2846
3319 73.2846
3320 73.2846
3321 73.2846
3322 73.2846
3323 73.2846
3324 73.2846
3325 73.2846
3326 73.2846
3327 73.2846
3328 73.2846
3329 73.2846
3330 73.2846
3331 73.2846
3332 73.2846
3333 73.2846
3334 73.2846
3335 73.2846
3336 73.2846
3337 73.2846
3338 73.2846
3339 73.2846
3340 73.2846
3341 73.2846
3342 73.2846
3343 73.2846
3344 73.2846
3345 73.2846
3346 73.2846
3347 73.2846
3348 73.2846
3349 73.2661
3350 73.2661
3351 73.2661
3352 73.2661
3353 73.2661
3354 73.2661
3355 73.2661
3356 73.2661
3357 73.2661
3358 73.2661
3359 73.2661
3360 73.2661
3361 73.2661
3362 73.2661
3363 73.2661
3364 73.2661
3365 73.2661
3366 73.2661
3367 73.2661
3368 73.2661
3369 73.2661
3370 73.2661
3371 73.2661
3372 73.2661
3373 73.2661
3374 73.2661
3375 73.2661
3376 73.2661
3377 73.2661
3378 73.2661
3379 73.2661
3380 73.2661
3381 73.2661
3382 73.2661
3383 73.2661
3384 73.2661
3385 73.2661
3386 73.2661
3387 73.2661
3388 73.2661
3389 73.2661
3390 73.2661
3391 73.2661
3392 73.2661
3393 73.2661
3394 73.2661
3395 73.2661
3396 73.2661
3397 73.2661
3398 73.2661
3399 73.2661
3400 73.2661
3401 73.2661
3402 73.2661
3403 73.2661
3404 73.2661
3405 73.2661
3406 73.2661
3407 73.2661
3408 73.2661
3409 73.2661
3410 73.2661
3411 73.2661
3412 73.2661
3413 73.2661
3414 73.2661
3415 73.2661
3416 73.2661
3417 73.2661
3418 73.2661
3419 73.2661
3420 73.2661
3421 73.2661
3422 73.2661
3423 73.2661
3424 73.2661
3425 73.2661
3426 73.2661
3427 73.2661
3428 73.2661
3429 73.2661
3430 73.2661
3431 73.2661
3432 73.2661
3433 73.2661
3434 73.2661
3435 73.2661
3436 73.2661
3437 73.2661
3438 73.2661
3439 73.2661
3440 73.2661
3441 73.2661
3442 73.2661
3443 73.2661
3444 73.2661
3445 73.2661
3446 73.2661
3447 73.2661
3448 73.2661
3449 73.2661
3450 73.2661
3451 73.2661
3452 73.2661
3453 73.2661
3454 73.2661
3455 73.2661
3456 73.2661
3457 73.2661
3458 73.2661
3459 73.2661
3460 73.2661
3461 73.2661
3462 73.2661
3463 73.2661
3464 73.2661
3465 73.2661
3466 73.2661
3467 73.2661
3468 73.2661
3469 73.2661
3470 73.2661
3471 73.2661
3472 73.2661
3473 73.2661
3474 73.2661
3475 73.2661
3476 73.2661
3477 73.2661
3478 73.2661
3479 73.2661
3480 73.2661
3481 73.2661
3482 73.2661
3483 73.2661
3484 73.2661
3485 73.2661
3486 73.2661
3487 73.2661
3488 73.2661
3489 73.2661
3490 73.2661
3491 73.2661
3492 73.2661
3493 73.2661
3494 73.2661
3495 73.2661
3496 73.2661
3497 73.2661
3498 73.2661
3499 73.2661
3500 73.2661
3501 73.2661
3502 73.2661
3503 73.2661
3504 73.2661
3505 73.2661
3506 73.2661
3507 73.2661
3508 73.2661
3509 73.2661
3510 73.2661
3511 73.2661
3512 73.2661
3513 73.2661
3514 73.2661
3515 73.2661
3516 73.2661
3517 73.2661
3518 73.2661
3519 73.2661
3520 73.2661
3521 73.2661
3522 73.2661
3523 73.2661
3524 73.2661
3525 73.2661
3526 73.2661
3527 73.2661
3528 73.2661
3529 73.2661
3530 73.2661
3531 73.2661
3532 73.2661
3533 73.2661
3534 73.2661
3535 73.2661
3536 73.2661
3537 73.2661
3538 73.2661
3539 73.2661
3540 73.2661
3541 73.2661
3542 73.2661
3543 73.2661
3544 73.2661
3545 73.2661
3546 73.2661
3547 73.2661
3548 73.2661
3549 73.2661
3550 73.2661
3551 73.2661
3552 73.2661
3553 73.2661
3554 73.2661
3555 73.2661
3556 73.2661
3557 73.2661
3558 73.2661
3559 73.2661
3560 73.2661
3561 73.2661
3562 73.2661
3563 73.2661
3564 73.2661
3565 73.2661
3566 73.2661
3567 73.2661
3568 73.2661
3569 73.2661
3570 73.2661
3571 73.2661
3572 73.2661
3573 73.2661
3574 73.2661
3575 73.2661
3576 73.2661
3577 73.2661
3578 73.2661
3579 73.2661
3580 73.2661
3581 73.2661
3582 73.2661
3583 73.2661
3584 73.2661
3585 73.2661
3586 73.2661
3587 73.2661
3588 73.2661
3589 73.2661
3590 73.2661
3591 73.2661
3592 73.2661
3593 73.2661
3594 73.2661
3595 73.2661
3596 73.2661
3597 73.2661
3598 73.2661
3599 73.2661
3600 73.2661
3601 73.2661
3602 73.2661
3603 73.2661
3604 73.2661
3605 73.2661
3606 73.2661
3607 73.2661
3608 73.2661
3609 73.2661
3610 73.2661
3611 73.2661
3612 73.2047
3613 73.0399
3614 73.0399
3615 73.0399
3616 73.0399
3617 73.0399
3618 73.0399
3619 73.0399
3620 73.0399
3621 73.0399
3622 73.0399
3623 73.0399
3624 73.0399
3625 73.0399
3626 73.0399
3627 73.0399
3628 73.0399
3629 73.0399
3630 73.0399
3631 73.0399
3632 73.0399
3633 73.0399
3634 73.0399
3635 73.0399
3636 73.0399
3637 73.0399
3638 73.0399
3639 73.0399
3640 73.0399
3641 73.0399
3642 73.0399
3643 73.0399
3644 73.0399
3645 73.0399
3646 73.0399
3647 73.0399
3648 73.0399
3649 73.0399
3650 73.0399
3651 73.0399
3652 73.0399
3653 73.0399
3654 73.0399
3655 73.0399
3656 73.0399
3657 73.0399
3658 73.0399
3659 73.0399
3660 73.0399
3661 73.0399
3662 73.0399
3663 73.0399
3664 73.0399
3665 73.0399
3666 73.0399
3667 73.0399
3668 73.0399
3669 73.0399
3670 73.0399
3671 73.0399
3672 73.0399
3673 73.0399
3674 73.0399
3675 73.0399
3676 73.0399
3677 73.0399
3678 73.0399
3679 73.0399
3680 73.0399
3681 73.0399
3682 73.0399
3683 73.0399
3684 73.0399
3685 73.0399
3686 73.0399
3687 73.0399
3688 73.0399
3689 73.0399
3690 73.0399
3691 73.0399
3692 73.0399
3693 73.0399
3694 73.0399
3695 73.0399
3696 73.0399
3697 73.0399
3698 73.0399
3699 73.0399
3700 73.0399
3701 73.0399
3702 73.0399
3703 73.0399
3704 73.0399
3705 73.0399
3706 73.0399
3707 73.0399
3708 73.0399
3709 73.0399
3710 73.0399
3711 73.0399
3712 73.0399
3713 73.0399
3714 73.0399
3715 73.0399
3716 73.0399
3717 73.0399
3718 73.0399
3719 73.0399
3720 73.0399
3721 73.0399
3722 73.0399
3723 73.0399
3724 73.0399
3725 73.0399
3726 73.0399
3727 73.0399
3728 73.0399
3729 73.0399
3730 73.0399
3731 73.0399
3732 73.0399
3733 73.0399
3734 73.0399
3735 73.0399
3736 73.0399
3737 73.0399
3738 73.0399
3739 73.0399
3740 73.0399
3741 73.0399
3742 73.0399
3743 73.0399
3744 73.0399
3745 73.0399
3746 73.0399
3747 73.0399
3748 73.0399
3749 73.0399
3750 73.0399
3751 73.0399
3752 73.0399
3753 73.0265
3754 73.0265
3755 73.0265
3756 73.0265
3757 73.0265
3758 73.0265
3759 73.0265
3760 73.0265
3761 73.0265
3762 73.0265
3763 73.0265
3764 73.0265
3765 73.0265
3766 73.0265
3767 73.0265
3768 73.0265
3769 73.0265
3770 73.0265
3771 73.0265
3772 73.0265
3773 73.0265
3774 73.0265
3775 73.0265
3776 73.0265
3777 73.0265
3778 73.0265
3779 73.0265
3780 73.0265
3781 73.0265
3782 73.0265
3783 73.0265
3784 73.0265
3785 73.0265
3786 73.0265
3787 73.0265
3788 73.0265
3789 73.0265
3790 73.0265
3791 73.0265
3792 73.0265
3793 73.0265
3794 73.0265
3795 73.0265
3796 73.0265
3797 73.0265
3798 73.0265
3799 73.0265
3800 73.0265
3801 73.0265
3802 73.0265
3803 73.0265
3804 73.0265
3805 73.0265
3806 73.0265
3807 73.0265
3808 73.0265
3809 73.0265
3810 73.0265
3811 73.0265
3812 73.0265
3813 73.0265
3814 73.0265
3815 73.0265
3816 73.0265
3817 73.0265
3818 73.0265
3819 73.0265
3820 73.0265
3821 73.0265
3822 73.0265
3823 73.0265
3824 73.0265
3825 73.0265
3826 73.0265
3827 73.0265
3828 73.0265
3829 72.8461
3830 72.8461
3831 72.8461
3832 72.8461
3833 72.8461
3834 72.8461
3835 72.8461
3836 72.8461
3837 72.8461
3838 72.8461
3839 72.8461
3840 72.8461
3841 72.8461
3842 72.8461
3843 72.8461
3844 72.8461
3845 72.8461
3846 72.8461
3847 72.8461
3848 72.8461
3849 72.8461
3850 72.8461
3851 72.8461
3852 72.8461
3853 72.8461
3854 72.8461
3855 72.8461
3856 72.8461
3857 72.8461
3858 72.8461
3859 72.8461
3860 72.8461
3861 72.8461
3862 72.8461
3863 72.8461
3864 72.8461
3865 72.8461
3866 72.8461
3867 72.8461
3868 72.8461
3869 72.8461
3870 72.8461
3871 72.8461
3872 72.8461
3873 72.8461
3874 72.8461
3875 72.8461
3876 72.8461
3877 72.8461
3878 72.8461
3879 72.8461
3880 72.8461
3881 72.8461
3882 72.8461
3883 72.8461
3884 72.8461
3885 72.8461
3886 72.8461
3887 72.8461
3888 72.8461
3889 72.8461
3890 72.8461
3891 72.8461
3892 72.8461
3893 72.8461
3894 72.8461
3895 72.8461
3896 72.8461
3897 72.8461
3898 72.8461
3899 72.8461
3900 72.8461
3901 72.8461
3902 72.8461
3903 72.8461
3904 72.8461
3905 72.8461
3906 72.8461
3907 72.8461
3908 72.8461
3909 72.8461
3910 72.8461
3911 72.8461
3912 72.8461
3913 72.8461
3914 72.8461
3915 72.8461
3916 72.8461
3917 72.8461
3918 72.8461
3919 72.8461
3920 72.8461
3921 72.8461
3922 72.8461
3923 72.8461
3924 72.8461
3925 72.8461
3926 72.8461
3927 72.8461
3928 72.8461
3929 72.3888
3930 72.3888
3931 72.3888
3932 72.3888
3933 72.3888
3934 72.3888
3935 72.3888
3936 72.3888
3937 72.3888
3938 72.3888
3939 72.3888
3940 72.3888
3941 72.3888
3942 72.3888
3943 72.3888
3944 72.3888
3945 72.3888
3946 72.3888
3947 72.3888
3948 72.3888
3949 72.3888
3950 72.3888
3951 72.3888
3952 72.3888
3953 72.3888
3954 72.3888
3955 72.3888
3956 72.3888
3957 72.3888
3958 72.3888
3959 72.3888
3960 72.3888
3961 72.3888
3962 72.3888
3963 72.3888
3964 72.3888
3965 72.3888
3966 72.3888
3967 72.3888
3968 72.3888
3969 72.3888
3970 72.3888
3971 72.3888
3972 72.3888
3973 72.3888
3974 72.3888
3975 72.3888
3976 72.3888
3977 72.3888
3978 72.3888
3979 72.3888
3980 72.3888
3981 72.3888
3982 72.3888
3983 72.3888
3984 72.3888
3985 72.3888
3986 72.3888
3987 72.3888
3988 72.3888
3989 72.3888
3990 72.3888
3991 72.3888
3992 72.3888
3993 72.3888
3994 72.3888
3995 72.3888
3996 72.3888
3997 72.3888
3998 72.3888
3999 72.3888
4000 72.3888
4001 72.3888
4002 72.3888
4003 72.3888
4004 72.3888
4005 72.3888
4006 72.3888
4007 72.3888
4008 72.3888
4009 72.3888
4010 72.3888
4011 72.3888
4012 72.3888
4013 72.3888
4014 72.3888
4015 72.3888
4016 72.3888
4017 72.3888
4018 72.3888
4019 72.3888
4020 72.3888
4021 72.3888
4022 72.3888
4023 72.3888
4024 72.3888
4025 72.3888
4026 72.3888
4027 72.3888
4028 72.3888
4029 72.3888
4030 72.3888
4031 72.3888
4032 72.3888
4033 72.3888
4034 72.3888
4035 72.3888
4036 72.3888
4037 72.3888
4038 72.3888
4039 72.3888
4040 72.3888
4041 72.3888
4042 72.3888
4043 72.3888
4044 72.3888
4045 72.3888
4046 72.3888
4047 72.3888
4048 72.3888
4049 72.3888
4050 72.3888
4051 72.3888
4052 72.3888
4053 72.3888
4054 72.3888
4055 72.3888
4056 72.3888
4057 72.3888
4058 72.3888
4059 72.3888
4060 72.3888
4061 72.3888
4062 72.3888
4063 72.3888
4064 72.3888
4065 72.3888
4066 72.3888
4067 72.3888
4068 72.3888
4069 72.3888
4070 72.3888
4071 72.3888
4072 72.3888
4073 72.3888
4074 72.3888
4075 72.3888
4076 72.3888
4077 72.3888
4078 72.3888
4079 72.3888
4080 72.3888
4081 72.3888
4082 72.3888
4083 72.3888
4084 72.3888
4085 72.3888
4086 72.3888
4087 72.3888
4088 72.3888
4089 72.3888
4090 72.3888
4091 72.3888
4092 72.3888
4093 72.3888
4094 72.3888
4095 72.3888
4096 72.3888
4097 72.3888
4098 72.3888
4099 72.3888
4100 72.3888
4101 72.3888
4102 72.3888
4103 72.3888
4104 72.3888
4105 72.3888
4106 72.3888
4107 72.3888
4108 72.3888
4109 72.3888
4110 72.3888
4111 72.3888
4112 72.3888
4113 72.3888
4114 72.3888
4115 72.3888
4116 72.3888
4117 72.3888
4118 72.3888
4119 72.3888
4120 72.3888
4121 72.3888
4122 72.3888
4123 72.3888
4124 72.3888
4125 72.3888
4126 72.3888
4127 72.3888
4128 72.3888
4129 72.3888
4130 72.3888
4131 72.3888
4132 72.3888
4133 72.3888
4134 72.3888
4135 72.3888
4136 72.3888
4137 72.3888
4138 72.3888
4139 72.3888
4140 72.3888
4141 72.3888
4142 72.3888
4143 72.3888
4144 72.3888
4145 72.3888
4146 72.3888
4147 72.3888
4148 72.3888
4149 72.3888
4150 72.3888
4151 72.3888
4152 72.3888
4153 72.3888
4154 72.3888
4155 72.3888
4156 72.3888
4157 72.3888
4158 72.3888
4159 72.3888
4160 72.3888
4161 72.3888
4162 72.3888
4163 72.3888
4164 72.3888
4165 72.3888
4166 72.3888
4167 72.3888
4168 72.3888
4169 72.3888
4170 72.3888
4171 72.3888
4172 72.3888
4173 72.3888
4174 72.3888
4175 72.3888
4176 72.3888
4177 72.3888
4178 72.3888
4179 72.3888
4180 72.3888
4181 72.3888
4182 72.3888
4183 72.3888
4184 72.3888
4185 72.3888
4186 72.3888
4187 72.3888
4188 72.3888
4189 72.3888
4190 72.3888
4191 72.3888
4192 72.3888
4193 72.3888
4194 72.3888
4195 72.3888
4196 72.3888
4197 72.3888
4198 72.3888
4199 72.3888
4200 72.3888
4201 72.3888
4202 72.3888
4203 72.3888
4204 72.3888
4205 72.3888
4206 72.3888
4207 72.3888
4208 72.3888
4209 72.3888
4210 72.3888
4211 72.3888
4212 72.3888
4213 72.3888
4214 72.3888
4215 72.3888
4216 72.3888
4217 72.3888
4218 72.3888
4219 72.3888
4220 72.3888
4221 72.3888
4222 72.3888
4223 72.3888
4224 72.3888
4225 72.3888
4226 72.3888
4227 72.3888
4228 72.3888
4229 72.3888
4230 72.3888
4231 72.3888
4232 72.3888
4233 72.3888
4234 72.3888
4235 72.3888
4236 72.3888
4237 72.3888
4238 72.3888
4239 72.3888
4240 72.3888
4241 72.3888
4242 72.3888
4243 72.3888
4244 72.3888
4245 72.3888
4246 72.3888
4247 72.3888
4248 72.3888
4249 72.3888
4250 72.3888
4251 72.3888
4252 72.3888
4253 72.3888
4254 72.3888
4255 72.3888
4256 72.3888
4257 72.3888
4258 72.3888
4259 72.3888
4260 72.3888
4261 72.3888
4262 72.3888
4263 72.3888
4264 72.3888
4265 72.3888
4266 72.3888
4267 72.3888
4268 72.3888
4269 72.3888
4270 72.3888
4271 72.3888
4272 72.3888
4273 72.3888
4274 72.3888
4275 72.3888
4276 72.3888
4277 72.3888
4278 72.3888
4279 72.3888
4280 72.3888
4281 72.3888
4282 72.3888
4283 72.3888
4284 72.3888
4285 72.3888
4286 72.3888
4287 72.3888
4288 72.3888
4289 72.3888
4290 72.3888
4291 72.3888
4292 72.3888
4293 72.3888
4294 72.3888
4295 72.3888
4296 72.3888
4297 72.3888
4298 72.3888
4299 72.3888
4300 72.3888
4301 72.3888
4302 72.3888
4303 72.3888
4304 72.3888
4305 72.3888
4306 72.3888
4307 72.3888
4308 72.3888
4309 72.3888
4310 72.3888
4311 72.3888
4312 72.3888
4313 72.3888
4314 72.3888
4315 72.3888
4316 72.3888
4317 72.3888
4318 72.3888
4319 72.3888
4320 72.3888
4321 72.3888
4322 72.3888
4323 72.3888
4324 72.3888
4325 72.3888
4326 72.3888
4327 72.3888
4328 72.3888
4329 72.3888
4330 72.3888
4331 72.3888
4332 72.3888
4333 72.3888
4334 72.3888
4335 72.3888
4336 72.3888
4337 72.3888
4338 72.3888
4339 72.3888
4340 72.3888
4341 72.3888
4342 72.3888
4343 72.3888
4344 72.3888
4345 72.3888
4346 72.3888
4347 72.3888
4348 72.3888
4349 72.3888
4350 72.3888
4351 72.3888
4352 72.3888
4353 72.3888
4354 72.3888
4355 72.3888
4356 72.3888
4357 72.3888
4358 72.3888
4359 72.3888
4360 72.3888
4361 72.3888
4362 72.3888
4363 72.3888
4364 72.3888
4365 72.3888
4366 72.3888
4367 72.3888
4368 72.3888
4369 72.3888
4370 72.3888
4371 72.3888
4372 72.3888
4373 72.3888
4374 72.3888
4375 72.3888
4376 72.3888
4377 72.3888
4378 72.3888
4379 72.3888
4380 72.3888
4381 72.3888
4382 72.3888
4383 72.3888
4384 72.3888
4385 72.3888
4386 72.3888
4387 72.3888
4388 72.3888
4389 72.3888
4390 72.3888
4391 72.3888
4392 72.3888
4393 72.3888
4394 72.3888
4395 72.3888
4396 72.3888
4397 72.3888
4398 72.3888
4399 72.3888
4400 72.3888
4401 72.3888
4402 72.3888
4403 72.3888
4404 72.3888
4405 72.3888
4406 72.3888
4407 72.3888
4408 72.3888
4409 72.3888
4410 72.3888
4411 72.3888
4412 72.3888
4413 72.3888
4414 72.3888
4415 72.3888
4416 72.3888
4417 72.3888
4418 72.3888
4419 72.3888
4420 72.3888
4421 72.3888
4422 72.3888
4423 72.3888
4424 72.3888
4425 72.3888
4426 72.3888
4427 72.3888
4428 72.3888
4429 72.3888
4430 72.3888
4431 72.3888
4432 72.3888
4433 72.3888
4434 72.3888
4435 72.3888
4436 72.3888
4437 72.3888
4438 72.3888
4439 72.3888
4440 72.3888
4441 72.3888
4442 72.3888
4443 72.3888
4444 72.3888
4445 72.3888
4446 72.3888
4447 72.3888
4448 72.3888
4449 72.3888
4450 72.3888
4451 72.3888
4452 72.3888
4453 72.3888
4454 72.3888
4455 72.3888
4456 72.3888
4457 72.3888
4458 72.3888
4459 72.3888
4460 72.3888
4461 72.3888
4462 72.3888
4463 72.3888
4464 72.3888
4465 72.3888
4466 72.3888
4467 72.3888
4468 72.3888
4469 72.3888
4470 72.3888
4471 72.3888
4472 72.3888
4473 72.3888
4474 72.3888
4475 72.3888
4476 72.3888
4477 72.3888
4478 72.3888
4479 72.3888
4480 72.3888
4481 72.3888
4482 72.3888
4483 72.3888
4484 72.3888
4485 72.3888
4486 72.3888
4487 72.3888
4488 72.3888
4489 72.3888
4490 72.3888
4491 72.3888
4492 72.3888
4493 72.3888
4494 72.3888
4495 72.3888
4496 72.3888
4497 72.3888
4498 72.3888
4499 72.3888
4500 72.3888
4501 72.3888
4502 72.3888
4503 72.3888
4504 72.3888
4505 72.3888
4506 72.3888
4507 72.3888
4508 72.3888
4509 72.3888
4510 72.3888
4511 72.3888
4512 72.3888
4513 72.3888
4514 72.3888
4515 72.3888
4516 72.3888
4517 72.3888
4518 72.3888
4519 72.3888
4520 72.3888
4521 72.3888
4522 72.3888
4523 72.3888
4524 72.3888
4525 72.3888
4526 72.3888
4527 72.3888
4528 72.3888
4529 72.3888
4530 72.3888
4531 72.3888
4532 72.3888
4533 72.3888
4534 72.3888
4535 72.3888
4536 72.3888
4537 72.3888
4538 72.3888
4539 72.3888
4540 72.3888
4541 72.3888
4542 72.3888
4543 72.3888
4544 72.3888
4545 72.3888
4546 72.3888
4547 72.3888
4548 72.3888
4549 72.3888
4550 72.3888
4551 72.3888
4552 72.3888
4553 72.3888
4554 72.3888
4555 72.3888
4556 72.3888
4557 72.3888
4558 72.3888
4559 72.3888
4560 72.3888
4561 72.3888
4562 72.3888
4563 72.3888
4564 72.3888
4565 72.3888
4566 72.3888
4567 72.3888
4568 72.3888
4569 72.3888
4570 72.3888
4571 72.3888
4572 72.3888
4573 72.3888
4574 72.3888
4575 72.3888
4576 72.3888
4577 72.3888
4578 72.3888
4579 72.3888
4580 72.3888
4581 72.3888
4582 72.3888
4583 72.3888
4584 72.3888
4585 72.3888
4586 72.3888
4587 72.3888
4588 72.3888
4589 72.3888
4590 72.3888
4591 72.3888
4592 72.3888
4593 72.3888
4594 72.3888
4595 72.3888
4596 72.3888
4597 72.3888
4598 72.3888
4599 72.3888
4600 72.3888
4601 72.3888
4602 72.3888
4603 72.3888
4604 72.3888
4605 72.3888
4606 72.3888
4607 72.3888
4608 72.3888
4609 72.3888
4610 72.3888
4611 72.3888
4612 72.3888
4613 72.3888
4614 72.3888
4615 72.3888
4616 72.3888
4617 72.3888
4618 72.3888
4619 72.3888
4620 72.3888
4621 72.3888
4622 72.3888
4623 72.3888
4624 72.3888
4625 72.3888
4626 72.3888
4627 72.3888
4628 72.3888
4629 72.3888
4630 72.3888
4631 72.3888
4632 72.3888
4633 72.3888
4634 72.3888
4635 72.3888
4636 72.3888
4637 72.3888
4638 72.3888
4639 72.3888
4640 72.3888
4641 72.3888
4642 72.3888
4643 72.3888
4644 72.3888
4645 72.3888
4646 72.3888
4647 72.3888
4648 72.3888
4649 72.3888
4650 72.3888
4651 72.3888
4652 72.3888
4653 72.3888
4654 72.3888
4655 72.3888
4656 72.3888
4657 72.3888
4658 72.3888
4659 72.3888
4660 72.3888
4661 72.3888
4662 72.3888
4663 72.3888
4664 72.3888
4665 72.3888
4666 72.3888
4667 72.3888
4668 72.3888
4669 72.3888
4670 72.3888
4671 72.3888
4672 72.3888
4673 72.3888
4674 72.3888
4675 72.3888
4676 72.3888
4677 72.3888
4678 72.3888
4679 72.3888
4680 72.3888
4681 72.3888
4682 72.3888
4683 72.3888
4684 72.3888
4685 72.3888
4686 72.3888
4687 72.3888
4688 72.3888
4689 72.3888
4690 72.3888
4691 72.3888
4692 72.3888
4693 72.3888
4694 72.3888
4695 72.3888
4696 72.3888
4697 72.3888
4698 72.3888
4699 72.3888
4700 72.3888
4701 72.3888
4702 72.3888
4703 72.3888
4704 72.3888
4705 72.3888
4706 72.3888
4707 72.3888
4708 72.3888
4709 72.3888
4710 72.3888
4711 72.3888
4712 72.3888
4713 72.3888
4714 72.3888
4715 72.3888
4716 72.3888
4717 72.3888
4718 72.3888
4719 72.3888
4720 72.3888
4721 72.3888
4722 72.3888
4723 72.3888
4724 72.3888
4725 72.3888
4726 72.3888
4727 72.3888
4728 72.3888
4729 72.3888
4730 72.3888
4731 72.3888
4732 72.3888
4733 72.3888
4734 72.3888
4735 72.3888
4736 72.3888
4737 72.3888
4738 72.3888
4739 72.3888
4740 72.3888
4741 72.3888
4742 72.3888
4743 72.3888
4744 72.3888
4745 72.3888
4746 72.3888
4747 72.3888
4748 72.3888
4749 72.3888
4750 72.3888
4751 72.3888
4752 72.3888
4753 72.3888
4754 72.3888
4755 72.3888
4756 72.3888
4757 72.3888
4758 72.3888
4759 72.3888
4760 72.3888
4761 72.3888
4762 72.3888
4763 72.3888
4764 72.3888
4765 72.0974
4766 72.0974
4767 72.0974
4768 72.0974
4769 72.0974
4770 72.0974
4771 72.0974
4772 72.0974
4773 72.0974
4774 72.0974
4775 72.0974
4776 72.0974
4777 72.0974
4778 72.0974
4779 72.0974
4780 72.0974
4781 72.0974
4782 72.0974
4783 72.0974
4784 72.0974
4785 72.0974
4786 72.0974
4787 72.0974
4788 72.0974
4789 72.0974
4790 72.0974
4791 72.0974
4792 72.0974
4793 72.0974
4794 72.0974
4795 72.0974
4796 72.0974
4797 72.0974
4798 72.0974
4799 72.0974
4800 72.0974
4801 72.0974
4802 72.0974
4803 72.0974
4804 72.0974
4805 72.0974
4806 72.0974
4807 72.0974
4808 72.0974
4809 72.0974
4810 72.0974
4811 72.0974
4812 72.0974
4813 72.0974
4814 72.0974
4815 72.0974
4816 72.0974
4817 72.0974
4818 72.0974
4819 72.0974
4820 72.0974
4821 72.0974
4822 72.0974
4823 72.0974
4824 72.0974
4825 72.0974
4826 72.0974
4827 72.0974
4828 72.0974
4829 72.0974
4830 72.0974
4831 72.0974
4832 72.0974
4833 72.0974
4834 72.0974
4835 72.0974
4836 72.0974
4837 72.0974
4838 72.0974
4839 72.0974
4840 72.0974
4841 72.0974
4842 72.0974
4843 72.0974
4844 72.0974
4845 72.0974
4846 72.0974
4847 72.0974
4848 72.0974
4849 72.0974
4850 72.0974
4851 72.0974
4852 72.0974
4853 72.0974
4854 72.0974
4855 72.0974
4856 72.0974
4857 72.0974
4858 72.0974
4859 72.0974
4860 72.0974
4861 72.0974
4862 72.0974
4863 72.0974
4864 72.0974
4865 72.0974
4866 72.0974
4867 72.0974
4868 72.0974
4869 72.0974
4870 72.0974
4871 72.0974
4872 72.0974
4873 72.0974
4874 72.0974
4875 72.0974
4876 72.0974
4877 72.0974
4878 72.0974
4879 72.0974
4880 72.0974
4881 72.0974
4882 72.0974
4883 72.0974
4884 72.0974
4885 72.0974
4886 71.2429
4887 71.2429
4888 71.2429
4889 71.2429
4890 71.2429
4891 71.2429
4892 71.2429
4893 71.2429
4894 71.2429
4895 71.2429
4896 71.2429
4897 71.2429
4898 71.2429
4899 71.2429
4900 71.2429
4901 71.2429
4902 71.2429
4903 71.2429
4904 71.2429
4905 71.2429
4906 71.2429
4907 71.2429
4908 71.2429
4909 71.2429
4910 71.2429
4911 71.2429
4912 71.2429
4913 71.2429
4914 71.2429
4915 71.2429
4916 71.2429
4917 71.2429
4918 71.2429
4919 71.2429
4920 71.2429
4921 71.2429
4922 71.2429
4923 71.2429
4924 71.2429
4925 71.2429
4926 71.2429
4927 71.2429
4928 71.2429
4929 71.2429
4930 71.2429
4931 71.2429
4932 71.2429
4933 71.2429
4934 71.2429
4935 71.2429
4936 71.2429
4937 71.2429
4938 71.2429
4939 71.2429
4940 71.2429
4941 71.2429
4942 71.2429
4943 71.2429
4944 71.2429
4945 71.2429
4946 71.2429
4947 71.2429
4948 71.2429
4949 71.2429
4950 71.2429
4951 71.2429
4952 71.2429
4953 71.2429
4954 71.2429
4955 71.2429
4956 71.2429
4957 71.2429
4958 71.2429
4959 71.2429
4960 71.2429
4961 71.2429
4962 71.2429
4963 71.2429
4964 71.2429
4965 71.2429
4966 71.2429
4967 71.2429
4968 71.2429
4969 71.2429
4970 71.2429
4971 71.2429
4972 71.2429
4973 71.2429
4974 71.2429
4975 71.2429
4976 71.2429
4977 71.2429
4978 71.2429
4979 71.2429
4980 71.2429
4981 71.2429
4982 71.2429
4983 71.2429
4984 71.2429
4985 71.2429
4986 71.2429
4987 71.2429
4988 71.2429
4989 71.2429
4990 71.2429
4991 71.2429
4992 71.2429
4993 71.2429
4994 71.2429
4995 71.2429
4996 71.2429
4997 71.2429
4998 71.2429
4999 71.2429
5000 71.2429
5001 71.2429
5002 71.2429
5003 71.2429
5004 71.2429
5005 71.2429
5006 71.2429
5007 71.2429
5008 71.2429
5009 71.2429
5010 71.2429
5011 71.2429
5012 71.2429
5013 71.2429
5014 71.2429
5015 71.2429
5016 71.2429
5017 71.2429
5018 71.2429
5019 71.2429
5020 71.2429
5021 71.2429
5022 71.2429
5023 71.2429
5024 71.2429
5025 71.2429
5026 71.2429
5027 71.2429
5028 71.2429
5029 71.2429
5030 71.2429
5031 71.2429
5032 71.2429
5033 71.2429
5034 71.2429
5035 71.2429
5036 71.2429
5037 71.2429
5038 71.2429
5039 71.2429
5040 71.2429
5041 71.2429
5042 71.2429
5043 71.2429
5044 71.2429
5045 71.2429
5046 71.2429
5047 71.2429
5048 71.2429
5049 71.2429
5050 71.2429
5051 71.2429
5052 71.2429
5053 71.2429
5054 71.2429
5055 71.2429
5056 71.2429
5057 71.2429
5058 71.2429
5059 71.2429
5060 71.2429
5061 71.2429
5062 71.2429
5063 71.2429
5064 71.2429
5065 71.2429
5066 71.2429
5067 71.2429
5068 71.2429
5069 71.2429
5070 71.2429
5071 71.2429
5072 71.2429
5073 71.2429
5074 71.2429
5075 71.2429
5076 71.2429
5077 71.2429
5078 71.2429
5079 71.2429
5080 71.2429
5081 71.2429
5082 71.2429
5083 71.2429
5084 71.2429
5085 71.2429
5086 71.2429
5087 71.2429
5088 71.2429
5089 71.2429
5090 71.2429
5091 71.2429
5092 71.2429
5093 71.2429
5094 71.2429
5095 71.2429
5096 71.2429
5097 71.2429
5098 71.2429
5099 71.2429
5100 71.2429
5101 71.2429
5102 71.2429
5103 71.2429
5104 71.2429
5105 71.2429
5106 71.2429
5107 71.2429
5108 71.2429
5109 71.2429
5110 71.2429
5111 71.2429
5112 71.2429
5113 71.2429
5114 71.2429
5115 71.2429
5116 71.2429
5117 71.2429
5118 71.2429
5119 71.2429
5120 71.2429
5121 71.2429
5122 71.2429
5123 71.2429
5124 71.2429
5125 71.2429
5126 71.2429
5127 71.2429
5128 71.2429
5129 71.2429
5130 71.2429
5131 71.2429
5132 71.2429
5133 71.2429
5134 71.2429
5135 71.2429
5136 71.2429
5137 71.2429
5138 71.2429
5139 71.2429
5140 71.2429
5141 71.2429
5142 71.2429
5143 71.2429
5144 71.2429
5145 71.2429
5146 71.2429
5147 71.2429
5148 71.2429
5149 71.2429
5150 71.2429
5151 71.2429
5152 71.2429
5153 71.2429
5154 71.2429
5155 71.2429
5156 71.2429
5157 71.2429
5158 71.2429
5159 71.2429
5160 71.2429
5161 71.2429
5162 71.2429
5163 71.2429
5164 71.2429
5165 71.2429
5166 71.2429
5167 71.2429
5168 71.2429
5169 71.2429
5170 71.2429
5171 71.2429
5172 71.2429
5173 71.2429
5174 71.2429
5175 71.2429
5176 71.2429
5177 71.2429
5178 71.2429
5179 71.2429
5180 71.2429
5181 71.2429
5182 71.2429
5183 71.2429
5184 71.2429
5185 71.2429
5186 71.2429
5187 71.2429
5188 71.2429
5189 71.2429
5190 71.2429
5191 71.2429
5192 71.2429
5193 71.2429
5194 71.2429
5195 71.2429
5196 71.2429
5197 71.2429
5198 71.2429
5199 71.2429
5200 71.2429
5201 71.2429
5202 71.2429
5203 71.2429
5204 71.2429
5205 71.2429
5206 71.2429
5207 71.2429
5208 71.2429
5209 71.2429
5210 71.2429
5211 71.2429
5212 71.2429
5213 71.2429
5214 71.2429
5215 71.2429
5216 71.2429
5217 71.2429
5218 71.2429
5219 71.2429
5220 71.2429
5221 71.2429
5222 71.2429
5223 71.2429
5224 71.2429
5225 71.2429
5226 71.2429
5227 71.2429
5228 71.2429
5229 71.2429
5230 71.2429
5231 71.2429
5232 71.2429
5233 71.2429
5234 71.2429
5235 71.2429
5236 71.2429
5237 71.2429
5238 71.2429
5239 71.2429
5240 71.2429
5241 71.2429
5242 71.2429
5243 71.2429
5244 71.2429
5245 71.2429
5246 71.2429
5247 71.2429
5248 71.2429
5249 71.2429
5250 71.2429
5251 71.2429
5252 71.2429
5253 71.2429
5254 71.2429
5255 71.2429
5256 71.2429
5257 71.2429
5258 71.2429
5259 71.2429
5260 71.2429
5261 71.2429
5262 71.2429
5263 71.2429
5264 71.2429
5265 71.2429
5266 71.2429
5267 71.2429
5268 71.2429
5269 71.2429
5270 71.2429
5271 71.2429
5272 71.2429
5273 71.2429
5274 71.2429
5275 71.2429
5276 71.2429
5277 71.2429
5278 71.2429
5279 71.2429
5280 71.2429
5281 71.2429
5282 71.2429
5283 71.2429
5284 71.2429
5285 71.2429
5286 71.2429
5287 71.2429
5288 71.2429
5289 71.2429
5290 71.2429
5291 71.2429
5292 71.2429
5293 71.2429
5294 71.2429
5295 71.2429
5296 71.2429
5297 71.2429
5298 71.2429
5299 71.2429
5300 71.2429
5301 71.2429
5302 71.2429
5303 71.2429
5304 71.2429
5305 71.2429
5306 71.2429
5307 71.2429
5308 71.2429
5309 71.2429
5310 71.2429
5311 71.2429
5312 71.2429
5313 71.2429
5314 71.2429
5315 71.2429
5316 71.2429
5317 71.2429
5318 71.2429
5319 71.2429
5320 71.2429
5321 71.2429
5322 71.2429
5323 71.2429
5324 71.2429
5325 71.2429
5326 71.2429
5327 71.2429
5328 71.2429
5329 71.2429
5330 71.2429
5331 71.2429
5332 71.2429
5333 71.2429
5334 71.2429
5335 71.2429
5336 71.2429
5337 71.2429
5338 71.2429
5339 71.2429
5340 71.2429
5341 71.2429
5342 71.2429
5343 71.2429
5344 71.2429
5345 71.2429
5346 71.2429
5347 71.2429
5348 71.2429
5349 71.2429
5350 71.2429
5351 71.2429
5352 71.2429
5353 71.2429
5354 71.2429
5355 71.2429
5356 71.2429
5357 71.2429
5358 71.2429
5359 71.2429
5360 71.2429
5361 71.2429
5362 71.2429
5363 71.2429
5364 71.2429
5365 71.2429
5366 71.2429
5367 71.2429
5368 71.2429
5369 71.2429
5370 71.2429
5371 71.2429
5372 71.2429
5373 71.2429
5374 71.2429
5375 71.2429
5376 71.2429
5377 71.2429
5378 71.2429
5379 71.2429
5380 71.2429
5381 71.2429
5382 71.2429
5383 71.2429
5384 71.2429
5385 71.2429
5386 71.2429
5387 71.2429
5388 71.2429
5389 71.2429
5390 71.2429
5391 71.2429
5392 71.2429
5393 71.2429
5394 71.2429
5395 71.2429
5396 71.2429
5397 71.2429
5398 71.2429
5399 71.2429
5400 71.2429
5401 71.2429
5402 71.2429
5403 71.2429
5404 71.2429
5405 71.2429
5406 71.2429
5407 71.2429
5408 71.2429
5409 71.2429
5410 71.2429
5411 71.2429
5412 71.2429
5413 71.2429
5414 71.2429
5415 71.2429
5416 71.2429
5417 71.2429
5418 71.2429
5419 71.2429
5420 71.2429
5421 71.2429
5422 71.2429
5423 71.2429
5424 71.2429
5425 71.2429
5426 71.2429
5427 71.2429
5428 71.2429
5429 71.2429
5430 71.2429
5431 71.2429
5432 71.2429
5433 71.2429
5434 71.2429
5435 71.2429
5436 71.2429
5437 71.2429
5438 71.2429
5439 71.2429
5440 71.2429
5441 71.2429
5442 71.2429
5443 71.2429
5444 71.2429
5445 71.2429
5446 71.2429
5447 71.2429
5448 71.2429
5449 71.2429
5450 71.2429
5451 71.2429
5452 71.2429
5453 71.2429
5454 71.2429
5455 71.2429
5456 71.2429
5457 71.2429
5458 71.2429
5459 71.2429
5460 71.2429
5461 71.2429
5462 71.2429
5463 71.2429
5464 71.2429
5465 71.2429
5466 71.2429
5467 71.2429
5468 71.2429
5469 71.2429
5470 71.2429
5471 71.2429
5472 71.2429
5473 71.2429
5474 71.2429
5475 71.2429
5476 71.2429
5477 71.2429
5478 71.2429
5479 71.2429
5480 71.2429
5481 71.2429
5482 71.2429
5483 71.2429
5484 71.2429
5485 71.2429
5486 71.2429
5487 71.2429
5488 71.2429
5489 71.2429
5490 71.2429
5491 71.2429
5492 71.2429
5493 71.2429
5494 71.2429
5495 71.2429
5496 71.2429
5497 71.2429
5498 71.2429
5499 71.2429
5500 71.2429
5501 71.2429
5502 71.2429
5503 71.2429
5504 71.2429
5505 71.2429
5506 71.2429
5507 71.2429
5508 71.2429
5509 71.2429
5510 71.2429
5511 71.2429
5512 71.2429
5513 71.2429
5514 71.2429
5515 71.2429
5516 71.2429
5517 71.2429
5518 71.2429
5519 71.2429
5520 71.2429
5521 71.2429
5522 71.2429
5523 71.2429
5524 71.2429
5525 71.2429
5526 71.2429
5527 71.2429
5528 71.2429
5529 71.2429
5530 71.2429
5531 71.2429
5532 71.2429
5533 71.2429
5534 71.2429
5535 71.2429
5536 71.2429
5537 71.2429
5538 71.2429
5539 71.2429
5540 71.2429
5541 71.2429
5542 71.2429
5543 71.2429
5544 71.2429
5545 71.2429
5546 71.2429
5547 71.2429
5548 71.2429
5549 71.2429
5550 71.2429
5551 71.2429
5552 71.2429
5553 71.2429
5554 71.2429
5555 71.2429
5556 71.2429
5557 71.2429
5558 71.2429
5559 71.2429
5560 71.2429
5561 71.2429
5562 71.2429
5563 71.2429
5564 71.2429
5565 71.2429
5566 71.2429
5567 71.2429
5568 71.2429
5569 71.2429
5570 71.2429
5571 71.2429
5572 71.2429
5573 71.2429
5574 71.2429
5575 71.2429
5576 71.2429
5577 71.2429
5578 71.2429
5579 71.2429
5580 71.2429
5581 71.2429
5582 71.2429
5583 71.2429
5584 71.2429
5585 71.2429
5586 71.2429
5587 71.2429
5588 71.2429
5589 71.2429
5590 71.2429
5591 71.2429
5592 71.2429
5593 71.2429
5594 71.2429
5595 71.2429
5596 71.2429
5597 71.2429
5598 71.2429
5599 71.2429
5600 71.2429
5601 71.2429
5602 71.2429
5603 71.2429
5604 71.2429
5605 71.2429
5606 71.2429
5607 71.2429
5608 71.2429
5609 71.2429
5610 71.2429
5611 71.2429
5612 71.2429
5613 71.2429
5614 71.2429
5615 71.2429
5616 71.2429
5617 71.2429
5618 71.2429
5619 71.2429
5620 71.2429
5621 71.2429
5622 71.2429
5623 71.2429
5624 71.2429
5625 71.2429
5626 71.2429
5627 71.2429
5628 71.2429
5629 71.2429
5630 71.2429
5631 71.2429
5632 71.2429
5633 71.2429
5634 71.2429
5635 71.2429
5636 71.2429
5637 71.2429
5638 71.2429
5639 71.2429
5640 71.2429
5641 71.2429
5642 71.2429
5643 71.2429
5644 71.2429
5645 71.2429
5646 71.2429
5647 71.2429
5648 71.2429
5649 71.2429
5650 71.2429
5651 71.2429
5652 71.2429
5653 71.2429
5654 71.2429
5655 71.2429
5656 71.2429
5657 71.2429
5658 71.2429
5659 71.2429
5660 71.2429
5661 71.2429
5662 71.2429
5663 71.2429
5664 71.2429
5665 71.2429
5666 71.2429
5667 71.2429
5668 71.2429
5669 71.2429
5670 71.2429
5671 71.2429
5672 71.2429
5673 71.2429
5674 71.2429
5675 71.2429
5676 71.2429
5677 71.2429
5678 71.2429
5679 71.2429
5680 71.2429
5681 71.2429
5682 71.2429
5683 71.2429
5684 71.2429
5685 71.2429
5686 71.2429
5687 71.2429
5688 71.2429
5689 71.2429
5690 71.2429
5691 71.2429
5692 71.2429
5693 71.2429
5694 71.2429
5695 71.2429
5696 71.2429
5697 71.2429
5698 71.2429
5699 71.2429
5700 71.2429
5701 71.2429
5702 71.2429
5703 71.2429
5704 71.2429
5705 71.2429
5706 71.2429
5707 71.2429
5708 71.2429
5709 71.2429
5710 71.2429
5711 71.2429
5712 71.2429
5713 71.2429
5714 71.2429
5715 71.2429
5716 71.2429
5717 71.2429
5718 71.2429
5719 71.2429
5720 71.2429
5721 71.2429
5722 71.2429
5723 71.2429
5724 71.2429
5725 71.2429
5726 71.2429
5727 71.2429
5728 71.2429
5729 71.2429
5730 71.2429
5731 71.2429
5732 71.2429
5733 71.2429
5734 71.2429
5735 71.2429
5736 71.2429
5737 71.2429
5738 71.2429
5739 71.2429
5740 71.2429
5741 71.2429
5742 71.2429
5743 71.2429
5744 71.2429
5745 71.2429
5746 71.2429
5747 71.2429
5748 71.2429
5749 71.2429
5750 71.2429
5751 71.2429
5752 71.2429
5753 71.2429
5754 71.2429
5755 71.2429
5756 71.2429
5757 71.2429
5758 71.2429
5759 71.2429
5760 71.2429
5761 71.2429
5762 71.2429
5763 71.2429
5764 71.2429
5765 71.2429
5766 71.2429
5767 71.2429
5768 71.2429
5769 71.2429
5770 71.2429
5771 71.2429
5772 71.2429
5773 71.2429
5774 71.2429
5775 71.2429
5776 71.2429
5777 71.2429
5778 71.2429
5779 71.2429
5780 71.2429
5781 71.2429
5782 71.2429
5783 71.2429
5784 71.2429
5785 71.2429
5786 71.2429
5787 71.2429
5788 71.2429
5789 71.2429
5790 71.2429
5791 71.2429
5792 71.2429
5793 71.2429
5794 71.2429
5795 71.2429
5796 71.2429
5797 71.2429
5798 71.2429
5799 71.2429
5800 71.2429
5801 71.2429
5802 71.2429
5803 71.2429
5804 71.2429
5805 71.2429
5806 71.2429
5807 71.2429
5808 71.2429
5809 71.2429
5810 71.2429
5811 71.2429
5812 71.2429
5813 71.2429
5814 71.2429
5815 71.2429
5816 71.2429
5817 71.2429
5818 71.2429
5819 71.2429
5820 71.2429
5821 71.2429
5822 71.2429
5823 71.2429
5824 71.2429
5825 71.2429
5826 71.2429
5827 71.2429
5828 71.2429
5829 71.2429
5830 71.2429
5831 71.2429
5832 71.2429
5833 71.2429
5834 71.2429
5835 71.2429
5836 71.2429
5837 71.2429
5838 71.2429
5839 71.2429
5840 71.2429
5841 71.2429
5842 71.2429
5843 71.2429
5844 71.2429
5845 71.2429
5846 71.2429
5847 71.2429
5848 71.2429
5849 71.2429
5850 71.2429
5851 71.2429
5852 71.2429
5853 71.2429
5854 71.2429
5855 71.2429
5856 71.2429
5857 71.2429
5858 71.2429
5859 71.2429
5860 71.2429
5861 71.2429
5862 71.2429
5863 71.2429
5864 71.2429
5865 71.2429
5866 71.2429
5867 71.2429
5868 71.2429
5869 71.2429
5870 71.2429
5871 71.2429
5872 71.2429
5873 71.2429
5874 71.2429
5875 71.2429
5876 71.2429
5877 71.2429
5878 71.2429
5879 71.2429
5880 71.2429
5881 71.2429
5882 71.2429
5883 71.2429
5884 71.2429
5885 71.2429
5886 71.2429
5887 71.2429
5888 71.2429
5889 71.2429
5890 71.2429
5891 71.2429
5892 71.2429
5893 71.2429
5894 71.2429
5895 71.2429
5896 71.2429
5897 71.2429
5898 71.2429
5899 71.2429
5900 71.2429
5901 71.2429
5902 71.2429
5903 71.2429
5904 71.2429
5905 71.2429
5906 71.2429
5907 71.2429
5908 71.2429
5909 71.2429
5910 71.2429
5911 71.2429
5912 71.2429
5913 71.2429
5914 71.2429
5915 71.2429
5916 71.2429
5917 71.2429
5918 71.2429
5919 71.2429
5920 71.2429
5921 71.2429
5922 71.2429
5923 71.2429
5924 71.2429
5925 71.2429
5926 71.2429
5927 71.2429
5928 71.2429
5929 71.2429
5930 71.2429
5931 71.2429
5932 71.2429
5933 71.2429
5934 71.2429
5935 71.2429
5936 71.2429
5937 71.2429
5938 71.2429
5939 71.2429
5940 71.2429
5941 71.2429
5942 71.2429
5943 71.2429
5944 71.2429
5945 71.2429
5946 71.2429
5947 71.2429
5948 71.2429
5949 71.2429
5950 71.2429
5951 71.2429
5952 71.2429
5953 71.2429
5954 71.2429
5955 71.2429
5956 71.2429
5957 71.2429
5958 71.2429
5959 71.2429
5960 71.2429
5961 71.2429
5962 71.2429
5963 71.2429
5964 71.2429
5965 71.2429
5966 71.2429
5967 71.2429
5968 71.2429
5969 71.2429
5970 71.2429
5971 71.2429
5972 71.2429
5973 71.2429
5974 71.2429
5975 71.2429
5976 71.2429
5977 71.2429
5978 71.2429
5979 71.2429
5980 71.2429
5981 71.2429
5982 71.2429
5983 71.2429
5984 71.2429
5985 71.2429
5986 71.2429
5987 71.2429
5988 71.2429
5989 71.2429
5990 71.2429
5991 71.2429
5992 71.2429
5993 71.2429
5994 71.2429
5995 71.2429
5996 71.2429
5997 71.2429
5998 71.2429
5999 71.2429
