0 462.204
1 423.923
2 420.037
3 410.8
4 405.968
5 401.713
6 398.601
7 391.24
8 387.151
9 379.267
10 365.948
11 362.443
12 359.303
13 359.303
14 353.746
15 352.613
16 344.562
17 334.493
18 334.446
19 328.251
20 326.279
21 321.354
22 320.52
23 315.432
24 315.432
25 310.995
26 310.995
27 310.469
28 307.883
29 307.883
30 298.558
31 297.806
32 297.184
33 294.412
34 292.748
35 288.136
36 285.581
37 281.585
38 280.008
39 279.497
40 274.734
41 272.194
42 269.551
43 260.367
44 260.367
45 257.827
46 256.607
47 256.605
48 251.307
49 250.512
50 250.068
51 249.171
52 248.138
53 246.797
54 246.797
55 244.951
56 243.61
57 243.254
58 243.197
59 242.841
60 240.875
61 240.462
62 238.275
63 238.275
64 237.919
65 237.078
66 235.76
67 234.084
68 232.218
69 229.724
70 228.756
71 226.198
72 225.842
73 222.273
74 221.895
75 221.895
76 216.781
77 213.867
78 213.867
79 213.867
80 213.006
81 211.289
82 210.813
83 209.097
84 209.097
85 209.097
86 209.097
87 209.097
88 209.097
89 207.766
90 206.328
91 201.965
92 201.965
93 200.775
94 199.341
95 198.089
96 195.841
97 195.772
98 195.77
99 195.357
100 195.162
101 194.75
102 193.68
103 193.68
104 193.479
105 193.111
106 192.91
107 192.149
108 190.531
109 188.893
110 188.791
111 188.791
112 187.655
113 187.655
114 185.917
115 185.535
116 184.958
117 183.059
118 182.661
119 179.722
120 177.504
121 177.504
122 171.995
123 171.995
124 171.812
125 171.812
126 171.267
127 170.28
128 170.097
129 169.457
130 168.729
131 168.729
132 168.729
133 168.38
134 168.38
135 167.716
136 165.124
137 164.905
138 164.497
139 164.278
140 163.927
141 163.06
142 162.153
143 162.153
144 162.153
145 158.422
146 158.422
147 154.013
148 154.013
149 154.013
150 153.32
151 152.711
152 151.277
153 149.235
154 149.235
155 148.049
156 148.049
157 148.049
158 148.049
159 147.538
160 147.538
161 147.264
162 147.264
163 145.987
164 145.358
165 144.184
166 144.184
167 140.453
168 140.453
169 139.494
170 139.447
171 138.812
172 136.784
173 136.103
174 133.2
175 133.2
176 132.955
177 132.595
178 131.488
179 131.243
180 131.243
181 131.243
182 130.411
183 129.97
184 129.97
185 129.763
186 129.763
187 129.763
188 129.047
189 129.047
190 129.047
191 128.181
192 128.181
193 128.091
194 128.091
195 128.091
196 128.091
197 128.091
198 128.091
199 128.091
200 127.599
201 127.599
202 127.599
203 127.599
204 126.26
205 126.26
206 125.786
207 125.786
208 125.786
209 125.786
210 125.786
211 125.786
212 125.786
213 125.786
214 124.923
215 124.717
216 124.717
217 124.224
218 124.224
219 124.003
220 124.003
221 123.691
222 123.47
223 123.47
224 123.47
225 123.47
226 123.47
227 123.47
228 123.47
229 123.47
230 123.47
231 123.47
232 123.47
233 121.338
234 121.338
235 121.338
236 121.275
237 120.25
238 119.795
239 119.795
240 119.424
241 119.424
242 119.424
243 119.424
244 119.424
245 119.424
246 119.424
247 119.424
248 119.424
249 119.424
250 118.671
251 118.671
252 118.671
253 118.464
254 118.464
255 118.464
256 116.89
257 116.89
258 116.378
259 116.378
260 116.378
261 116.378
262 116.378
263 116.378
264 116.378
265 116.378
266 116.378
267 116.378
268 116.378
269 116.378
270 116.296
271 115.948
272 115.948
273 115.948
274 115.948
275 115.948
276 115.776
277 115.776
278 115.776
279 115.776
280 115.776
281 115.721
282 115.721
283 115.721
284 115.721
285 115.721
286 115.697
287 115.578
288 115.532
289 115.532
290 115.532
291 115.532
292 115.412
293 115.412
294 115.412
295 115.412
296 115.412
297 115.412
298 115.412
299 115.412
300 115.412
301 115.354
302 115.354
303 115.354
304 114.569
305 114.569
306 114.569
307 114.469
308 113.839
309 113.738
310 113.738
311 113.644
312 113.458
313 112.774
314 112.774
315 112.774
316 112.125
317 112.125
318 111.604
319 110.955
320 110.955
321 110.955
322 110.955
323 110.955
324 110.416
325 110.416
326 110.416
327 110.416
328 110.416
329 110.416
330 110.253
331 110.253
332 110.253
333 110.166
334 110.035
335 110.035
336 110.035
337 110.035
338 110.035
339 110.035
340 110.035
341 110.035
342 110.035
343 109.92
344 109.92
345 109.92
346 109.92
347 109.92
348 109.92
349 109.881
350 109.767
351 109.767
352 109.767
353 109.767
354 109.767
355 109.767
356 109.767
357 109.413
358 109.413
359 109.413
360 109.413
361 109.413
362 109.413
363 109.413
364 109.413
365 109.413
366 109.413
367 109.413
368 109.413
369 109.413
370 109.413
371 109.413
372 109.413
373 109.413
374 109.413
375 109.413
376 109.413
377 109.281
378 109.281
379 109.248
380 108.048
381 107.916
382 107.883
383 107.883
384 107.883
385 107.883
386 107.883
387 107.883
388 107.883
389 107.883
390 107.844
391 107.844
392 107.844
393 107.844
394 107.844
395 107.844
396 107.844
397 107.844
398 107.844
399 107.844
400 107.844
401 107.844
402 107.844
403 107.844
404 107.844
405 107.844
406 106.887
407 106.887
408 106.705
409 106.705
410 106.705
411 106.478
412 106.478
413 106.478
414 106.306
415 106.306
416 106.306
417 106.04
418 106.04
419 106.04
420 106.04
421 106.04
422 106.04
423 106.04
424 106.04
425 106.04
426 106.04
427 106.04
428 106.04
429 106.04
430 106.04
431 106.04
432 105.185
433 105.185
434 105.185
435 105.185
436 105.185
437 105.185
438 105.185
439 105.083
440 104.022
441 103.92
442 103.92
443 103.92
444 103.92
445 102.992
446 102.992
447 102.475
448 102.475
449 102.475
450 102.475
451 101.628
452 101.628
453 101.619
454 101.619
455 101.394
456 101.394
457 101.394
458 101.394
459 101.124
460 101.124
461 101.124
462 101.124
463 101.124
464 101.124
465 101.124
466 101.124
467 101.124
468 101.124
469 101.12
470 101.12
471 101.12
472 101.12
473 101.12
474 101.12
475 101.12
476 101.12
477 101.12
478 100.804
479 100.804
480 100.804
481 100.804
482 100.804
483 100.804
484 100.747
485 100.58
486 100.58
487 100.58
488 100.58
489 100.58
490 100.58
491 100.58
492 100.58
493 100.58
494 100.58
495 100.58
496 100.58
497 100.58
498 100.58
499 100.58
500 100.58
501 98.5272
502 98.5272
503 98.5088
504 98.5088
505 98.5088
506 98.5088
507 98.5088
508 98.5088
509 98.091
510 98.091
511 98.091
512 98.091
513 97.9495
514 97.9495
515 97.9495
516 97.9495
517 97.9495
518 97.9495
519 97.9495
520 97.9495
521 97.9495
522 97.9495
523 97.9495
524 97.1878
525 97.1878
526 97.1878
527 97.1878
528 97.1878
529 97.1878
530 97.1878
531 97.1878
532 97.1878
533 97.1878
534 97.1878
535 97.0784
536 97.0784
537 97.0784
538 97.0784
539 97.0784
540 97.0784
541 97.0784
542 97.0784
543 97.0784
544 97.0784
545 97.0784
546 97.0784
547 97.0784
548 96.5941
549 96.5941
550 96.5941
551 96.5941
552 96.5368
553 96.5368
554 96.5368
555 96.5368
556 96.5368
557 96.5368
558 96.5368
559 96.5368
560 96.5368
561 96.5368
562 96.5368
563 96.33
564 96.33
565 96.33
566 96.33
567 96.33
568 96.33
569 96.33
570 96.33
571 96.33
572 95.4791
573 95.4791
574 95.4791
575 95.4791
576 95.4791
577 95.4791
578 95.4791
579 95.4791
580 95.4791
581 95.4791
582 95.4791
583 95.4791
584 95.458
585 95.458
586 95.2094
587 95.2094
588 95.2094
589 95.2094
590 95.2094
591 95.2094
592 95.2094
593 95.2094
594 95.2094
595 95.2094
596 95.2094
597 95.2094
598 95.2094
599 95.2094
600 94.6702
601 94.6702
602 94.6702
603 94.6702
604 94.6702
605 94.6702
606 94.6702
607 94.2914
608 94.2914
609 94.2914
610 94.2914
611 94.2914
612 94.2914
613 94.2914
614 94.2914
615 94.2914
616 94.2914
617 94.2914
618 94.2914
619 94.2914
620 94.2914
621 94.2914
622 94.2914
623 94.2914
624 94.2914
625 94.2914
626 94.2914
627 94.2914
628 94.2914
629 94.2914
630 94.2914
631 94.2914
632 94.2914
633 94.2914
634 94.2914
635 93.3981
636 93.3981
637 93.3981
638 93.3981
639 93.3981
640 93.3981
641 93.3981
642 93.3981
643 93.3981
644 93.3981
645 93.3981
646 93.3981
647 93.3981
648 93.3507
649 93.3507
650 93.3507
651 93.3507
652 93.3507
653 93.0928
654 93.0928
655 93.0928
656 93.0928
657 93.0928
658 93.0928
659 93.0928
660 93.0928
661 93.0928
662 93.0928
663 93.0928
664 93.0928
665 93.0117
666 93.0117
667 93.0117
668 93.0117
669 93.0117
670 93.0117
671 93.0117
672 93.0117
673 93.0117
674 93.0117
675 92.8867
676 91.0353
677 91.0353
678 91.0353
679 91.0353
680 91.0353
681 90.84
682 90.84
683 90.84
684 90.84
685 90.84
686 90.84
687 90.84
688 90.84
689 90.84
690 90.6782
691 90.6782
692 90.6782
693 90.6782
694 90.6782
695 90.6782
696 90.6782
697 90.6782
698 90.1495
699 90.1495
700 90.1495
701 90.1495
702 90.1495
703 90.1495
704 90.1495
705 90.1495
706 90.1495
707 90.1495
708 89.7819
709 89.7819
710 89.7819
711 89.7819
712 89.7819
713 89.7819
714 89.7819
715 89.7819
716 89.7819
717 89.7819
718 89.7819
719 89.7819
720 89.7819
721 89.7819
722 89.5625
723 89.5625
724 89.5625
725 89.5625
726 89.5625
727 89.5625
728 89.5625
729 89.5625
730 89.5625
731 89.5625
732 89.5625
733 89.5625
734 89.0413
735 89.0413
736 89.0409
737 89.0409
738 89.0409
739 89.0409
740 88.7389
741 88.7389
742 88.7389
743 88.7389
744 88.7389
745 88.7389
746 88.7389
747 88.7389
748 88.7389
749 88.7389
750 88.7389
751 88.7389
752 88.7389
753 88.7389
754 88.7389
755 88.7389
756 88.7389
757 88.7389
758 88.7389
759 88.7389
760 88.7389
761 88.7389
762 88.4318
763 88.3658
764 88.0586
765 88.0586
766 88.0586
767 88.0586
768 88.0586
769 88.0586
770 88.0586
771 88.0586
772 88.0586
773 87.8284
774 87.8284
775 87.8284
776 87.8284
777 87.8284
778 87.8284
779 87.8284
780 87.8284
781 87.8284
782 87.8284
783 87.8284
784 87.8284
785 87.7402
786 86.8858
787 86.8858
788 86.8858
789 86.8858
790 86.8858
791 86.8858
792 86.8858
793 86.8858
794 86.8858
795 86.8858
796 86.8858
797 86.8858
798 86.8858
799 86.8858
800 86.8858
801 86.8858
802 86.8858
803 86.8858
804 86.8858
805 86.8858
806 86.8858
807 86.8858
808 86.8858
809 86.8858
810 86.8858
811 86.8858
812 86.8858
813 86.8858
814 86.8858
815 86.8858
816 86.8858
817 86.8858
818 86.8858
819 86.8858
820 86.8858
821 86.8858
822 86.8858
823 86.8858
824 86.8858
825 86.8858
826 86.8858
827 86.2645
828 86.2645
829 86.2645
830 86.2645
831 86.2645
832 86.2645
833 86.2645
834 86.2645
835 86.2645
836 86.2645
837 86.2645
838 86.2645
839 86.2645
840 86.2645
841 86.2645
842 86.2645
843 86.2645
844 84.3436
845 84.3436
846 84.3436
847 84.3436
848 84.3436
849 84.3436
850 84.3436
851 84.3436
852 84.3436
853 84.3341
854 84.3341
855 84.3341
856 84.3341
857 84.3341
858 84.3341
859 84.3341
860 84.3341
861 84.3341
862 84.3341
863 84.3341
864 84.3341
865 84.3341
866 84.3341
867 84.3341
868 84.3341
869 84.3341
870 84.3341
871 84.3341
872 84.3341
873 83.6913
874 83.6913
875 83.6913
876 83.6913
877 83.6913
878 83.6913
879 83.6913
880 83.6913
881 83.6913
882 83.6913
883 83.6913
884 83.6913
885 83.6913
886 83.6913
887 83.6913
888 83.6913
889 83.6913
890 83.6913
891 83.6591
892 83.6591
893 83.6591
894 83.6591
895 83.6591
896 83.6591
897 83.6591
898 83.6591
899 83.6591
900 83.6591
901 83.6591
902 83.6591
903 83.6591
904 83.6591
905 83.6591
906 83.6591
907 83.6591
908 83.6591
909 83.6591
910 83.6591
911 83.6591
912 83.6591
913 83.6591
914 83.6591
915 83.6591
916 83.6591
917 83.6591
918 83.6591
919 83.6591
920 83.6591
921 83.6591
922 83.6591
923 83.6591
924 83.6591
925 83.6591
926 83.5836
927 83.5836
928 83.5836
929 83.5836
930 83.5836
931 83.5836
932 83.5836
933 83.5836
934 83.5836
935 83.5836
936 83.5836
937 83.5836
938 83.5836
939 83.5836
940 83.5836
941 83.5836
942 83.5836
943 83.5836
944 83.5836
945 83.5836
946 83.5836
947 83.5836
948 83.5836
949 83.5836
950 83.5836
951 83.5836
952 83.5836
953 83.5836
954 83.5836
955 83.5836
956 83.5836
957 83.5836
958 83.5836
959 83.5836
960 83.5836
961 83.5836
962 83.5836
963 83.5836
964 83.5836
965 83.5836
966 83.5836
967 83.5836
968 83.5836
969 83.5836
970 83.5836
971 83.5836
972 83.5836
973 83.5822
974 83.5822
975 83.5822
976 83.5822
977 83.5822
978 83.5822
979 83.5822
980 83.5822
981 83.5822
982 83.5822
983 83.5822
984 83.5822
985 83.5822
986 83.5822
987 83.5822
988 83.5822
989 83.5822
990 83.5822
991 83.5822
992 83.5822
993 83.5822
994 83.5822
995 83.5822
996 83.5822
997 83.5822
998 83.5822
999 83.5822
1000 83.5822
1001 83.5822
1002 83.5822
1003 83.5822
1004 83.5822
1005 83.5822
1006 83.5822
1007 83.5822
1008 83.5822
1009 83.5822
1010 83.5822
1011 82.3264
1012 82.3264
1013 82.3264
1014 82.3264
1015 82.3264
1016 82.3264
1017 82.3264
1018 82.3264
1019 82.3264
1020 82.3264
1021 81.5501
1022 81.5501
1023 81.5501
1024 81.5501
1025 81.5501
1026 81.5501
1027 81.5501
1028 81.5501
1029 81.5501
1030 81.5501
1031 81.5501
1032 81.5501
1033 81.5501
1034 81.5501
1035 81.5501
1036 81.5501
1037 81.5501
1038 81.5501
1039 81.5501
1040 81.5501
1041 81.5501
1042 81.5501
1043 81.5501
1044 81.5501
1045 81.5501
1046 81.5501
1047 81.5501
1048 81.5501
1049 81.5501
1050 81.5501
1051 81.5501
1052 81.5501
1053 81.5501
1054 81.5501
1055 81.5501
1056 81.5501
1057 81.5501
1058 81.5501
1059 81.5501
1060 81.5501
1061 81.5501
1062 81.5501
1063 81.3798
1064 81.3798
1065 81.3798
1066 81.3798
1067 81.3798
1068 81.3798
1069 81.3798
1070 81.3798
1071 81.3798
1072 81.3798
1073 81.3798
1074 81.3798
1075 81.3798
1076 81.3798
1077 81.3798
1078 81.3798
1079 81.3798
1080 81.3798
1081 81.3798
1082 81.3798
1083 81.3798
1084 81.3798
1085 81.3798
1086 81.3798
1087 81.3798
1088 81.3798
1089 81.3798
1090 81.3798
1091 81.3798
1092 81.3798
1093 81.3798
1094 81.3798
1095 81.3798
1096 81.3798
1097 81.3798
1098 81.3798
1099 81.3798
1100 81.3798
1101 81.3798
1102 81.3798
1103 81.3798
1104 81.3798
1105 81.3798
1106 81.3798
1107 81.3798
1108 81.3798
1109 81.3798
1110 81.3798
1111 81.3798
1112 81.3798
1113 81.3798
1114 81.3798
1115 81.3798
1116 81.3798
1117 81.3798
1118 81.3798
1119 81.3798
1120 81.3798
1121 81.3798
1122 81.3798
1123 81.3798
1124 81.3798
1125 81.3798
1126 81.3798
1127 81.3798
1128 81.3798
1129 81.3798
1130 81.3798
1131 81.3798
1132 81.3798
1133 81.3798
1134 81.3798
1135 81.3798
1136 81.3798
1137 81.3798
1138 81.3798
1139 81.3798
1140 81.3798
1141 81.3798
1142 81.3798
1143 81.3798
1144 81.3798
1145 80.7355
1146 80.7355
1147 80.7355
1148 80.572
1149 80.572
1150 80.572
1151 80.572
1152 80.572
1153 80.572
1154 80.572
1155 80.572
1156 80.572
1157 80.572
1158 80.572
1159 80.572
1160 80.572
1161 80.572
1162 80.572
1163 80.572
1164 80.572
1165 80.572
1166 80.572
1167 80.572
1168 80.572
1169 80.572
1170 80.572
1171 80.572
1172 80.5615
1173 80.5615
1174 80.5615
1175 80.5615
1176 80.5615
1177 80.5615
1178 80.5615
1179 80.5615
1180 80.5615
1181 80.5615
1182 80.5615
1183 80.5615
1184 80.5615
1185 80.5615
1186 80.5615
1187 80.5615
1188 80.5615
1189 80.5615
1190 80.5615
1191 80.5615
1192 80.5615
1193 80.5615
1194 80.5615
1195 80.5615
1196 80.5615
1197 80.5615
1198 80.5615
1199 80.412
1200 80.412
1201 80.412
1202 80.412
1203 80.412
1204 80.412
1205 80.412
1206 80.412
1207 80.412
1208 80.412
1209 80.412
1210 80.412
1211 80.412
1212 80.412
1213 80.412
1214 80.412
1215 80.412
1216 80.412
1217 80.412
1218 80.412
1219 80.412
1220 80.412
1221 80.412
1222 80.412
1223 80.412
1224 80.412
1225 80.412
1226 80.412
1227 80.412
1228 80.412
1229 80.412
1230 80.412
1231 80.412
1232 80.412
1233 80.412
1234 80.412
1235 80.412
1236 80.412
1237 80.412
1238 80.412
1239 80.412
1240 80.1721
1241 80.1721
1242 80.1721
1243 80.1721
1244 80.1721
1245 80.1721
1246 80.1721
1247 80.1721
1248 80.1721
1249 80.1721
1250 80.1721
1251 80.1721
1252 80.1721
1253 80.1721
1254 80.1721
1255 80.1721
1256 80.1721
1257 80.1721
1258 80.1721
1259 80.1721
1260 80.1721
1261 80.1721
1262 80.1721
1263 80.1721
1264 80.1721
1265 80.1721
1266 80.1721
1267 80.1721
1268 80.1721
1269 80.1721
1270 80.1721
1271 80.1721
1272 80.1721
1273 80.1721
1274 80.1721
1275 80.1721
1276 80.1721
1277 80.1721
1278 79.0781
1279 79.0781
1280 79.0781
1281 79.0781
1282 79.0781
1283 79.0781
1284 79.0781
1285 79.0781
1286 79.0781
1287 79.0781
1288 79.0781
1289 79.0781
1290 79.0781
1291 79.0781
1292 79.0781
1293 79.0781
1294 79.0781
1295 79.0781
1296 79.0781
1297 79.0781
1298 79.0781
1299 79.0781
1300 79.0781
1301 79.0781
1302 79.0781
1303 79.0781
1304 79.0781
1305 79.0781
1306 79.0781
1307 79.0781
1308 79.0781
1309 79.0781
1310 79.0781
1311 79.0781
1312 79.0781
1313 79.0781
1314 79.0781
1315 79.0781
1316 79.0781
1317 79.0781
1318 79.0781
1319 79.0781
1320 79.0781
1321 79.0781
1322 79.0781
1323 79.0781
1324 79.0781
1325 79.0781
1326 79.0781
1327 79.0781
1328 79.0781
1329 79.0781
1330 79.0781
1331 79.0781
1332 79.0781
1333 79.0781
1334 79.0781
1335 79.0781
1336 79.0781
1337 79.0781
1338 79.0781
1339 79.0781
1340 79.0781
1341 79.0781
1342 79.0781
1343 79.0781
1344 79.0781
1345 79.0781
1346 79.0781
1347 79.0781
1348 79.0781
1349 79.0781
1350 79.0781
1351 79.0781
1352 79.0781
1353 79.0781
1354 79.0781
1355 79.0781
1356 79.0781
1357 79.0781
1358 79.0781
1359 79.0781
1360 79.0781
1361 79.0781
1362 79.0781
1363 79.0781
1364 79.0781
1365 79.0781
1366 79.0781
1367 79.0781
1368 79.0781
1369 79.0781
1370 79.0781
1371 79.0781
1372 79.0781
1373 79.0781
1374 79.0781
1375 79.0781
1376 79.0781
1377 79.0781
1378 79.0781
1379 79.0781
1380 79.0781
1381 79.0781
1382 79.0781
1383 79.0781
1384 79.0781
1385 79.0781
1386 79.0781
1387 79.0781
1388 79.0781
1389 79.0781
1390 79.0781
1391 79.0781
1392 79.0781
1393 79.0781
1394 79.0781
1395 79.0781
1396 79.0781
1397 79.0781
1398 79.0781
1399 79.0781
1400 79.0781
1401 79.0781
1402 79.0781
1403 79.0781
1404 79.0781
1405 79.0781
1406 79.0781
1407 79.0781
1408 79.0781
1409 79.0781
1410 79.0781
1411 79.0781
1412 79.0781
1413 79.0781
1414 79.0781
1415 79.0781
1416 79.0781
1417 79.0781
1418 79.0781
1419 79.0781
1420 79.0781
1421 79.0781
1422 79.0781
1423 79.0781
1424 79.0781
1425 79.0781
1426 79.0781
1427 79.0781
1428 79.0781
1429 79.0781
1430 79.0781
1431 79.0781
1432 79.0781
1433 79.0781
1434 79.0781
1435 79.0781
1436 79.0781
1437 79.0781
1438 79.0781
1439 79.0781
1440 79.0781
1441 79.0781
1442 79.0781
1443 79.0781
1444 79.0781
1445 79.0781
1446 79.0781
1447 79.0781
1448 79.0781
1449 79.0781
1450 79.0781
1451 79.0781
1452 79.0781
1453 79.0781
1454 79.0781
1455 79.0781
1456 79.0781
1457 79.0781
1458 79.0781
1459 79.0781
1460 79.0781
1461 79.0781
1462 79.0781
1463 79.0781
1464 79.0781
1465 79.0781
1466 79.0781
1467 79.0781
1468 79.0781
1469 79.0781
1470 79.0781
1471 79.0781
1472 79.0781
1473 79.0781
1474 79.0781
1475 79.0781
1476 79.0781
1477 79.0781
1478 79.0781
1479 79.0781
1480 79.0781
1481 79.0781
1482 79.0781
1483 79.0781
1484 79.0781
1485 79.0781
1486 79.0781
1487 79.0781
1488 79.0781
1489 79.0781
1490 79.0781
1491 79.0781
1492 79.0781
1493 79.0781
1494 79.0781
1495 79.0781
1496 79.0781
1497 79.0781
1498 79.0781
1499 79.0781
1500 79.0781
1501 79.0781
1502 79.0781
1503 79.0781
1504 79.0781
1505 79.0781
1506 79.0781
1507 79.0781
1508 79.0781
1509 79.0781
1510 79.0781
1511 79.0781
1512 79.0781
1513 79.0781
1514 79.0781
1515 79.0781
1516 79.0781
1517 79.0781
1518 79.0781
1519 79.0781
1520 79.0781
1521 79.0781
1522 79.0781
1523 79.0781
1524 79.0781
1525 79.0781
1526 79.0781
1527 79.0781
1528 79.0781
1529 79.0781
1530 79.0781
1531 79.0781
1532 79.0781
1533 79.0781
1534 79.0781
1535 79.0781
1536 79.0781
1537 79.0781
1538 79.0781
1539 79.0781
1540 79.0781
1541 79.0781
1542 79.0781
1543 79.0781
1544 79.0781
1545 79.0781
1546 79.0781
1547 79.0781
1548 79.0781
1549 79.0781
1550 79.0781
1551 79.0781
1552 79.0781
1553 79.0781
1554 79.0781
1555 79.0781
1556 79.0781
1557 79.0781
1558 79.0781
1559 79.0781
1560 79.0781
1561 79.0781
1562 79.0781
1563 79.0781
1564 79.0781
1565 79.0781
1566 79.0781
1567 79.0781
1568 79.0781
1569 79.0781
1570 79.0781
1571 79.0781
1572 79.0781
1573 79.0781
1574 79.0781
1575 79.0781
1576 79.0781
1577 79.0781
1578 79.0781
1579 79.0781
1580 79.0781
1581 79.0781
1582 79.0781
1583 79.0781
1584 79.0781
1585 79.0781
1586 79.0781
1587 79.0781
1588 79.0781
1589 79.0781
1590 79.0781
1591 79.0781
1592 79.0781
1593 79.0781
1594 79.0781
1595 79.0781
1596 79.0781
1597 79.0781
1598 79.0781
1599 79.0781
1600 79.0781
1601 79.0781
1602 79.0781
1603 79.0781
1604 79.0781
1605 79.0781
1606 79.0781
1607 79.0781
1608 79.0781
1609 79.0781
1610 79.0781
1611 79.0781
1612 79.0781
1613 79.0781
1614 79.0781
1615 79.0781
1616 79.0781
1617 79.0781
1618 79.0781
1619 79.0781
1620 79.0781
1621 79.0781
1622 79.0781
1623 79.0781
1624 79.0781
1625 79.0781
1626 79.0781
1627 79.0781
1628 79.0781
1629 79.0781
1630 79.0781
1631 79.0781
1632 79.0781
1633 79.0781
1634 79.0781
1635 79.0781
1636 79.0781
1637 79.0781
1638 79.0781
1639 79.0781
1640 79.0781
1641 79.0781
1642 79.0781
1643 79.0781
1644 79.0781
1645 79.0781
1646 79.0781
1647 79.0781
1648 79.0781
1649 79.0781
1650 79.0781
1651 79.0781
1652 79.0781
1653 79.0781
1654 79.0781
1655 79.0781
1656 79.0781
1657 79.0781
1658 79.0781
1659 79.0781
1660 79.0781
1661 79.0781
1662 79.0781
1663 79.0781
1664 79.0781
1665 79.0781
1666 79.0781
1667 79.0781
1668 79.0781
1669 79.0781
1670 79.0781
1671 79.0781
1672 79.0781
1673 79.0781
1674 79.0781
1675 79.0781
1676 79.0781
1677 79.0781
1678 79.0781
1679 79.0781
1680 79.0781
1681 79.0781
1682 79.0781
1683 79.0781
1684 79.0781
1685 79.0781
1686 79.0781
1687 79.0781
1688 79.0781
1689 79.0781
1690 79.0781
1691 79.0781
1692 79.0781
1693 79.0781
1694 79.0781
1695 79.0781
1696 79.0781
1697 79.0781
1698 79.0781
1699 79.0781
1700 79.0781
1701 79.0781
1702 79.0781
1703 79.0781
1704 79.0781
1705 79.0781
1706 79.0781
1707 79.0781
1708 79.0781
1709 79.0781
1710 79.0781
1711 79.0781
1712 79.0781
1713 79.0781
1714 79.0781
1715 79.0781
1716 79.0781
1717 79.0781
1718 79.0781
1719 79.0781
1720 79.0781
1721 79.0781
1722 79.0781
1723 79.0781
1724 79.0781
1725 79.0781
1726 79.0781
1727 79.0781
1728 79.0781
1729 79.0781
1730 79.0781
1731 79.0781
1732 79.0781
1733 78.8604
1734 78.8604
1735 78.2237
1736 78.2237
1737 78.2237
1738 78.2237
1739 78.2237
1740 78.2237
1741 78.2237
1742 78.2237
1743 78.2237
1744 78.2237
1745 78.2237
1746 78.2237
1747 78.2237
1748 78.2237
1749 78.2237
1750 78.2237
1751 78.2237
1752 78.2237
1753 78.2237
1754 78.2237
1755 78.2237
1756 78.2237
1757 78.2237
1758 78.2237
1759 78.2237
1760 78.2237
1761 78.2237
1762 78.2237
1763 78.2237
1764 78.2237
1765 78.2237
1766 78.2237
1767 78.2237
1768 78.2237
1769 78.2237
1770 78.2237
1771 78.2237
1772 78.2237
1773 78.2237
1774 78.2237
1775 78.2237
1776 78.2237
1777 78.2237
1778 78.2237
1779 78.2237
1780 78.2237
1781 78.2237
1782 78.2237
1783 78.2237
1784 78.2237
1785 78.2237
1786 78.2237
1787 78.2237
1788 78.2237
1789 78.2237
1790 78.2237
1791 78.2237
1792 78.2237
1793 78.2237
1794 78.2237
1795 78.2237
1796 78.2237
1797 78.2237
1798 78.2237
1799 78.2237
1800 78.2237
1801 78.2237
1802 78.2237
1803 78.2237
1804 78.2237
1805 78.2237
1806 78.2237
1807 78.2237
1808 78.2237
1809 78.2237
1810 78.2237
1811 78.2237
1812 78.2237
1813 78.2237
1814 78.2237
1815 78.2237
1816 78.2237
1817 78.2237
1818 78.2237
1819 78.2237
1820 78.2237
1821 78.2237
1822 78.2237
1823 78.2237
1824 78.2237
1825 78.2237
1826 78.2237
1827 78.2237
1828 78.2237
1829 78.2237
1830 78.2237
1831 78.2237
1832 78.2237
1833 78.2237
1834 78.2237
1835 78.2237
1836 78.2237
1837 78.2237
1838 78.2237
1839 78.2237
1840 78.2237
1841 78.2237
1842 78.2237
1843 78.2237
1844 78.2237
1845 78.2237
1846 78.2237
1847 78.2237
1848 78.2237
1849 78.2237
1850 78.2237
1851 78.2237
1852 78.2237
1853 78.2237
1854 78.2237
1855 78.2237
1856 78.2237
1857 78.2237
1858 78.2237
1859 78.2237
1860 78.2237
1861 78.2237
1862 78.2237
1863 78.2237
1864 78.2237
1865 78.2237
1866 78.2237
1867 78.2237
1868 78.2237
1869 78.2237
1870 78.2237
1871 78.2237
1872 78.2237
1873 78.2237
1874 78.2237
1875 78.2237
1876 78.2237
1877 78.2237
1878 78.2237
1879 78.2237
1880 78.2237
1881 78.0072
1882 78.0072
1883 78.0072
1884 78.0072
1885 78.0072
1886 78.0072
1887 78.0072
1888 78.0072
1889 78.0072
1890 78.0072
1891 78.0072
1892 78.0072
1893 78.0072
1894 78.0072
1895 78.0072
1896 78.0072
1897 78.0072
1898 78.0072
1899 78.0072
1900 77.9422
1901 77.9422
1902 77.9422
1903 77.9422
1904 77.9422
1905 77.9422
1906 77.9422
1907 77.9422
1908 77.9422
1909 77.9422
1910 77.9422
1911 77.6088
1912 77.6088
1913 77.6088
1914 77.6088
1915 77.6088
1916 77.6088
1917 77.6088
1918 77.6088
1919 77.6088
1920 77.6088
1921 77.6088
1922 77.6088
1923 77.6088
1924 77.6088
1925 77.6088
1926 77.6088
1927 77.6088
1928 77.6088
1929 77.6088
1930 77.6088
1931 77.6088
1932 77.6088
1933 77.6088
1934 77.6088
1935 77.6088
1936 77.6088
1937 77.6088
1938 77.6088
1939 77.6088
1940 77.6088
1941 77.6088
1942 77.6088
1943 77.6088
1944 77.6088
1945 77.6088
1946 77.6088
1947 77.6088
1948 77.6088
1949 77.6088
1950 77.6088
1951 77.6088
1952 77.6088
1953 77.6088
1954 77.6088
1955 77.6088
1956 77.6088
1957 77.6088
1958 77.6088
1959 77.6088
1960 77.6088
1961 77.6088
1962 77.6088
1963 77.6088
1964 77.6088
1965 77.6088
1966 77.6088
1967 77.6088
1968 77.6088
1969 77.6088
1970 77.6088
1971 77.6088
1972 77.6088
1973 77.6088
1974 77.6088
1975 77.6088
1976 77.6088
1977 77.6088
1978 77.6088
1979 77.6088
1980 77.6088
1981 77.6088
1982 77.6088
1983 77.6088
1984 77.6088
1985 77.6088
1986 77.6088
1987 77.6088
1988 77.6088
1989 77.6088
1990 77.6088
1991 77.6088
1992 77.6088
1993 77.6088
1994 77.6088
1995 77.6088
1996 77.6088
1997 77.6088
1998 77.6088
1999 77.6088
2000 77.6088
2001 77.6088
2002 77.6088
2003 77.6088
2004 77.6088
2005 77.6088
2006 77.6088
2007 77.6088
2008 77.6088
2009 77.6088
2010 77.6088
2011 77.6088
2012 77.6088
2013 77.6088
2014 77.6088
2015 77.6088
2016 77.5811
2017 77.5811
2018 77.5811
2019 77.5811
2020 77.5811
2021 77.5811
2022 77.5811
2023 77.5811
2024 77.5811
2025 77.5811
2026 77.5811
2027 77.5811
2028 77.5811
2029 77.5811
2030 77.5811
2031 77.5811
2032 77.5811
2033 77.5811
2034 77.5811
2035 77.5811
2036 77.5811
2037 77.5811
2038 77.5811
2039 77.5811
2040 77.5811
2041 77.5811
2042 77.5811
2043 77.5811
2044 77.5811
2045 77.5811
2046 77.5811
2047 77.5811
2048 77.5811
2049 77.5811
2050 77.5811
2051 77.5811
2052 77.5811
2053 77.5811
2054 77.5811
2055 77.5811
2056 77.5811
2057 77.5811
2058 77.5811
2059 77.5811
2060 77.5811
2061 77.5811
2062 77.5811
2063 77.5811
2064 77.5811
2065 77.5811
2066 77.5811
2067 77.5811
2068 77.5811
2069 77.5811
2070 77.5811
2071 77.5811
2072 77.5811
2073 77.5811
2074 77.5811
2075 77.5811
2076 77.5811
2077 77.5811
2078 77.5811
2079 77.5811
2080 77.5811
2081 77.5811
2082 77.5811
2083 77.5811
2084 77.5811
2085 77.5811
2086 77.5811
2087 77.5811
2088 77.5811
2089 77.5811
2090 77.5811
2091 77.5811
2092 77.5811
2093 77.5811
2094 77.5811
2095 77.5811
2096 77.5811
2097 77.5811
2098 77.5811
2099 77.5811
2100 77.5811
2101 77.5811
2102 77.5811
2103 77.5811
2104 77.5811
2105 77.5811
2106 77.5811
2107 77.5811
2108 77.5811
2109 77.5811
2110 77.5811
2111 77.5811
2112 77.5811
2113 77.5811
2114 77.5811
2115 77.5811
2116 77.5811
2117 77.5811
2118 77.5811
2119 77.5811
2120 77.5811
2121 77.5811
2122 77.5811
2123 77.5811
2124 77.5811
2125 77.5811
2126 77.5811
2127 77.5811
2128 77.5811
2129 77.5811
2130 77.5811
2131 77.5811
2132 77.5811
2133 77.5811
2134 77.5811
2135 77.5811
2136 77.5811
2137 77.5811
2138 77.5811
2139 77.5811
2140 77.3611
2141 77.3611
2142 77.3611
2143 77.3611
2144 77.3611
2145 77.3611
2146 77.3611
2147 77.3611
2148 77.3611
2149 77.3611
2150 77.3611
2151 77.3611
2152 77.3611
2153 77.3611
2154 77.3611
2155 77.3611
2156 77.3611
2157 77.3611
2158 77.3611
2159 77.3611
2160 77.3611
2161 77.3611
2162 77.3611
2163 77.3611
2164 77.3611
2165 77.3611
2166 77.3611
2167 77.3611
2168 77.3611
2169 77.3611
2170 77.3611
2171 77.3611
2172 77.3611
2173 77.3611
2174 77.3611
2175 77.3611
2176 77.3611
2177 77.3611
2178 77.3611
2179 77.3611
2180 77.3611
2181 77.3611
2182 77.3611
2183 77.3611
2184 77.3611
2185 77.3611
2186 77.3611
2187 77.3611
2188 77.3611
2189 77.3611
2190 77.3611
2191 77.3611
2192 77.3611
2193 77.3611
2194 77.3611
2195 77.3611
2196 77.3611
2197 77.3611
2198 77.3611
2199 77.3611
2200 77.3611
2201 77.3611
2202 77.3611
2203 77.3611
2204 77.3611
2205 77.3611
2206 77.3611
2207 77.3611
2208 77.3611
2209 77.3611
2210 77.3611
2211 77.3611
2212 77.3611
2213 77.3611
2214 77.3611
2215 77.3611
2216 77.3611
2217 77.3611
2218 77.3611
2219 77.3611
2220 77.3611
2221 77.3611
2222 77.3611
2223 77.3611
2224 77.3611
2225 77.3611
2226 77.3611
2227 77.3611
2228 77.3611
2229 77.3611
2230 77.3611
2231 77.3611
2232 77.3611
2233 77.3611
2234 77.137
2235 77.137
2236 77.137
2237 77.137
2238 77.137
2239 77.137
2240 77.137
2241 77.137
2242 76.1182
2243 76.1182
2244 76.1182
2245 76.1182
2246 76.1182
2247 76.1182
2248 76.1182
2249 76.1182
2250 76.1182
2251 76.1182
2252 76.1182
2253 76.1182
2254 76.1182
2255 76.1182
2256 76.1182
2257 76.1182
2258 76.1182
2259 76.1182
2260 76.1182
2261 76.1182
2262 76.1182
2263 76.1182
2264 76.1182
2265 76.1182
2266 76.1182
2267 76.1182
2268 76.1182
2269 76.1182
2270 76.1182
2271 76.1182
2272 76.1182
2273 76.1182
2274 76.1182
2275 76.1182
2276 76.1182
2277 76.1182
2278 76.1182
2279 76.1182
2280 76.1182
2281 76.1182
2282 76.1182
2283 76.1182
2284 76.1182
2285 76.1182
2286 76.1182
2287 76.1182
2288 76.1182
2289 76.1182
2290 76.1182
2291 76.1182
2292 76.1182
2293 76.1182
2294 76.1182
2295 76.1182
2296 76.1182
2297 76.1182
2298 76.1182
2299 76.1182
2300 76.1182
2301 76.1182
2302 76.1182
2303 76.1182
2304 76.1182
2305 76.1182
2306 76.1182
2307 76.1182
2308 76.1182
2309 76.1182
2310 76.1182
2311 76.1182
2312 76.1182
2313 76.1182
2314 76.1182
2315 76.1182
2316 76.1182
2317 76.1182
2318 76.1182
2319 76.1182
2320 76.1182
2321 76.1182
2322 76.1182
2323 76.1182
2324 76.1182
2325 76.1182
2326 76.1182
2327 76.1182
2328 76.1182
2329 76.1182
2330 76.1182
2331 76.1182
2332 76.1182
2333 76.1182
2334 76.1182
2335 76.1182
2336 76.1182
2337 76.1182
2338 76.1182
2339 76.1182
2340 76.1182
2341 76.1182
2342 76.1182
2343 76.1182
2344 76.1182
2345 76.1182
2346 76.1182
2347 76.1182
2348 76.1182
2349 76.1182
2350 76.1182
2351 76.1182
2352 76.1182
2353 76.1182
2354 76.1182
2355 76.1182
2356 76.1182
2357 76.1182
2358 76.1182
2359 76.1182
2360 76.1182
2361 76.1182
2362 76.1182
2363 76.1182
2364 76.1182
2365 76.1182
2366 76.1182
2367 76.1182
2368 76.1182
2369 76.1182
2370 76.1182
2371 76.1182
2372 76.1182
2373 76.1182
2374 76.1182
2375 76.1182
2376 76.1182
2377 76.1182
2378 76.1182
2379 76.1182
2380 76.1182
2381 76.1182
2382 76.1182
2383 76.1182
2384 76.1182
2385 76.1182
2386 76.1182
2387 76.1182
2388 76.1182
2389 76.1182
2390 76.1182
2391 76.1182
2392 76.1182
2393 76.1182
2394 76.1182
2395 76.1182
2396 76.1182
2397 76.1182
2398 76.1182
2399 76.1182
2400 76.1182
2401 76.1182
2402 76.1182
2403 76.1182
2404 76.1182
2405 76.1182
2406 76.1182
2407 76.1182
2408 76.1182
2409 76.1182
2410 76.1182
2411 76.1182
2412 76.1182
2413 76.1182
2414 76.1182
2415 76.1182
2416 76.1182
2417 76.1182
2418 76.1182
2419 76.1182
2420 76.1182
2421 76.1182
2422 76.1182
2423 76.1182
2424 76.1182
2425 76.1182
2426 76.1182
2427 76.1182
2428 76.1182
2429 76.1182
2430 76.1182
2431 76.1182
2432 76.1182
2433 76.1182
2434 76.1182
2435 76.1182
2436 76.1182
2437 76.1182
2438 76.1182
2439 76.1182
2440 76.1182
2441 76.1182
2442 76.1182
2443 76.1182
2444 76.1182
2445 76.1182
2446 76.1182
2447 76.1182
2448 76.1182
2449 76.1182
2450 76.1182
2451 76.1182
2452 76.1182
2453 76.1182
2454 76.1182
2455 76.1182
2456 76.1182
2457 76.1182
2458 76.1182
2459 76.1182
2460 76.1182
2461 76.1182
2462 76.1182
2463 76.1182
2464 76.1182
2465 76.1182
2466 76.1182
2467 76.1182
2468 76.1182
2469 76.1182
2470 76.1182
2471 76.1182
2472 76.1182
2473 76.1182
2474 76.1182
2475 76.1182
2476 76.1182
2477 76.1182
2478 76.1182
2479 76.1182
2480 76.1182
2481 76.1182
2482 76.1182
2483 76.1182
2484 76.1182
2485 76.1182
2486 76.1182
2487 76.1182
2488 76.1182
2489 76.1182
2490 76.1182
2491 76.1182
2492 76.1182
2493 76.1182
2494 76.1182
2495 76.1182
2496 76.1182
2497 76.1182
2498 76.1182
2499 76.1182
2500 76.1182
2501 76.1182
2502 76.1182
2503 76.1182
2504 76.1182
2505 76.1182
2506 76.1182
2507 76.1182
2508 76.1182
2509 76.1182
2510 76.1182
2511 76.1182
2512 76.1182
2513 76.1182
2514 76.1182
2515 76.1182
2516 76.1182
2517 76.1182
2518 76.1182
2519 76.1182
2520 76.1182
2521 76.1182
2522 76.1182
2523 76.1182
2524 76.1182
2525 76.1182
2526 76.1182
2527 76.1182
2528 76.1182
2529 76.1182
2530 76.1182
2531 76.1182
2532 76.1182
2533 76.1182
2534 75.1432
2535 75.1432
2536 75.1432
2537 75.1432
2538 75.1432
2539 75.1432
2540 75.1432
2541 75.1432
2542 75.1432
2543 75.1432
2544 75.1432
2545 75.1432
2546 75.1432
2547 75.1432
2548 75.1432
2549 75.1432
2550 75.1432
2551 75.1432
2552 75.1432
2553 75.1432
2554 75.1432
2555 75.1432
2556 75.1432
2557 75.1432
2558 75.1432
2559 75.1432
2560 75.1432
2561 75.1432
2562 75.1432
2563 75.1432
2564 75.1432
2565 75.1432
2566 75.1432
2567 75.1432
2568 75.1432
2569 75.1432
2570 75.1432
2571 75.1432
2572 75.1432
2573 75.1432
2574 75.1432
2575 75.1432
2576 75.1432
2577 75.1432
2578 75.1432
2579 75.1432
2580 75.1432
2581 75.1432
2582 75.1432
2583 75.1432
2584 75.1432
2585 75.1432
2586 75.1432
2587 75.1432
2588 75.1432
2589 75.1432
2590 75.1432
2591 75.1432
2592 75.1432
2593 75.1432
2594 75.1432
2595 75.1432
2596 75.1432
2597 75.1432
2598 75.1432
2599 75.1432
2600 75.1432
2601 75.1432
2602 75.1432
2603 75.1432
2604 75.1432
2605 75.1432
2606 75.1432
2607 75.1432
2608 75.1432
2609 75.1432
2610 75.1432
2611 75.1432
2612 75.1432
2613 75.1432
2614 75.1432
2615 75.1432
2616 75.1432
2617 75.1432
2618 75.1432
2619 75.1432
2620 75.1432
2621 75.1432
2622 75.1432
2623 75.1432
2624 75.1432
2625 75.1432
2626 75.1432
2627 75.1432
2628 75.1432
2629 75.1432
2630 75.1432
2631 75.1432
2632 75.1432
2633 75.1432
2634 75.1432
2635 75.1432
2636 75.1432
2637 75.1432
2638 75.1432
2639 75.1432
2640 75.1432
2641 75.1432
2642 75.1432
2643 75.1432
2644 75.1432
2645 75.1432
2646 75.1432
2647 75.1432
2648 75.1432
2649 75.1432
2650 75.1432
2651 75.1432
2652 75.1432
2653 75.1432
2654 75.1432
2655 75.1432
2656 75.1432
2657 75.1432
2658 75.1432
2659 75.1432
2660 75.1432
2661 75.1432
2662 75.1432
2663 75.1432
2664 75.1432
2665 75.1432
2666 75.1432
2667 75.1432
2668 75.1432
2669 75.1432
2670 75.1432
2671 75.1432
2672 75.1432
2673 75.1432
2674 75.1432
2675 75.1432
2676 75.1432
2677 75.1432
2678 75.1432
2679 75.1432
2680 75.1432
2681 75.1432
2682 75.1432
2683 75.1432
2684 75.1432
2685 75.1432
2686 75.1432
2687 75.1432
2688 75.1432
2689 75.1432
2690 75.1432
2691 75.1432
2692 75.1432
2693 75.1432
2694 75.1432
2695 75.1432
2696 75.1432
2697 75.1432
2698 75.1432
2699 75.1432
2700 75.1432
2701 75.1432
2702 75.1432
2703 75.1432
2704 75.1432
2705 75.1432
2706 75.1432
2707 75.1432
2708 75.1432
2709 75.1432
2710 75.1432
2711 75.1432
2712 75.1432
2713 75.1432
2714 75.1432
2715 75.1432
2716 75.1432
2717 75.1432
2718 75.1432
2719 75.1432
2720 75.1432
2721 75.1432
2722 75.1432
2723 75.1432
2724 75.1432
2725 75.1432
2726 75.1432
2727 75.1432
2728 75.1432
2729 75.1432
2730 75.1432
2731 75.1432
2732 75.1432
2733 75.1432
2734 75.1432
2735 75.1432
2736 75.1432
2737 75.1432
2738 75.1432
2739 75.1432
2740 75.1432
2741 75.1432
2742 75.1432
2743 75.1432
2744 75.1432
2745 75.1432
2746 75.1432
2747 75.1432
2748 75.1432
2749 75.1432
2750 75.1432
2751 75.1432
2752 75.1432
2753 75.1432
2754 75.1432
2755 75.1432
2756 75.1432
2757 75.1432
2758 75.1432
2759 75.1432
2760 75.1432
2761 75.1432
2762 75.1432
2763 75.1432
2764 75.1432
2765 75.1432
2766 75.1432
2767 75.1432
2768 75.1432
2769 75.1432
2770 75.1432
2771 75.1432
2772 75.1432
2773 75.1432
2774 75.1432
2775 75.1432
2776 75.1432
2777 75.1432
2778 75.1432
2779 75.1432
2780 75.1432
2781 75.1432
2782 75.1432
2783 75.1432
2784 75.1432
2785 75.1432
2786 75.1432
2787 75.1432
2788 75.1432
2789 75.1432
2790 75.1432
2791 75.1432
2792 75.1432
2793 75.1432
2794 75.1432
2795 75.1432
2796 75.1432
2797 75.1432
2798 75.1432
2799 75.1432
2800 75.1432
2801 75.1432
2802 75.1432
2803 75.1432
2804 75.1432
2805 75.1432
2806 75.1432
2807 75.1432
2808 75.1432
2809 75.1432
2810 75.1432
2811 75.1432
2812 75.1432
2813 75.1432
2814 75.1432
2815 75.1432
2816 75.1432
2817 75.1432
2818 75.1432
2819 75.1432
2820 75.1432
2821 75.1432
2822 75.1432
2823 75.1432
2824 75.1432
2825 75.1432
2826 75.1432
2827 75.1432
2828 75.1432
2829 75.1432
2830 75.1432
2831 75.1432
2832 75.1432
2833 75.1432
2834 75.1432
2835 75.1432
2836 74.9884
2837 74.9884
2838 74.9884
2839 74.9884
2840 74.9884
2841 74.9884
2842 74.9884
2843 74.9884
2844 74.9884
2845 74.9884
2846 74.9884
2847 74.9884
2848 74.9884
2849 74.9884
2850 74.9884
2851 74.9884
2852 74.9884
2853 74.9884
2854 74.9884
2855 74.9884
2856 74.9884
2857 74.9884
2858 74.9884
2859 74.9884
2860 74.9884
2861 74.9884
2862 74.9884
2863 74.9884
2864 74.9884
2865 74.9884
2866 74.9884
2867 74.9884
2868 74.9884
2869 74.9884
2870 74.9884
2871 74.9884
2872 74.9884
2873 74.9884
2874 74.9884
2875 74.9884
2876 74.9884
2877 74.9884
2878 74.9884
2879 74.9884
2880 74.9884
2881 74.9884
2882 74.9884
2883 74.9884
2884 74.9884
2885 74.9884
2886 74.9884
2887 74.9884
2888 74.9884
2889 74.9884
2890 74.9884
2891 74.9884
2892 74.9884
2893 74.9884
2894 74.9884
2895 74.9884
2896 74.9884
2897 74.9884
2898 74.9884
2899 74.9884
2900 74.9884
2901 74.9884
2902 74.9884
2903 74.9884
2904 74.9884
2905 74.9884
2906 74.9884
2907 74.9884
2908 74.9884
2909 74.9884
2910 74.9884
2911 74.9884
2912 74.9884
2913 74.9884
2914 74.9884
2915 74.9884
2916 74.9884
2917 74.9884
2918 74.9884
2919 74.9884
2920 74.9884
2921 74.9884
2922 74.9884
2923 74.9884
2924 74.9884
2925 74.9884
2926 74.9884
2927 74.9884
2928 74.9884
2929 74.9884
2930 74.9884
2931 74.9884
2932 74.9884
2933 74.9884
2934 74.9884
2935 74.9884
2936 74.9884
2937 74.9884
2938 74.9884
2939 74.9884
2940 74.9884
2941 74.9884
2942 74.9884
2943 74.9884
2944 74.9884
2945 74.9884
2946 74.9884
2947 74.9884
2948 74.9884
2949 74.9884
2950 74.9884
2951 74.9884
2952 74.9884
2953 74.9884
2954 74.9884
2955 74.9884
2956 74.9884
2957 74.9884
2958 74.9884
2959 74.9884
2960 74.9884
2961 74.9884
2962 74.9884
2963 74.9884
2964 74.9884
2965 74.9884
2966 74.9884
2967 74.9884
2968 74.9884
2969 74.9884
2970 74.9884
2971 74.9884
2972 74.9884
2973 74.9884
2974 74.9884
2975 74.9884
2976 74.9884
2977 74.9884
2978 74.9884
2979 74.9884
2980 74.9884
2981 74.9884
2982 74.9884
2983 74.9884
2984 74.9884
2985 74.9884
2986 74.9884
2987 74.9884
2988 74.9884
2989 74.9884
2990 74.9884
2991 74.9884
2992 74.9884
2993 74.9884
2994 74.9884
2995 74.9884
2996 74.9884
2997 74.9884
2998 74.9884
2999 74.9884
3000 74.9884
3001 74.9884
3002 74.9884
3003 74.9884
3004 74.9884
3005 74.9884
3006 74.9884
3007 74.9884
3008 74.9884
3009 74.9884
3010 74.9884
3011 74.9884
3012 74.9884
3013 74.9884
3014 74.9884
3015 74.9884
3016 74.9884
3017 74.9884
3018 74.9884
3019 74.9884
3020 74.9884
3021 74.9884
3022 74.9884
3023 74.9884
3024 74.9884
3025 74.9884
3026 74.9884
3027 74.9884
3028 74.9884
3029 74.9884
3030 74.9884
3031 74.9884
3032 74.9884
3033 74.9884
3034 74.9884
3035 74.9884
3036 74.9884
3037 74.9884
3038 74.9884
3039 74.9884
3040 74.9884
3041 74.9884
3042 74.9884
3043 74.9884
3044 74.9884
3045 74.9884
3046 74.9884
3047 74.9884
3048 74.9884
3049 74.9884
3050 74.9884
3051 74.9884
3052 74.9884
3053 74.9884
3054 74.9884
3055 74.9884
3056 74.9884
3057 74.9884
3058 74.9884
3059 74.9884
3060 74.9884
3061 74.9884
3062 74.9884
3063 74.9884
3064 74.9884
3065 74.9884
3066 74.9884
3067 74.9884
3068 74.9884
3069 74.9884
3070 74.9884
3071 74.9884
3072 74.9884
3073 74.9884
3074 74.9884
3075 74.9884
3076 74.9884
3077 74.9884
3078 74.9884
3079 74.9884
3080 74.9884
3081 74.9884
3082 74.9884
3083 74.9884
3084 74.9884
3085 74.9884
3086 74.9884
3087 74.9884
3088 74.9884
3089 74.9884
3090 74.9884
3091 74.9884
3092 74.9884
3093 74.9884
3094 74.9884
3095 74.9884
3096 74.9884
3097 74.9884
3098 74.9884
3099 74.9884
3100 74.9884
3101 74.9884
3102 74.9884
3103 74.9884
3104 74.9884
3105 74.9884
3106 74.9884
3107 74.9884
3108 74.9884
3109 74.9884
3110 74.9884
3111 74.9884
3112 74.9884
3113 74.9884
3114 74.9884
3115 74.9884
3116 74.9884
3117 74.9884
3118 74.9884
3119 74.9884
3120 74.9884
3121 74.9884
3122 74.9884
3123 74.9884
3124 74.9884
3125 74.9884
3126 74.9884
3127 74.9884
3128 74.9884
3129 74.9884
3130 74.9884
3131 74.9884
3132 74.9884
3133 74.9884
3134 74.1817
3135 74.1817
3136 74.1817
3137 74.1817
3138 74.1817
3139 74.1817
3140 74.1817
3141 74.1817
3142 74.1817
3143 74.1817
3144 74.1817
3145 74.1817
3146 74.1817
3147 74.1817
3148 74.1817
3149 74.1817
3150 74.1817
3151 74.1817
3152 74.1817
3153 74.1817
3154 74.1817
3155 74.1817
3156 74.1817
3157 74.1817
3158 74.1817
3159 74.1817
3160 74.1817
3161 74.1817
3162 74.1817
3163 74.1817
3164 74.1817
3165 74.1817
3166 74.1817
3167 74.1817
3168 74.1817
3169 74.1817
3170 74.1817
3171 74.1817
3172 74.1817
3173 74.1817
3174 74.1817
3175 74.1817
3176 74.1817
3177 74.1817
3178 74.1817
3179 74.1817
3180 74.1817
3181 74.1817
3182 74.1817
3183 74.1817
3184 74.1817
3185 74.1817
3186 74.1817
3187 74.1817
3188 74.1817
3189 74.1817
3190 74.1817
3191 74.1817
3192 74.1817
3193 74.1817
3194 74.1817
3195 74.1817
3196 74.1817
3197 74.1817
3198 74.1817
3199 74.1817
3200 74.1817
3201 74.1817
3202 74.1817
3203 74.1817
3204 74.1817
3205 74.1817
3206 74.1817
3207 74.1817
3208 74.1817
3209 74.1817
3210 74.1817
3211 74.1817
3212 74.1817
3213 74.1817
3214 74.1817
3215 74.1817
3216 74.1817
3217 74.1817
3218 74.1817
3219 74.1817
3220 74.1817
3221 74.1817
3222 74.1817
3223 74.1817
3224 74.1817
3225 74.1817
3226 74.1817
3227 74.1817
3228 74.1817
3229 74.1817
3230 74.1817
3231 74.1817
3232 74.1817
3233 74.1817
3234 74.1817
3235 74.1817
3236 74.1817
3237 74.1817
3238 74.1817
3239 74.1817
3240 74.1817
3241 74.1817
3242 74.1817
3243 74.1817
3244 74.1817
3245 74.1817
3246 74.1817
3247 74.1817
3248 74.1817
3249 74.1817
3250 74.1817
3251 74.1817
3252 74.1817
3253 74.1817
3254 74.1817
3255 74.1817
3256 74.1817
3257 74.1817
3258 74.1817
3259 74.1817
3260 74.1817
3261 74.1817
3262 74.1817
3263 74.1817
3264 74.1817
3265 74.1817
3266 74.1817
3267 74.1817
3268 74.1817
3269 74.1817
3270 74.1817
3271 74.1817
3272 74.1817
3273 74.1817
3274 73.8497
3275 73.8497
3276 73.8497
3277 73.8497
3278 73.8497
3279 73.8497
3280 73.8497
3281 73.8497
3282 73.8497
3283 73.8497
3284 73.8497
3285 73.8497
3286 73.8497
3287 73.8497
3288 73.8497
3289 73.8497
3290 73.8497
3291 73.8497
3292 73.8497
3293 73.8497
3294 73.8497
3295 73.8497
3296 73.8497
3297 73.8497
3298 73.8497
3299 73.8497
3300 73.8497
3301 73.8497
3302 73.8497
3303 73.8497
3304 73.8497
3305 73.8497
3306 73.8497
3307 73.8497
3308 73.8497
3309 73.8497
3310 73.8497
3311 73.8497
3312 73.8497
3313 73.8497
3314 73.8497
3315 73.8497
3316 73.8497
3317 73.8497
3318 73.8497
3319 73.8497
3320 73.8497
3321 73.8497
3322 73.8497
3323 73.8497
3324 73.8497
3325 73.8497
3326 73.8497
3327 73.8497
3328 73.8497
3329 73.8497
3330 73.8497
3331 73.8497
3332 73.8497
3333 73.8497
3334 73.8497
3335 73.8497
3336 73.8497
3337 73.8497
3338 73.8497
3339 73.8497
3340 73.8497
3341 73.8497
3342 73.8497
3343 73.8497
3344 73.8497
3345 73.8497
3346 73.8497
3347 73.8497
3348 73.8497
3349 73.8497
3350 73.8497
3351 73.8497
3352 73.8497
3353 73.8497
3354 73.8497
3355 73.8497
3356 73.8497
3357 73.8497
3358 73.8497
3359 73.8497
3360 73.8497
3361 73.8497
3362 73.8497
3363 73.8497
3364 73.8497
3365 73.8497
3366 73.8497
3367 73.8497
3368 73.8497
3369 73.8497
3370 73.8497
3371 73.8497
3372 73.8497
3373 73.8497
3374 73.8497
3375 73.8497
3376 73.8497
3377 73.8497
3378 73.8497
3379 73.8497
3380 73.8497
3381 73.8497
3382 73.8497
3383 73.8497
3384 73.8497
3385 73.8497
3386 73.8497
3387 73.8497
3388 73.8497
3389 73.8497
3390 73.8497
3391 73.8497
3392 73.8497
3393 73.8497
3394 73.8497
3395 73.8497
3396 73.8497
3397 73.8497
3398 73.8497
3399 73.8497
3400 73.8497
3401 73.8497
3402 73.8497
3403 73.8497
3404 73.8497
3405 73.8497
3406 73.8497
3407 73.8497
3408 73.8497
3409 73.8497
3410 73.8497
3411 73.8497
3412 73.8497
3413 73.8497
3414 73.8497
3415 73.8497
3416 73.8497
3417 73.8497
3418 73.8497
3419 73.8497
3420 73.8497
3421 73.8497
3422 73.8497
3423 73.8497
3424 73.8497
3425 73.8497
3426 73.8497
3427 73.8497
3428 73.8497
3429 73.8497
3430 73.8497
3431 73.8497
3432 73.8497
3433 73.8497
3434 73.8497
3435 73.8497
3436 73.8497
3437 73.8497
3438 73.8497
3439 73.8497
3440 73.8497
3441 73.8497
3442 73.8497
3443 73.8497
3444 73.8497
3445 73.8497
3446 73.8497
3447 73.8497
3448 73.8497
3449 73.8497
3450 73.8497
3451 73.8497
3452 73.8497
3453 73.8497
3454 73.8497
3455 73.8497
3456 73.8497
3457 73.8497
3458 73.8497
3459 73.8497
3460 73.8497
3461 73.8497
3462 73.8497
3463 73.8497
3464 73.8497
3465 73.8497
3466 73.8497
3467 73.8497
3468 73.8497
3469 73.8497
3470 73.8497
3471 73.8497
3472 73.8497
3473 73.8497
3474 73.8497
3475 73.8497
3476 73.8497
3477 73.8497
3478 73.8497
3479 73.8497
3480 73.8497
3481 73.8497
3482 73.8497
3483 73.8497
3484 73.8497
3485 73.8497
3486 73.8497
3487 73.8497
3488 73.8497
3489 73.8497
3490 73.8497
3491 73.8497
3492 73.8497
3493 73.8497
3494 73.8497
3495 73.8497
3496 73.8497
3497 73.8497
3498 73.8497
3499 73.8497
3500 73.8497
3501 73.8497
3502 73.8497
3503 73.8497
3504 73.8497
3505 73.8497
3506 73.8497
3507 73.8497
3508 73.8497
3509 73.8497
3510 73.8497
3511 73.8497
3512 73.8497
3513 73.8497
3514 73.8497
3515 73.8497
3516 73.8497
3517 73.8497
3518 73.8497
3519 73.8497
3520 73.8497
3521 73.8497
3522 73.8497
3523 73.8497
3524 73.8497
3525 73.8497
3526 73.8497
3527 73.8497
3528 73.8497
3529 73.8497
3530 73.8497
3531 73.8497
3532 73.8497
3533 73.8497
3534 73.8497
3535 73.8497
3536 73.8497
3537 73.8497
3538 73.8497
3539 73.8497
3540 73.8497
3541 73.8497
3542 73.8497
3543 73.8497
3544 73.8497
3545 73.8497
3546 73.8497
3547 73.8497
3548 73.8497
3549 73.8497
3550 73.8497
3551 73.8497
3552 73.8497
3553 73.8497
3554 73.8497
3555 73.8497
3556 73.8497
3557 73.8497
3558 73.8497
3559 73.8497
3560 73.8497
3561 73.8497
3562 73.8497
3563 73.8497
3564 73.8497
3565 73.8497
3566 73.8497
3567 73.8497
3568 73.8497
3569 73.8497
3570 73.8497
3571 73.8497
3572 73.8497
3573 73.8497
3574 73.8497
3575 73.8497
3576 73.8497
3577 73.8497
3578 73.8497
3579 73.8497
3580 73.8497
3581 73.8497
3582 73.8497
3583 73.8497
3584 73.8497
3585 73.8497
3586 73.8497
3587 73.8497
3588 73.8497
3589 73.8497
3590 73.8497
3591 73.8497
3592 73.8497
3593 73.8497
3594 73.8497
3595 73.8497
3596 73.8497
3597 73.8497
3598 73.8497
3599 73.8497
3600 73.8497
3601 73.8497
3602 73.8497
3603 73.8497
3604 73.8497
3605 73.8497
3606 73.8497
3607 73.8497
3608 73.8497
3609 73.8497
3610 73.8497
3611 73.8497
3612 73.8497
3613 73.8497
3614 73.8497
3615 73.8497
3616 73.8497
3617 73.8497
3618 73.8497
3619 73.8497
3620 73.8497
3621 73.8497
3622 73.8497
3623 73.8497
3624 73.8497
3625 73.8497
3626 73.8497
3627 73.8497
3628 73.8497
3629 73.8497
3630 73.8497
3631 73.8497
3632 73.8497
3633 73.8497
3634 73.8497
3635 73.8497
3636 73.8497
3637 73.8497
3638 73.8497
3639 73.8497
3640 73.8497
3641 73.8497
3642 73.8497
3643 73.8497
3644 73.8497
3645 73.8497
3646 73.8497
3647 73.8497
3648 73.8497
3649 73.8497
3650 73.8497
3651 73.8497
3652 73.8497
3653 73.8497
3654 73.8497
3655 73.8497
3656 73.8497
3657 73.8497
3658 73.8497
3659 73.8497
3660 73.8497
3661 73.8497
3662 73.8497
3663 73.8497
3664 73.8497
3665 73.8497
3666 73.8497
3667 73.8497
3668 73.8497
3669 73.8497
3670 73.8497
3671 73.8497
3672 73.8497
3673 73.8497
3674 73.8497
3675 73.8497
3676 73.8497
3677 73.8497
3678 73.8497
3679 73.8497
3680 73.8497
3681 73.8497
3682 73.8497
3683 73.8497
3684 73.8497
3685 73.8497
3686 73.8497
3687 73.8497
3688 73.8497
3689 73.8497
3690 73.8497
3691 73.8497
3692 73.8497
3693 73.8497
3694 73.8497
3695 73.8497
3696 73.8497
3697 73.8497
3698 73.8497
3699 73.8497
3700 73.8497
3701 73.8497
3702 73.8497
3703 73.8497
3704 73.8497
3705 73.8497
3706 73.8497
3707 73.8497
3708 73.8497
3709 73.8497
3710 73.8497
3711 73.8497
3712 73.8497
3713 73.8497
3714 73.8497
3715 73.8497
3716 73.8497
3717 73.8497
3718 73.8497
3719 73.8497
3720 73.8497
3721 73.8497
3722 73.8497
3723 73.8497
3724 73.8497
3725 73.8497
3726 73.8497
3727 73.8497
3728 73.8497
3729 73.8497
3730 73.8497
3731 73.8497
3732 73.8497
3733 73.8497
3734 73.8497
3735 73.8497
3736 73.8497
3737 73.8497
3738 73.8497
3739 73.8497
3740 73.8497
3741 73.8497
3742 73.8497
3743 73.8497
3744 73.8497
3745 73.8497
3746 73.8497
3747 73.8497
3748 73.8497
3749 73.8497
3750 73.8497
3751 73.8497
3752 73.8497
3753 73.8497
3754 73.8497
3755 73.8497
3756 73.8497
3757 73.8497
3758 73.8497
3759 73.8497
3760 73.8497
3761 73.8497
3762 73.8497
3763 73.8497
3764 73.8497
3765 73.8497
3766 73.8497
3767 73.8497
3768 73.8497
3769 73.8497
3770 73.8497
3771 73.8497
3772 73.8497
3773 73.8497
3774 73.8497
3775 73.8497
3776 73.8497
3777 73.8497
3778 73.8497
3779 73.8497
3780 73.8497
3781 73.8497
3782 73.8497
3783 73.8497
3784 73.8497
3785 73.8497
3786 73.8497
3787 73.7173
3788 73.7173
3789 73.431
3790 73.431
3791 73.431
3792 73.431
3793 73.431
3794 73.431
3795 73.431
3796 73.431
3797 73.431
3798 73.431
3799 73.431
3800 73.431
3801 73.431
3802 73.431
3803 73.431
3804 73.431
3805 73.431
3806 73.431
3807 73.431
3808 73.431
3809 73.431
3810 73.431
3811 73.431
3812 73.431
3813 73.431
3814 73.431
3815 73.431
3816 73.431
3817 73.431
3818 73.431
3819 73.431
3820 73.431
3821 73.431
3822 73.431
3823 73.431
3824 73.431
3825 73.431
3826 73.431
3827 73.431
3828 73.431
3829 73.431
3830 73.431
3831 73.431
3832 73.431
3833 73.431
3834 73.431
3835 73.431
3836 73.431
3837 73.431
3838 73.431
3839 73.431
3840 73.431
3841 73.431
3842 73.431
3843 73.431
3844 73.431
3845 73.431
3846 73.431
3847 73.431
3848 73.431
3849 73.431
3850 73.431
3851 73.431
3852 73.431
3853 73.431
3854 73.431
3855 73.431
3856 73.431
3857 73.431
3858 73.431
3859 73.431
3860 73.431
3861 73.431
3862 73.431
3863 73.431
3864 73.431
3865 73.431
3866 73.431
3867 73.431
3868 73.431
3869 73.431
3870 73.431
3871 73.431
3872 73.431
3873 73.431
3874 73.431
3875 73.431
3876 73.431
3877 73.431
3878 73.431
3879 73.431
3880 73.431
3881 73.431
3882 73.431
3883 73.431
3884 73.431
3885 73.431
3886 73.431
3887 73.431
3888 73.431
3889 73.431
3890 73.431
3891 73.431
3892 73.431
3893 73.431
3894 73.431
3895 73.431
3896 73.431
3897 73.431
3898 73.431
3899 73.431
3900 73.431
3901 73.431
3902 73.431
3903 73.431
3904 73.431
3905 73.431
3906 73.431
3907 73.431
3908 73.431
3909 73.431
3910 73.431
3911 73.431
3912 73.431
3913 73.431
3914 73.431
3915 73.431
3916 73.431
3917 73.431
3918 73.431
3919 73.431
3920 73.431
3921 73.431
3922 73.431
3923 73.431
3924 73.431
3925 73.431
3926 73.431
3927 73.431
3928 73.431
3929 73.431
3930 73.431
3931 73.431
3932 73.431
3933 73.431
3934 73.431
3935 73.431
3936 73.431
3937 73.431
3938 73.431
3939 73.431
3940 73.431
3941 73.431
3942 73.431
3943 73.431
3944 73.431
3945 73.431
3946 73.431
3947 73.431
3948 73.431
3949 73.431
3950 73.431
3951 73.431
3952 73.431
3953 73.431
3954 73.431
3955 73.431
3956 73.431
3957 73.431
3958 73.431
3959 73.431
3960 73.431
3961 73.431
3962 73.431
3963 73.431
3964 73.431
3965 73.431
3966 73.431
3967 73.431
3968 73.431
3969 73.431
3970 73.431
3971 73.431
3972 73.431
3973 73.431
3974 73.431
3975 73.431
3976 73.431
3977 73.431
3978 73.431
3979 73.431
3980 73.431
3981 73.431
3982 73.431
3983 73.431
3984 73.431
3985 73.431
3986 73.431
3987 73.431
3988 73.431
3989 73.431
3990 73.431
3991 73.431
3992 73.431
3993 73.431
3994 73.431
3995 73.431
3996 73.431
3997 73.431
3998 73.431
3999 73.431
4000 73.431
4001 73.431
4002 73.431
4003 73.431
4004 73.431
4005 73.431
4006 73.431
4007 73.431
4008 73.431
4009 73.431
4010 73.431
4011 73.431
4012 73.431
4013 73.431
4014 73.431
4015 73.431
4016 73.431
4017 73.431
4018 73.431
4019 73.431
4020 73.431
4021 73.431
4022 73.431
4023 73.431
4024 73.431
4025 73.431
4026 73.431
4027 73.431
4028 73.431
4029 73.431
4030 73.431
4031 73.431
4032 73.431
4033 73.431
4034 73.431
4035 73.431
4036 73.431
4037 73.431
4038 73.431
4039 73.431
4040 73.431
4041 73.431
4042 73.431
4043 73.431
4044 73.431
4045 73.431
4046 73.431
4047 73.431
4048 73.431
4049 73.431
4050 73.431
4051 73.431
4052 73.431
4053 73.431
4054 73.431
4055 73.431
4056 73.431
4057 73.431
4058 73.431
4059 73.431
4060 73.431
4061 73.431
4062 73.431
4063 73.431
4064 73.431
4065 73.431
4066 73.431
4067 73.431
4068 73.431
4069 73.431
4070 73.431
4071 73.431
4072 73.431
4073 73.431
4074 73.431
4075 73.431
4076 73.431
4077 73.431
4078 73.3557
4079 73.3557
4080 73.3557
4081 73.3557
4082 73.3557
4083 73.3557
4084 73.3557
4085 73.3557
4086 73.3557
4087 73.3557
4088 73.3557
4089 73.3557
4090 73.3557
4091 73.3557
4092 73.3557
4093 73.3557
4094 73.3557
4095 73.3557
4096 73.3557
4097 73.3557
4098 73.3557
4099 73.3557
4100 73.3557
4101 73.3557
4102 73.3557
4103 73.3557
4104 73.3557
4105 73.3557
4106 73.3557
4107 73.3557
4108 73.3557
4109 73.3557
4110 73.3557
4111 73.3557
4112 73.3557
4113 73.3557
4114 73.3557
4115 73.3557
4116 73.3557
4117 73.3557
4118 73.3557
4119 73.3557
4120 73.3557
4121 73.3557
4122 73.3557
4123 73.3557
4124 73.3557
4125 73.3557
4126 73.3557
4127 73.3557
4128 73.3557
4129 73.3557
4130 73.3557
4131 73.3557
4132 73.3557
4133 73.3557
4134 73.3557
4135 73.3557
4136 73.3557
4137 73.3557
4138 73.3557
4139 73.3557
4140 73.3557
4141 73.3557
4142 73.3557
4143 73.3557
4144 73.3557
4145 73.3557
4146 73.3557
4147 73.3557
4148 73.3557
4149 73.3557
4150 73.3557
4151 73.3557
4152 73.3557
4153 73.3557
4154 73.3557
4155 73.3557
4156 73.3557
4157 73.3557
4158 73.3557
4159 73.3557
4160 73.3557
4161 73.3557
4162 73.3557
4163 73.3557
4164 73.3557
4165 73.3557
4166 73.3557
4167 73.3557
4168 73.3557
4169 73.3557
4170 73.3557
4171 73.3557
4172 73.3557
4173 73.3557
4174 73.3557
4175 73.3557
4176 73.3557
4177 73.3557
4178 73.3557
4179 73.3557
4180 73.3557
4181 73.3557
4182 73.3557
4183 73.3557
4184 73.3557
4185 73.3557
4186 73.0547
4187 73.0547
4188 73.0547
4189 73.0547
4190 73.0547
4191 73.0547
4192 73.0547
4193 73.0547
4194 73.0547
4195 73.0547
4196 73.0547
4197 73.0547
4198 73.0547
4199 73.0547
4200 73.0547
4201 73.0038
4202 73.0038
4203 72.2593
4204 72.2593
4205 72.2593
4206 72.2593
4207 72.2593
4208 72.1724
4209 72.1724
4210 72.1724
4211 72.1724
4212 72.1724
4213 72.1724
4214 72.1724
4215 72.1724
4216 72.1724
4217 72.1724
4218 72.1724
4219 72.1724
4220 72.1724
4221 72.1724
4222 72.1724
4223 72.1724
4224 72.1724
4225 72.1724
4226 72.1724
4227 72.1724
4228 72.1724
4229 72.1724
4230 72.1724
4231 72.1724
4232 72.0089
4233 72.0089
4234 72.0089
4235 72.0089
4236 72.0089
4237 72.0089
4238 72.0089
4239 72.0089
4240 72.0089
4241 72.0089
4242 72.0089
4243 72.0089
4244 72.0089
4245 72.0089
4246 72.0089
4247 72.0089
4248 72.0089
4249 72.0089
4250 72.0089
4251 72.0089
4252 72.0089
4253 71.7145
4254 71.7145
4255 71.7145
4256 71.7145
4257 71.7145
4258 71.7145
4259 71.7145
4260 71.7145
4261 71.7145
4262 71.7145
4263 71.7145
4264 71.7145
4265 71.7145
4266 71.7145
4267 71.7145
4268 71.7145
4269 71.7145
4270 71.7145
4271 71.7145
4272 71.7145
4273 71.7145
4274 71.7145
4275 71.7145
4276 71.7145
4277 71.7145
4278 71.7145
4279 71.7145
4280 71.7145
4281 71.7145
4282 71.7145
4283 71.7145
4284 71.7145
4285 71.7145
4286 71.7145
4287 71.7145
4288 71.7145
4289 71.7145
4290 71.7145
4291 71.7145
4292 71.7145
4293 71.7145
4294 71.7145
4295 71.7145
4296 71.7145
4297 71.7145
4298 71.7145
4299 71.7145
4300 71.7145
4301 71.7145
4302 71.7145
4303 71.7145
4304 71.7145
4305 71.7145
4306 71.7145
4307 71.7145
4308 71.7145
4309 71.7145
4310 71.7145
4311 71.7145
4312 71.7145
4313 71.7145
4314 71.7145
4315 71.7145
4316 71.7145
4317 71.7145
4318 71.7145
4319 71.7145
4320 71.7145
4321 71.7145
4322 71.7145
4323 71.7145
4324 71.7145
4325 71.7145
4326 71.7145
4327 71.7145
4328 71.7145
4329 71.7145
4330 71.7145
4331 71.7145
4332 71.7145
4333 71.7145
4334 71.7145
4335 71.7145
4336 71.7145
4337 71.7145
4338 71.7145
4339 71.7145
4340 71.7145
4341 71.7145
4342 71.7145
4343 71.7145
4344 71.7145
4345 71.7145
4346 71.7145
4347 71.7145
4348 71.7145
4349 71.7145
4350 71.7145
4351 71.7145
4352 71.7145
4353 71.7145
4354 71.7145
4355 71.7145
4356 71.7145
4357 71.7145
4358 71.7145
4359 71.7145
4360 71.7145
4361 71.7145
4362 71.7145
4363 71.7145
4364 71.7145
4365 71.7145
4366 71.7145
4367 71.7145
4368 71.7145
4369 71.7145
4370 71.7145
4371 71.7145
4372 71.7145
4373 71.7145
4374 71.7145
4375 71.7145
4376 71.7145
4377 71.7145
4378 71.7145
4379 71.7145
4380 71.7145
4381 71.7145
4382 71.7145
4383 71.7145
4384 71.7145
4385 71.7145
4386 71.7145
4387 71.7145
4388 71.7145
4389 71.7145
4390 71.7145
4391 71.7145
4392 71.7145
4393 71.7145
4394 71.7145
4395 71.7145
4396 71.7145
4397 71.7145
4398 71.7145
4399 71.7145
4400 71.7145
4401 71.7145
4402 71.7145
4403 71.7145
4404 71.7145
4405 71.7145
4406 71.7145
4407 71.7145
4408 71.7145
4409 71.7145
4410 71.7145
4411 71.7145
4412 71.7145
4413 71.7145
4414 71.7145
4415 71.7145
4416 71.7145
4417 71.7145
4418 71.7145
4419 71.7145
4420 71.7145
4421 71.7145
4422 71.7145
4423 71.7145
4424 71.7145
4425 71.7145
4426 71.7145
4427 71.7145
4428 71.7145
4429 71.7145
4430 71.7145
4431 71.7145
4432 71.7145
4433 71.7145
4434 71.7145
4435 71.7145
4436 71.7145
4437 71.7145
4438 71.7145
4439 71.7145
4440 71.7145
4441 71.7145
4442 71.7145
4443 71.7145
4444 71.7145
4445 71.7145
4446 71.7145
4447 71.7145
4448 71.7145
4449 71.7145
4450 71.7145
4451 71.7145
4452 71.7145
4453 71.7145
4454 71.7145
4455 71.7145
4456 71.7145
4457 71.7145
4458 71.7145
4459 71.7145
4460 71.7145
4461 71.7145
4462 71.7145
4463 71.7145
4464 71.7145
4465 71.7145
4466 71.7145
4467 71.7145
4468 71.7145
4469 71.7145
4470 71.7145
4471 71.7145
4472 71.7145
4473 71.7145
4474 71.7145
4475 71.7145
4476 71.7145
4477 71.7145
4478 71.7145
4479 71.7145
4480 71.7145
4481 71.7145
4482 71.7145
4483 71.7145
4484 71.7145
4485 71.7145
4486 71.7145
4487 71.7145
4488 71.7145
4489 71.7145
4490 71.7145
4491 71.7145
4492 71.7145
4493 71.7145
4494 71.7145
4495 71.7145
4496 71.7145
4497 71.7145
4498 71.7145
4499 71.7145
4500 71.7145
4501 71.7145
4502 71.7145
4503 71.7145
4504 71.7145
4505 71.7145
4506 71.7145
4507 71.7145
4508 71.7145
4509 71.7145
4510 71.7145
4511 71.7145
4512 71.7145
4513 71.7145
4514 71.7145
4515 71.7145
4516 71.7145
4517 71.7145
4518 71.7145
4519 71.7145
4520 71.7145
4521 71.7145
4522 71.7145
4523 71.7145
4524 71.7145
4525 71.7145
4526 71.7145
4527 71.7145
4528 71.7145
4529 71.7145
4530 71.7145
4531 71.7145
4532 71.7145
4533 71.7145
4534 71.7145
4535 71.7145
4536 71.7145
4537 71.7145
4538 71.7145
4539 71.7145
4540 71.7145
4541 71.7145
4542 71.7145
4543 71.7145
4544 71.7145
4545 71.7145
4546 71.7145
4547 71.7145
4548 71.7145
4549 71.7145
4550 71.7145
4551 71.7145
4552 71.7145
4553 71.7145
4554 71.7145
4555 71.7145
4556 71.7145
4557 71.7145
4558 71.7145
4559 71.7145
4560 71.7145
4561 71.7145
4562 71.7145
4563 71.7145
4564 71.7145
4565 71.7145
4566 71.7145
4567 71.7145
4568 71.7145
4569 71.7145
4570 71.7145
4571 71.7145
4572 71.7145
4573 71.7145
4574 71.7145
4575 71.7145
4576 71.7145
4577 71.7145
4578 71.7145
4579 71.7145
4580 71.7145
4581 71.7145
4582 71.7145
4583 71.7145
4584 71.7145
4585 71.7145
4586 71.7145
4587 71.7145
4588 71.7145
4589 71.7145
4590 71.7145
4591 71.7145
4592 71.7145
4593 71.7145
4594 71.7145
4595 71.7145
4596 71.7145
4597 71.7145
4598 71.7145
4599 71.7145
4600 71.7145
4601 71.7145
4602 71.7145
4603 71.7145
4604 71.7145
4605 71.7145
4606 71.7145
4607 71.7145
4608 71.7145
4609 71.7145
4610 71.7145
4611 71.7145
4612 71.7145
4613 71.7145
4614 71.7145
4615 71.7145
4616 71.7145
4617 71.7145
4618 71.7145
4619 71.7145
4620 71.7145
4621 71.7145
4622 71.7145
4623 71.7145
4624 71.7145
4625 71.7145
4626 71.7145
4627 71.7145
4628 71.7145
4629 71.7145
4630 71.7145
4631 71.7145
4632 71.7145
4633 71.7145
4634 71.7145
4635 71.7145
4636 71.7145
4637 71.7145
4638 71.7145
4639 71.7145
4640 71.7145
4641 71.7145
4642 71.7145
4643 71.7145
4644 71.7145
4645 71.7145
4646 71.7145
4647 71.7145
4648 71.7145
4649 71.7145
4650 71.7145
4651 71.7145
4652 71.7145
4653 71.7145
4654 71.7145
4655 71.7145
4656 71.7145
4657 71.7145
4658 71.7145
4659 71.7145
4660 71.7145
4661 71.7145
4662 71.7145
4663 71.7145
4664 71.7145
4665 71.7145
4666 71.7145
4667 71.7145
4668 71.7145
4669 71.7145
4670 71.7145
4671 71.7145
4672 71.7145
4673 71.7145
4674 71.7145
4675 71.7145
4676 71.7145
4677 71.7145
4678 71.7145
4679 71.7145
4680 71.7145
4681 71.7145
4682 71.7145
4683 71.7145
4684 71.7145
4685 71.7145
4686 71.7145
4687 71.7145
4688 71.7145
4689 71.7145
4690 71.7145
4691 71.7145
4692 71.7145
4693 71.7145
4694 71.7145
4695 71.7145
4696 71.7145
4697 71.7145
4698 71.7145
4699 71.7145
4700 71.7145
4701 71.7145
4702 71.7145
4703 71.7145
4704 71.7145
4705 71.7145
4706 71.7145
4707 71.7145
4708 71.7145
4709 71.7145
4710 71.7145
4711 71.7145
4712 71.7145
4713 71.7145
4714 71.7145
4715 71.7145
4716 71.7145
4717 71.7145
4718 71.7145
4719 71.7145
4720 71.7145
4721 71.7145
4722 71.7145
4723 71.7145
4724 71.7145
4725 71.7145
4726 71.7145
4727 71.7145
4728 71.7145
4729 71.7145
4730 71.7145
4731 71.7145
4732 71.7145
4733 71.7145
4734 71.7145
4735 71.7145
4736 71.7145
4737 71.7145
4738 71.7145
4739 71.7145
4740 71.7145
4741 71.7145
4742 71.7145
4743 71.7145
4744 71.7145
4745 71.7145
4746 71.7145
4747 71.7145
4748 71.7145
4749 71.7145
4750 71.7145
4751 71.7145
4752 71.7145
4753 71.7145
4754 71.7145
4755 71.7145
4756 71.7145
4757 71.7145
4758 71.7145
4759 71.7145
4760 71.7145
4761 71.7145
4762 71.7145
4763 71.7145
4764 71.7145
4765 71.7145
4766 71.7145
4767 71.7145
4768 71.7145
4769 71.7145
4770 71.7145
4771 71.7145
4772 71.7145
4773 71.7145
4774 71.7145
4775 71.7145
4776 71.7145
4777 71.7145
4778 71.7145
4779 71.7145
4780 71.7145
4781 71.7145
4782 71.7145
4783 71.7145
4784 71.7145
4785 71.7145
4786 71.7145
4787 71.7145
4788 71.7145
4789 71.7145
4790 71.7145
4791 71.7145
4792 71.7145
4793 71.7145
4794 71.7145
4795 71.7145
4796 71.7145
4797 71.7145
4798 71.7145
4799 71.7145
4800 71.7145
4801 71.7145
4802 71.7145
4803 71.7145
4804 71.7145
4805 71.7145
4806 71.7145
4807 71.7145
4808 71.7145
4809 71.7145
4810 71.7145
4811 71.7145
4812 71.7145
4813 71.7145
4814 71.7145
4815 71.7145
4816 71.7145
4817 71.7145
4818 71.7145
4819 71.7145
4820 71.7145
4821 71.7145
4822 71.7145
4823 71.7145
4824 71.7145
4825 71.7145
4826 71.7145
4827 71.7145
4828 71.7145
4829 71.7145
4830 71.7145
4831 71.7145
4832 71.7145
4833 71.7145
4834 71.7145
4835 71.7145
4836 71.7145
4837 71.7145
4838 71.7145
4839 71.7145
4840 71.7145
4841 71.7145
4842 71.7145
4843 71.7145
4844 71.7145
4845 71.7145
4846 71.7145
4847 71.7145
4848 71.7145
4849 71.7145
4850 71.7145
4851 71.7145
4852 71.7145
4853 71.7145
4854 71.7145
4855 71.7145
4856 71.7145
4857 71.7145
4858 71.7145
4859 71.7145
4860 71.7145
4861 71.7145
4862 71.7145
4863 71.7145
4864 71.7145
4865 71.7145
4866 71.7145
4867 71.7145
4868 71.7145
4869 71.7145
4870 71.7145
4871 71.7145
4872 71.7145
4873 71.7145
4874 71.7145
4875 71.7145
4876 71.7145
4877 71.7145
4878 71.7145
4879 71.7145
4880 71.7145
4881 71.7145
4882 71.7145
4883 71.7145
4884 71.7145
4885 71.7145
4886 71.7145
4887 71.7145
4888 71.7145
4889 71.7145
4890 71.7145
4891 71.7145
4892 71.7145
4893 71.7145
4894 71.7145
4895 71.7145
4896 71.7145
4897 71.7145
4898 71.7145
4899 71.7145
4900 71.7145
4901 71.7145
4902 71.7145
4903 71.7145
4904 71.7145
4905 71.7145
4906 71.7145
4907 71.7145
4908 71.7145
4909 71.7145
4910 71.7145
4911 71.7145
4912 71.7145
4913 71.7145
4914 71.7145
4915 71.7145
4916 71.7145
4917 71.7145
4918 71.7145
4919 71.7145
4920 71.7145
4921 71.7145
4922 71.7145
4923 71.7145
4924 71.7145
4925 71.7145
4926 71.7145
4927 71.7145
4928 71.7145
4929 71.7145
4930 71.7145
4931 71.7145
4932 71.7145
4933 71.7145
4934 71.7145
4935 71.7145
4936 71.7145
4937 71.7145
4938 71.7145
4939 71.7145
4940 71.7145
4941 71.7145
4942 71.7145
4943 71.7145
4944 71.7145
4945 71.7145
4946 71.7145
4947 71.7145
4948 71.7145
4949 71.7145
4950 71.7145
4951 71.7145
4952 71.7145
4953 71.7145
4954 71.7145
4955 71.7145
4956 71.7145
4957 71.7145
4958 71.7145
4959 71.7145
4960 71.7145
4961 71.7145
4962 71.7145
4963 71.7145
4964 71.7145
4965 71.7145
4966 71.7145
4967 71.7145
4968 71.7145
4969 71.7145
4970 71.7145
4971 71.7145
4972 71.7145
4973 71.7145
4974 71.7145
4975 71.7145
4976 71.7145
4977 71.7145
4978 71.7145
4979 71.7145
4980 71.7145
4981 71.7145
4982 71.7145
4983 71.7145
4984 71.7145
4985 71.7145
4986 71.7145
4987 71.7145
4988 71.7145
4989 71.7145
4990 71.7145
4991 71.7145
4992 71.7145
4993 71.7145
4994 71.7145
4995 71.7145
4996 71.7145
4997 71.7145
4998 71.7145
4999 71.7145
5000 71.7145
5001 71.7145
5002 71.7145
5003 71.7145
5004 71.7145
5005 71.7145
5006 71.7145
5007 71.7145
5008 71.7145
5009 71.7145
5010 71.7145
5011 71.7145
5012 71.7145
5013 71.7145
5014 71.7145
5015 71.7145
5016 71.7145
5017 71.7145
5018 71.7145
5019 71.7145
5020 71.7145
5021 71.7145
5022 71.7145
5023 71.7145
5024 71.7145
5025 71.7145
5026 71.7145
5027 71.7145
5028 71.7145
5029 71.7145
5030 71.7145
5031 71.7145
5032 71.7145
5033 71.7145
5034 71.7145
5035 71.7145
5036 71.7145
5037 71.7145
5038 71.6586
5039 71.6586
5040 71.6586
5041 71.6586
5042 71.6586
5043 71.6586
5044 71.6586
5045 71.6586
5046 71.6586
5047 71.6586
5048 71.6586
5049 71.6586
5050 71.6586
5051 71.6586
5052 71.6586
5053 71.6586
5054 71.6586
5055 71.6586
5056 71.6586
5057 71.6586
5058 71.6586
5059 71.6586
5060 71.6586
5061 71.6586
5062 71.6586
5063 71.6586
5064 71.6586
5065 71.6586
5066 71.6586
5067 71.6586
5068 71.6586
5069 71.6586
5070 71.6586
5071 71.6586
5072 71.6586
5073 71.6586
5074 71.6586
5075 71.6586
5076 71.6586
5077 71.6586
5078 71.6586
5079 71.6586
5080 71.6586
5081 71.6586
5082 71.6586
5083 71.6586
5084 71.6586
5085 71.6586
5086 71.6586
5087 71.6586
5088 71.6586
5089 71.6586
5090 71.6586
5091 71.6586
5092 71.6586
5093 71.6586
5094 71.6586
5095 71.6586
5096 71.6586
5097 71.6586
5098 71.6586
5099 71.6586
5100 71.6586
5101 71.6586
5102 71.6586
5103 71.6586
5104 71.6586
5105 71.6586
5106 71.6586
5107 71.6586
5108 71.6586
5109 71.6586
5110 71.6586
5111 71.6586
5112 71.6586
5113 71.6586
5114 71.6586
5115 71.6586
5116 71.6586
5117 71.6586
5118 71.6586
5119 71.6586
5120 71.6586
5121 71.6586
5122 71.6586
5123 71.6586
5124 71.6586
5125 71.6586
5126 71.6586
5127 71.6586
5128 71.6586
5129 71.6586
5130 71.6586
5131 71.6586
5132 71.6586
5133 71.6586
5134 71.6586
5135 71.6586
5136 71.6586
5137 71.6586
5138 71.6586
5139 71.6586
5140 71.6586
5141 71.6586
5142 71.6586
5143 71.6586
5144 71.6586
5145 71.6586
5146 71.6586
5147 71.6586
5148 71.6586
5149 71.6586
5150 71.6586
5151 71.4818
5152 71.4818
5153 71.4818
5154 71.4818
5155 71.4818
5156 71.4818
5157 71.4818
5158 71.4818
5159 71.4818
5160 71.4818
5161 71.4818
5162 71.4818
5163 71.4818
5164 71.4818
5165 71.4818
5166 71.4818
5167 71.4818
5168 71.4818
5169 71.4818
5170 71.4818
5171 71.4818
5172 71.4818
5173 71.4818
5174 71.4818
5175 71.4818
5176 71.4818
5177 71.4818
5178 71.4818
5179 71.4818
5180 71.4818
5181 71.4818
5182 71.4818
5183 71.4818
5184 71.4818
5185 71.4818
5186 71.4818
5187 71.4818
5188 71.4818
5189 71.4818
5190 71.4818
5191 71.4818
5192 71.4818
5193 71.4818
5194 70.9749
5195 70.9749
5196 70.9749
5197 70.9749
5198 70.9749
5199 70.9749
5200 70.9749
5201 70.9749
5202 70.9749
5203 70.9749
5204 70.9749
5205 70.9749
5206 70.9749
5207 70.9749
5208 70.9749
5209 70.9749
5210 70.9749
5211 70.9749
5212 70.9749
5213 70.9749
5214 70.9749
5215 70.9749
5216 70.9749
5217 70.9749
5218 70.9749
5219 70.9749
5220 70.9749
5221 70.9749
5222 70.9749
5223 70.9749
5224 70.9749
5225 70.9749
5226 70.9749
5227 70.9749
5228 70.9749
5229 70.9749
5230 70.9749
5231 70.9749
5232 70.9749
5233 70.9749
5234 70.9749
5235 70.9749
5236 70.9749
5237 70.9749
5238 70.9749
5239 70.9749
5240 70.9749
5241 70.9749
5242 70.9749
5243 70.9749
5244 70.9749
5245 70.9749
5246 70.9749
5247 70.9749
5248 70.8212
5249 70.8212
5250 70.8212
5251 70.8212
5252 70.8212
5253 70.8212
5254 70.8212
5255 70.8212
5256 70.8212
5257 70.8212
5258 70.8212
5259 70.8212
5260 70.8212
5261 70.8212
5262 70.8212
5263 70.8212
5264 70.8212
5265 70.8212
5266 70.8212
5267 70.8212
5268 70.8212
5269 70.8212
5270 70.8212
5271 70.8212
5272 70.8212
5273 70.8212
5274 70.8212
5275 70.8212
5276 70.8212
5277 70.8212
5278 70.8212
5279 70.8212
5280 70.8212
5281 70.8212
5282 70.8212
5283 70.8212
5284 70.8212
5285 70.8212
5286 70.8212
5287 70.8212
5288 70.8212
5289 70.8212
5290 70.8212
5291 70.8212
5292 70.8212
5293 70.8212
5294 70.8212
5295 70.8212
5296 70.8212
5297 70.8212
5298 70.8212
5299 70.8212
5300 70.8212
5301 70.8212
5302 70.8212
5303 70.8212
5304 70.8212
5305 70.8212
5306 70.8212
5307 70.8212
5308 70.8212
5309 70.8212
5310 70.8212
5311 70.8212
5312 70.8212
5313 70.8212
5314 70.8212
5315 70.8212
5316 70.8212
5317 70.8212
5318 70.8212
5319 70.8212
5320 70.8212
5321 70.8212
5322 70.8212
5323 70.8212
5324 70.8212
5325 70.8212
5326 70.8212
5327 70.8212
5328 70.8212
5329 70.8212
5330 70.8212
5331 70.8212
5332 70.8212
5333 70.8212
5334 70.8212
5335 70.8212
5336 70.8212
5337 70.8212
5338 70.8212
5339 70.8212
5340 70.8212
5341 70.8212
5342 70.8212
5343 70.8212
5344 70.4544
5345 70.4544
5346 70.4544
5347 70.4544
5348 70.4544
5349 70.4544
5350 70.4544
5351 70.4544
5352 70.4544
5353 70.4544
5354 70.4544
5355 70.4544
5356 70.4544
5357 70.4544
5358 70.4544
5359 70.4544
5360 70.4544
5361 70.4544
5362 70.4544
5363 70.4544
5364 70.4544
5365 70.4544
5366 70.4544
5367 70.4544
5368 70.4544
5369 70.4544
5370 70.4544
5371 70.4544
5372 70.4544
5373 70.4544
5374 70.4544
5375 70.4544
5376 70.4544
5377 70.4544
5378 70.4544
5379 70.4544
5380 70.4544
5381 70.4544
5382 70.4544
5383 70.4544
5384 70.4544
5385 70.4544
5386 70.4544
5387 70.4544
5388 70.4544
5389 70.4544
5390 70.4544
5391 70.4544
5392 70.4544
5393 70.4544
5394 70.4544
5395 70.4544
5396 70.4544
5397 70.4544
5398 70.4544
5399 70.4544
5400 70.4544
5401 70.4544
5402 70.4544
5403 70.4544
5404 70.4544
5405 70.4544
5406 70.4544
5407 70.4544
5408 70.4544
5409 70.4544
5410 70.4544
5411 70.4544
5412 70.4544
5413 70.4544
5414 70.4544
5415 70.4544
5416 70.4544
5417 70.4544
5418 70.4544
5419 70.4544
5420 70.4544
5421 70.4544
5422 70.4544
5423 70.4544
5424 70.4544
5425 70.4544
5426 70.4544
5427 70.4544
5428 70.4544
5429 70.4544
5430 70.4544
5431 70.4544
5432 70.4544
5433 70.4544
5434 70.4544
5435 70.4544
5436 70.4544
5437 70.4544
5438 70.4544
5439 70.4544
5440 70.4544
5441 70.4544
5442 70.4544
5443 70.4544
5444 70.4544
5445 70.4544
5446 70.4544
5447 70.4544
5448 70.4544
5449 70.4544
5450 70.4544
5451 70.4544
5452 70.4544
5453 70.4544
5454 70.4544
5455 70.4544
5456 70.4544
5457 70.4544
5458 70.4544
5459 70.4544
5460 70.4544
5461 70.4544
5462 70.4544
5463 70.4544
5464 70.4544
5465 70.4544
5466 70.4544
5467 70.4544
5468 70.4544
5469 70.4544
5470 70.4544
5471 70.4544
5472 70.4544
5473 70.4544
5474 70.4544
5475 70.4544
5476 70.4544
5477 70.4544
5478 70.4544
5479 70.4544
5480 70.4544
5481 70.4544
5482 70.4544
5483 70.4544
5484 70.4544
5485 70.4544
5486 70.4544
5487 70.4544
5488 70.4544
5489 70.4544
5490 70.4544
5491 70.4544
5492 70.4544
5493 70.4544
5494 70.4544
5495 70.4544
5496 70.4544
5497 70.4544
5498 70.4544
5499 70.4544
5500 70.4544
5501 70.4544
5502 70.4544
5503 70.4544
5504 70.4544
5505 70.4544
5506 70.4544
5507 70.4544
5508 70.4544
5509 70.4544
5510 70.4544
5511 70.4544
5512 70.4544
5513 70.4544
5514 70.4544
5515 70.4544
5516 70.4544
5517 70.4544
5518 70.4544
5519 70.4544
5520 70.4544
5521 70.4544
5522 70.4544
5523 70.4544
5524 70.4544
5525 70.4544
5526 70.4544
5527 70.4544
5528 70.4544
5529 70.4544
5530 70.4544
5531 70.4544
5532 70.4544
5533 70.4544
5534 70.4544
5535 70.4544
5536 70.4544
5537 70.4544
5538 70.4544
5539 70.4544
5540 70.4544
5541 70.4544
5542 70.4544
5543 70.4544
5544 70.4544
5545 70.4544
5546 70.4544
5547 70.4544
5548 70.4544
5549 70.4544
5550 70.4544
5551 70.4544
5552 70.4544
5553 70.4544
5554 70.4544
5555 70.4544
5556 70.4544
5557 70.4544
5558 70.4544
5559 70.4544
5560 70.4544
5561 70.4544
5562 70.4544
5563 70.4544
5564 70.4544
5565 70.4544
5566 70.4544
5567 70.4544
5568 70.4544
5569 70.4544
5570 70.4544
5571 70.4544
5572 70.4544
5573 70.4544
5574 70.4544
5575 70.4544
5576 70.4544
5577 70.4544
5578 70.4544
5579 70.4544
5580 70.4544
5581 70.4544
5582 70.4544
5583 70.4544
5584 70.4544
5585 70.4544
5586 70.4544
5587 70.4544
5588 70.4544
5589 70.4544
5590 70.4544
5591 70.4544
5592 70.4544
5593 70.4544
5594 70.4544
5595 70.4544
5596 70.4544
5597 70.4544
5598 70.4544
5599 70.4544
5600 70.4544
5601 70.4544
5602 70.4544
5603 70.4544
5604 70.4544
5605 70.4544
5606 70.4544
5607 70.4544
5608 70.4544
5609 70.4544
5610 70.4544
5611 70.4544
5612 70.4544
5613 70.4544
5614 70.4544
5615 70.4544
5616 70.4544
5617 70.4544
5618 70.4544
5619 70.4544
5620 70.4544
5621 70.4544
5622 70.4544
5623 70.4544
5624 70.4544
5625 70.4544
5626 70.4544
5627 70.4544
5628 70.4544
5629 70.4544
5630 70.4544
5631 70.4544
5632 70.4544
5633 70.4544
5634 70.4544
5635 70.4544
5636 70.4544
5637 70.4544
5638 70.4544
5639 70.4544
5640 70.4544
5641 70.4544
5642 70.4544
5643 70.4544
5644 70.4544
5645 70.4544
5646 70.4544
5647 70.4544
5648 70.4544
5649 70.4544
5650 70.4544
5651 70.4544
5652 70.4544
5653 70.4544
5654 70.4544
5655 70.4544
5656 70.4544
5657 70.4544
5658 70.4544
5659 70.4544
5660 70.4544
5661 70.4544
5662 70.4544
5663 70.4544
5664 70.4544
5665 70.4544
5666 70.4544
5667 70.4544
5668 70.4544
5669 70.4544
5670 70.4544
5671 70.4544
5672 70.4544
5673 70.4544
5674 70.4544
5675 70.4544
5676 70.4544
5677 70.4544
5678 70.4544
5679 70.4544
5680 70.4544
5681 70.4544
5682 70.4544
5683 70.4544
5684 70.4544
5685 70.4544
5686 70.4544
5687 70.4544
5688 70.4544
5689 70.4544
5690 70.4544
5691 70.4544
5692 70.4544
5693 70.4544
5694 70.4544
5695 70.4544
5696 70.4544
5697 70.4544
5698 70.4544
5699 70.4544
5700 70.4544
5701 70.4544
5702 70.4544
5703 70.4544
5704 70.4544
5705 70.4544
5706 70.4544
5707 70.4544
5708 70.4544
5709 70.4544
5710 70.4544
5711 70.4544
5712 70.4544
5713 70.4544
5714 70.4544
5715 70.4544
5716 70.4544
5717 70.4544
5718 70.4544
5719 70.4544
5720 70.4544
5721 70.4544
5722 70.4544
5723 70.4544
5724 70.4544
5725 70.4544
5726 70.4544
5727 70.4544
5728 70.4544
5729 70.4544
5730 70.4544
5731 70.4544
5732 70.4544
5733 70.4544
5734 70.4544
5735 70.4544
5736 70.4544
5737 70.4544
5738 70.4544
5739 70.4544
5740 70.4544
5741 70.4544
5742 70.4544
5743 70.4544
5744 70.4544
5745 70.4544
5746 70.4544
5747 70.4544
5748 70.4544
5749 70.4544
5750 70.4544
5751 70.4544
5752 70.4544
5753 70.4544
5754 70.4544
5755 70.4544
5756 70.4544
5757 70.4544
5758 70.4544
5759 70.4544
5760 70.4544
5761 70.4544
5762 70.4544
5763 70.4544
5764 70.4544
5765 70.4544
5766 70.4544
5767 70.4544
5768 70.4544
5769 70.4544
5770 70.4544
5771 70.4544
5772 70.4544
5773 70.4544
5774 70.4544
5775 70.4544
5776 70.4544
5777 70.4544
5778 70.4544
5779 70.4544
5780 70.4544
5781 70.4544
5782 70.4544
5783 70.4544
5784 70.4544
5785 70.4544
5786 70.4544
5787 70.4544
5788 70.4544
5789 70.4544
5790 70.4544
5791 70.4544
5792 70.4544
5793 70.4544
5794 70.4544
5795 70.4544
5796 70.4544
5797 70.4544
5798 70.4544
5799 70.4544
5800 70.4544
5801 70.4544
5802 70.4544
5803 70.4544
5804 70.4544
5805 70.4544
5806 70.4544
5807 70.4544
5808 70.4544
5809 70.4544
5810 70.4544
5811 70.4544
5812 70.4544
5813 70.4544
5814 70.4544
5815 70.4544
5816 70.4544
5817 70.4544
5818 70.4544
5819 70.4544
5820 70.4544
5821 70.4544
5822 70.4544
5823 70.4544
5824 70.4544
5825 70.4544
5826 70.4544
5827 70.4544
5828 70.4544
5829 70.4544
5830 70.4544
5831 70.4544
5832 70.4544
5833 70.4544
5834 70.4544
5835 70.4544
5836 70.4544
5837 70.4544
5838 70.4544
5839 70.4544
5840 70.4544
5841 70.4544
5842 70.4544
5843 70.4544
5844 70.4544
5845 70.4544
5846 70.4544
5847 70.4544
5848 70.4544
5849 70.4544
5850 70.4544
5851 70.4544
5852 70.4544
5853 70.4544
5854 70.4544
5855 70.4544
5856 70.4544
5857 70.4544
5858 70.4544
5859 70.4544
5860 70.4544
5861 70.4544
5862 70.4544
5863 70.4544
5864 70.4544
5865 70.4544
5866 70.4544
5867 70.4544
5868 70.4544
5869 70.4544
5870 70.4544
5871 70.4544
5872 70.4544
5873 70.4544
5874 70.4544
5875 70.4544
5876 70.4544
5877 70.4544
5878 70.4544
5879 70.4544
5880 70.4544
5881 70.4544
5882 70.4544
5883 70.4544
5884 70.4544
5885 70.4544
5886 70.4544
5887 70.4544
5888 70.4544
5889 70.4544
5890 70.4544
5891 70.4544
5892 70.4544
5893 70.4544
5894 70.4544
5895 70.4544
5896 70.4544
5897 70.4544
5898 70.4544
5899 70.4544
5900 70.4544
5901 70.4544
5902 70.4544
5903 70.4544
5904 70.4544
5905 70.4544
5906 70.4544
5907 70.4544
5908 70.4544
5909 70.4544
5910 70.4544
5911 70.4544
5912 70.4544
5913 70.4544
5914 70.4544
5915 70.4544
5916 70.4544
5917 70.4544
5918 70.4544
5919 70.4544
5920 70.4544
5921 70.4544
5922 70.4544
5923 70.4544
5924 70.4544
5925 70.4544
5926 70.4544
5927 70.4544
5928 70.4544
5929 70.4544
5930 70.4544
5931 70.4544
5932 70.4544
5933 70.4544
5934 70.4544
5935 70.4544
5936 70.4544
5937 70.4544
5938 70.4544
5939 70.4544
5940 70.4544
5941 70.4544
5942 70.4544
5943 70.4544
5944 70.4544
5945 70.4544
5946 70.4544
5947 70.4544
5948 70.4544
5949 70.4544
5950 70.4544
5951 70.4544
5952 70.4544
5953 70.4544
5954 70.4544
5955 70.4544
5956 70.4544
5957 70.4544
5958 70.4544
5959 70.4544
5960 70.4544
5961 70.4544
5962 70.4544
5963 70.4544
5964 70.4544
5965 70.4544
5966 70.4544
5967 70.4544
5968 70.4544
5969 70.4544
5970 70.4544
5971 70.4544
5972 70.4544
5973 70.4544
5974 70.4544
5975 70.4544
5976 70.4544
5977 70.4544
5978 70.4544
5979 70.4544
5980 70.4544
5981 70.4544
5982 70.4544
5983 70.4544
5984 70.4544
5985 70.4544
5986 70.4544
5987 70.4544
5988 70.4544
5989 70.4544
5990 70.4544
5991 70.4544
5992 70.4544
5993 70.4544
5994 70.4544
5995 70.4544
5996 70.4544
5997 70.4544
5998 70.4544
5999 70.4544
