0 462.204
1 423.923
2 419.361
3 413.856
4 413.856
5 410.97
6 409.699
7 408.407
8 404.024
9 402.072
10 401.195
11 398.552
12 394.66
13 386.604
14 378.929
15 378.005
16 375.904
17 372.878
18 368.478
19 368.478
20 367.063
21 364.012
22 363.337
23 355.587
24 352.043
25 343.373
26 342.858
27 338.783
28 334.44
29 330.365
30 330.365
31 328.4
32 327.162
33 327.049
34 325.392
35 325.286
36 318.036
37 315.987
38 315.987
39 315.913
40 315.8
41 310.981
42 310.869
43 310.869
44 308.953
45 303.552
46 303.552
47 301.493
48 301.493
49 301.318
50 301.304
51 300.124
52 298.058
53 294.122
54 291.731
55 287.016
56 283.518
57 283.518
58 283.413
59 283.413
60 277.346
61 277.346
62 277.346
63 276.516
64 275.867
65 270.592
66 269.761
67 269.761
68 267.124
69 266.293
70 266.293
71 266.293
72 266.274
73 265.142
74 265.142
75 262.921
76 261.407
77 260.989
78 256.267
79 256.267
80 256.267
81 252.928
82 250.948
83 249.835
84 246.673
85 244.538
86 244.538
87 243.927
88 243.702
89 243.536
90 241.76
91 241.153
92 237.86
93 236.739
94 234.571
95 234.437
96 231.853
97 229.685
98 228.712
99 228.712
100 228.712
101 227.881
102 227.881
103 227.881
104 227.881
105 227.747
106 224.747
107 224.612
108 223.981
109 223.42
110 223.007
111 222.56
112 222.56
113 222.56
114 222.56
115 221.99
116 221.799
117 215.879
118 215.634
119 213.051
120 213.051
121 212.87
122 212.38
123 211.721
124 211.232
125 208.116
126 208.116
127 206.112
128 206.112
129 206.112
130 205.611
131 205.611
132 205.611
133 204.441
134 204.441
135 203.709
136 203.108
137 202.244
138 202.244
139 202.244
140 201.482
141 200.522
142 198.072
143 198.072
144 197.521
145 197.521
146 197.227
147 197.227
148 197.227
149 197.227
150 197.227
151 196.229
152 194.116
153 194.116
154 194.116
155 194.116
156 194.039
157 194.039
158 194.039
159 194.039
160 194.039
161 193.578
162 193.578
163 193.461
164 190.414
165 189.953
166 189.953
167 189.307
168 189.307
169 187.55
170 187.55
171 187.55
172 187.55
173 187.55
174 187.55
175 187.55
176 187.55
177 187.525
178 187.525
179 187.525
180 187.525
181 186.842
182 186.842
183 185.751
184 185.751
185 185.527
186 185.527
187 183.023
188 182.362
189 182.362
190 181.257
191 181.257
192 180.524
193 180.524
194 180.524
195 180.524
196 180.524
197 180.524
198 180.524
199 180.524
200 180.465
201 180.465
202 180.465
203 180.26
204 180.26
205 180.26
206 180.26
207 180.26
208 180.26
209 180.26
210 180.26
211 180.26
212 175.64
213 175.64
214 175.192
215 173.572
216 173.572
217 173.572
218 173.572
219 173.572
220 173.401
221 173.401
222 173.401
223 173.307
224 173.307
225 173.167
226 172.902
227 172.45
228 172.219
229 172.219
230 171.749
231 170.632
232 170.469
233 170.469
234 170.358
235 170.358
236 170.253
237 170.253
238 170.253
239 170.253
240 168.976
241 168.976
242 168.976
243 168.976
244 168.976
245 168.976
246 168.766
247 168.766
248 168.487
249 168.487
250 166.831
251 165.871
252 165.871
253 165.853
254 165.853
255 163.236
256 162.804
257 162.743
258 162.498
259 162.152
260 161.744
261 161.744
262 161.544
263 159.968
264 159.678
265 158.782
266 158.782
267 158.782
268 158.782
269 158.782
270 158.506
271 158.506
272 158.506
273 158.506
274 158.506
275 158.506
276 158.506
277 155.953
278 155.953
279 155.947
280 151.817
281 151.817
282 151.817
283 151.817
284 151.817
285 151.817
286 151.817
287 151.817
288 151.665
289 151.665
290 151.665
291 151.665
292 151.665
293 151.665
294 151.579
295 151.344
296 151.258
297 151.258
298 150.504
299 147.471
300 147.471
301 147.471
302 147.471
303 147.377
304 146.669
305 146.663
306 146.663
307 146.663
308 143.396
309 143.396
310 143.396
311 143.396
312 143.396
313 143.396
314 142.33
315 142.33
316 142.326
317 142.326
318 141.998
319 141.994
320 141.994
321 141.171
322 141.171
323 141.171
324 141.041
325 141.041
326 141.041
327 141.041
328 140.612
329 140.612
330 140.612
331 140.612
332 140.612
333 140.612
334 140.612
335 140.612
336 140.612
337 140.612
338 140.612
339 140.612
340 139.553
341 139.553
342 139.553
343 139.521
344 139.521
345 139.521
346 139.158
347 139.158
348 135.708
349 135.708
350 135.408
351 135.408
352 132.684
353 132.684
354 132.684
355 132.684
356 132.684
357 132.684
358 132.684
359 131.599
360 131.599
361 131.599
362 131.599
363 130.925
364 130.925
365 130.925
366 130.925
367 130.925
368 130.925
369 130.925
370 130.925
371 130.925
372 130.31
373 129.709
374 129.706
375 129.105
376 129.105
377 129.105
378 129.105
379 129.105
380 129.105
381 129.052
382 129.052
383 128.696
384 128.448
385 127.562
386 127.562
387 127.562
388 127.562
389 126.945
390 126.945
391 126.945
392 126.945
393 126.945
394 126.945
395 126.945
396 126.945
397 126.945
398 126.945
399 125.986
400 124.841
401 124.841
402 124.841
403 124.841
404 124.841
405 124.841
406 124.841
407 124.841
408 124.841
409 124.841
410 124.841
411 124.674
412 124.674
413 124.674
414 124.674
415 124.656
416 124.656
417 124.656
418 124.489
419 124.477
420 124.304
421 124.292
422 124.292
423 124.124
424 124.124
425 124.124
426 124.124
427 124.124
428 124.124
429 123.745
430 123.745
431 122.962
432 122.962
433 122.962
434 122.962
435 122.962
436 122.962
437 122.144
438 122.144
439 122.144
440 121.48
441 121.48
442 121.48
443 121.48
444 121.358
445 120.202
446 120.202
447 120.202
448 120.202
449 120.202
450 120.202
451 120.202
452 120.202
453 120.202
454 120.202
455 120.202
456 119.525
457 119.525
458 119.525
459 119.525
460 119.228
461 119.228
462 119.228
463 119.228
464 119.228
465 119.228
466 119.228
467 119.228
468 119.228
469 119.228
470 119.228
471 119.228
472 119.228
473 118.959
474 118.959
475 118.959
476 118.959
477 118.959
478 117.878
479 115.371
480 115.127
481 114.789
482 114.405
483 114.405
484 114.405
485 114.405
486 114.405
487 114.405
488 114.405
489 114.405
490 114.405
491 114.405
492 114.405
493 114.405
494 114.405
495 113.9
496 113.9
497 113.9
498 113.9
499 113.9
500 113.9
501 113.9
502 113.9
503 113.9
504 113.9
505 113.9
506 113.9
507 113.9
508 113.9
509 113.9
510 113.9
511 113.9
512 113.9
513 113.9
514 113.9
515 113.9
516 113.9
517 113.9
518 113.9
519 113.9
520 113.9
521 112.702
522 112.702
523 112.702
524 112.702
525 112.702
526 112.702
527 112.702
528 112.702
529 112.702
530 112.702
531 112.702
532 112.702
533 112.521
534 112.521
535 112.521
536 112.521
537 112.521
538 112.521
539 112.521
540 112.521
541 112.521
542 112.521
543 112.521
544 112.521
545 112.325
546 112.325
547 112.325
548 112.325
549 112.325
550 112.325
551 112.325
552 112.325
553 112.325
554 112.325
555 112.325
556 112.325
557 112.325
558 112.325
559 112.325
560 112.325
561 111.998
562 111.998
563 111.998
564 111.998
565 111.998
566 111.998
567 111.635
568 111.635
569 111.635
570 111.635
571 111.635
572 111.635
573 111.635
574 111.635
575 111.635
576 111.635
577 111.635
578 111.635
579 111.635
580 111.635
581 111.635
582 111.635
583 111.635
584 111.635
585 111.635
586 111.635
587 111.635
588 111.635
589 111.635
590 111.635
591 111.635
592 111.635
593 111.635
594 111.635
595 111.635
596 111.635
597 111.635
598 111.635
599 111.21
600 111.12
601 111.12
602 111.12
603 111.12
604 111.12
605 111.12
606 111.12
607 110.64
608 110.64
609 110.64
610 110.64
611 110.64
612 110.64
613 110.64
614 110.64
615 110.64
616 110.64
617 110.64
618 110.64
619 110.64
620 110.64
621 110.64
622 110.64
623 110.64
624 110.64
625 110.64
626 110.64
627 110.64
628 110.64
629 110.64
630 110.64
631 110.64
632 110.64
633 109.396
634 109.396
635 109.396
636 109.396
637 109.396
638 109.396
639 109.396
640 109.296
641 109.296
642 109.296
643 109.296
644 109.296
645 109.296
646 109.296
647 109.296
648 109.296
649 109.296
650 109.296
651 109.296
652 109.296
653 109.296
654 109.296
655 109.296
656 109.296
657 109.296
658 109.296
659 109.296
660 109.296
661 109.296
662 109.296
663 109.296
664 109.296
665 109.296
666 109.296
667 109.296
668 109.296
669 109.296
670 109.296
671 109.296
672 109.296
673 109.296
674 109.296
675 109.296
676 109.296
677 109.296
678 109.296
679 109.296
680 109.296
681 109.296
682 109.296
683 109.296
684 109.296
685 109.296
686 109.296
687 109.296
688 109.296
689 109.296
690 109.296
691 109.296
692 109.296
693 109.296
694 109.296
695 109.296
696 109.296
697 109.035
698 109.035
699 109.035
700 108.982
701 108.982
702 108.982
703 108.982
704 108.982
705 108.982
706 108.982
707 108.982
708 108.982
709 108.982
710 108.982
711 108.604
712 108.604
713 108.604
714 108.604
715 108.604
716 108.604
717 108.604
718 108.604
719 108.604
720 108.604
721 108.604
722 108.604
723 108.604
724 108.604
725 108.604
726 108.604
727 108.604
728 108.01
729 108.01
730 108.01
731 108.01
732 108.01
733 108.01
734 108.01
735 107.75
736 107.75
737 107.75
738 107.75
739 107.75
740 107.75
741 107.75
742 107.75
743 107.75
744 107.75
745 107.75
746 107.75
747 107.75
748 107.75
749 107.75
750 107.75
751 107.75
752 107.75
753 107.512
754 107.512
755 106.677
756 106.677
757 105.97
758 105.97
759 105.97
760 105.97
761 105.97
762 105.868
763 105.868
764 105.868
765 105.868
766 105.868
767 105.868
768 105.868
769 105.868
770 105.868
771 105.275
772 105.275
773 105.275
774 105.275
775 104.329
776 104.329
777 104.329
778 104.329
779 104.329
780 104.329
781 104.329
782 104.329
783 104.329
784 104.185
785 104.185
786 104.185
787 104.185
788 104.185
789 103.644
790 103.644
791 103.644
792 103.644
793 103.644
794 103.644
795 103.644
796 103.644
797 103.644
798 103.644
799 103.644
800 103.644
801 103.644
802 102.679
803 102.679
804 101.738
805 101.738
806 100.585
807 100.585
808 99.7971
809 99.7971
810 99.7971
811 99.7971
812 99.7971
813 99.7971
814 99.7971
815 99.7971
816 99.7971
817 99.7971
818 99.3964
819 99.3964
820 99.3964
821 99.3964
822 99.3964
823 99.3964
824 99.3964
825 99.3964
826 99.3964
827 99.3044
828 99.3044
829 99.3044
830 99.3044
831 99.3044
832 99.3044
833 99.3044
834 99.3044
835 99.3044
836 99.3044
837 99.3044
838 99.3044
839 99.3044
840 99.3044
841 98.7944
842 98.7944
843 98.7944
844 98.7944
845 98.7944
846 98.7944
847 98.7944
848 98.7944
849 98.6608
850 98.6608
851 98.6608
852 98.6608
853 98.6608
854 98.6608
855 98.6608
856 98.4885
857 98.4885
858 98.4885
859 98.4885
860 98.4885
861 98.4885
862 98.4885
863 98.4436
864 98.3186
865 98.3186
866 98.3186
867 98.3186
868 98.3186
869 98.3186
870 98.3186
871 98.3186
872 98.3186
873 98.3186
874 97.0451
875 97.0451
876 97.0451
877 97.0451
878 97.0451
879 97.0451
880 97.0451
881 97.0451
882 97.0451
883 97.0451
884 97.0451
885 97.0451
886 97.0451
887 97.0451
888 97.0451
889 97.0451
890 97.0451
891 97.0451
892 97.0451
893 97.0451
894 97.0451
895 97.0451
896 97.0451
897 97.0451
898 97.0451
899 97.0451
900 97.0451
901 97.0451
902 97.0451
903 97.0451
904 97.0451
905 97.0451
906 97.0451
907 96.5432
908 96.5432
909 96.5432
910 96.5432
911 96.5432
912 96.5432
913 96.5432
914 96.5432
915 96.5432
916 96.5432
917 96.5432
918 96.5432
919 96.5432
920 96.5432
921 96.5432
922 96.5432
923 96.5432
924 96.5432
925 96.4623
926 96.4623
927 96.4623
928 96.4623
929 96.4623
930 96.4623
931 96.4623
932 96.4623
933 96.4623
934 96.4623
935 96.4623
936 96.4623
937 96.4623
938 96.4623
939 96.4623
940 96.4623
941 96.4623
942 96.4623
943 96.4623
944 96.4623
945 96.4623
946 96.4623
947 96.4623
948 96.4623
949 96.4623
950 96.4623
951 96.4623
952 96.4623
953 96.4623
954 96.4623
955 96.4623
956 96.4623
957 96.4623
958 96.4623
959 96.4623
960 96.4623
961 96.4623
962 96.4623
963 96.4623
964 96.4623
965 96.4623
966 96.4623
967 96.4623
968 96.3968
969 96.2771
970 96.042
971 96.042
972 95.838
973 95.838
974 95.838
975 95.838
976 95.838
977 95.838
978 95.838
979 95.838
980 95.838
981 95.716
982 95.716
983 95.716
984 95.716
985 95.716
986 95.716
987 95.716
988 95.716
989 95.716
990 95.716
991 95.716
992 95.6335
993 95.6335
994 95.6335
995 95.6335
996 95.6335
997 95.6335
998 95.6335
999 95.6335
1000 95.6335
1001 95.6335
1002 95.6335
1003 95.6335
1004 95.6335
1005 95.6335
1006 95.6335
1007 95.6335
1008 95.6335
1009 95.6335
1010 95.6335
1011 95.6335
1012 95.6335
1013 95.6335
1014 95.6335
1015 95.6335
1016 95.6335
1017 95.4314
1018 95.4314
1019 95.4314
1020 95.2877
1021 95.2877
1022 95.2873
1023 95.2873
1024 95.2873
1025 95.2873
1026 95.2873
1027 95.2873
1028 95.2873
1029 95.2873
1030 95.2873
1031 95.2873
1032 95.2873
1033 95.2873
1034 95.2873
1035 95.2873
1036 95.2873
1037 95.2873
1038 95.2873
1039 95.2873
1040 95.2873
1041 95.2873
1042 95.2873
1043 95.2873
1044 95.2873
1045 95.2873
1046 95.2873
1047 95.2873
1048 95.2873
1049 95.2873
1050 95.2873
1051 95.2873
1052 95.2873
1053 95.2873
1054 95.2873
1055 95.2873
1056 95.2873
1057 95.2873
1058 95.2873
1059 95.2873
1060 95.2873
1061 95.2873
1062 95.2873
1063 95.2873
1064 95.2873
1065 95.2873
1066 95.2873
1067 95.2873
1068 95.2873
1069 95.2873
1070 95.1866
1071 93.4876
1072 93.4876
1073 93.4876
1074 93.4876
1075 93.4876
1076 93.4876
1077 93.4876
1078 93.4876
1079 93.4876
1080 93.4876
1081 93.4876
1082 93.4876
1083 93.4876
1084 93.4876
1085 93.4876
1086 93.4876
1087 93.4876
1088 93.4876
1089 93.4876
1090 93.4876
1091 93.4876
1092 93.4876
1093 93.4876
1094 93.4876
1095 93.4876
1096 93.4876
1097 93.4876
1098 93.4876
1099 93.4876
1100 93.4876
1101 93.4876
1102 93.4876
1103 93.4876
1104 93.4876
1105 93.4876
1106 93.4876
1107 93.4876
1108 93.4876
1109 93.4876
1110 93.4876
1111 93.4876
1112 93.4876
1113 93.4876
1114 93.4876
1115 93.4876
1116 93.4876
1117 93.4876
1118 93.4876
1119 93.4876
1120 93.4876
1121 93.4876
1122 93.4876
1123 93.4876
1124 93.4876
1125 93.4876
1126 93.4876
1127 93.4876
1128 93.4876
1129 93.4876
1130 93.4876
1131 93.4876
1132 93.4876
1133 93.4876
1134 93.4876
1135 93.4876
1136 93.4876
1137 93.4876
1138 93.4876
1139 93.4876
1140 93.4876
1141 93.4876
1142 93.4876
1143 93.4876
1144 93.4876
1145 93.4876
1146 93.4876
1147 93.4876
1148 93.4876
1149 93.4876
1150 93.4876
1151 93.4876
1152 93.4876
1153 93.4876
1154 93.4876
1155 93.4876
1156 93.4876
1157 93.4876
1158 93.4876
1159 93.1726
1160 93.1726
1161 93.1726
1162 93.1726
1163 93.1726
1164 93.1726
1165 93.1726
1166 93.1726
1167 93.0766
1168 92.8982
1169 92.8982
1170 92.8982
1171 92.8982
1172 92.8982
1173 92.8982
1174 92.8982
1175 92.8982
1176 92.8982
1177 92.8982
1178 92.8982
1179 92.8982
1180 92.8982
1181 92.8982
1182 92.8982
1183 92.8982
1184 92.8982
1185 92.8982
1186 92.8982
1187 92.8982
1188 92.8982
1189 92.8982
1190 92.8982
1191 92.8982
1192 92.8982
1193 92.8982
1194 92.8982
1195 92.8982
1196 92.8982
1197 92.8982
1198 92.8982
1199 92.8982
1200 92.8982
1201 92.8982
1202 92.8982
1203 92.8982
1204 92.8982
1205 92.8982
1206 92.8982
1207 92.8982
1208 92.8982
1209 92.8982
1210 92.8982
1211 92.8982
1212 92.8982
1213 92.8982
1214 92.8982
1215 92.8982
1216 92.8982
1217 92.8982
1218 92.8982
1219 92.8982
1220 92.8982
1221 92.8982
1222 92.8982
1223 92.8982
1224 92.8982
1225 92.8982
1226 92.8982
1227 92.8982
1228 92.8982
1229 92.8982
1230 92.8982
1231 92.3837
1232 92.3837
1233 92.3837
1234 92.3837
1235 92.3837
1236 92.3837
1237 92.3837
1238 92.3837
1239 92.3837
1240 92.3837
1241 92.3837
1242 92.3837
1243 92.3837
1244 92.3837
1245 92.3837
1246 92.3837
1247 92.3837
1248 92.3837
1249 92.3837
1250 92.3837
1251 92.3837
1252 92.059
1253 92.059
1254 92.059
1255 91.4896
1256 91.4896
1257 91.4896
1258 91.4896
1259 91.4896
1260 91.4896
1261 91.4896
1262 91.4896
1263 91.4896
1264 91.4896
1265 91.4896
1266 91.4896
1267 91.4896
1268 90.2799
1269 90.2799
1270 90.2799
1271 90.2799
1272 90.2799
1273 90.2799
1274 90.2799
1275 90.2799
1276 90.2799
1277 90.2799
1278 90.2799
1279 90.2799
1280 90.2799
1281 90.2799
1282 90.2799
1283 90.2799
1284 90.2799
1285 90.2799
1286 90.2799
1287 90.2799
1288 90.2799
1289 90.2799
1290 90.2799
1291 90.2799
1292 90.2799
1293 90.2799
1294 90.2799
1295 90.2799
1296 90.2799
1297 90.2799
1298 90.2799
1299 90.2799
1300 90.2799
1301 89.8906
1302 89.8906
1303 89.8906
1304 89.8906
1305 89.2287
1306 89.2287
1307 89.2287
1308 89.2287
1309 89.2287
1310 89.2287
1311 89.2287
1312 88.4058
1313 88.4058
1314 88.4058
1315 88.4058
1316 88.4058
1317 88.4058
1318 88.4058
1319 88.4058
1320 88.4058
1321 88.4058
1322 88.4058
1323 88.4058
1324 88.4058
1325 88.3673
1326 88.2464
1327 88.2464
1328 88.2464
1329 88.2464
1330 88.2464
1331 88.2464
1332 88.2464
1333 88.2464
1334 88.2464
1335 88.2464
1336 88.2464
1337 88.2464
1338 88.2464
1339 88.2464
1340 88.2464
1341 88.2464
1342 88.2464
1343 88.2464
1344 88.2464
1345 87.8855
1346 87.8855
1347 87.8855
1348 87.8855
1349 87.8855
1350 87.8855
1351 87.8855
1352 87.8855
1353 87.8855
1354 87.8855
1355 87.8855
1356 87.8855
1357 84.5332
1358 84.5332
1359 84.5332
1360 84.5332
1361 84.5332
1362 84.5332
1363 84.5332
1364 84.5332
1365 84.5332
1366 84.5332
1367 84.5332
1368 84.5332
1369 84.5332
1370 84.5332
1371 84.5332
1372 84.5332
1373 84.5332
1374 84.5332
1375 84.5332
1376 84.5332
1377 84.5332
1378 84.5332
1379 84.5332
1380 84.5332
1381 84.5332
1382 84.5332
1383 84.5332
1384 84.5332
1385 84.5332
1386 84.5332
1387 84.5332
1388 84.5332
1389 84.5332
1390 84.5332
1391 84.5332
1392 84.5332
1393 84.5332
1394 84.5332
1395 84.5332
1396 84.5332
1397 84.5332
1398 84.5332
1399 84.5332
1400 84.5332
1401 84.5332
1402 84.5332
1403 84.5332
1404 84.5332
1405 84.5332
1406 84.5332
1407 84.5332
1408 84.5332
1409 84.5332
1410 84.5332
1411 84.5332
1412 84.5332
1413 84.5332
1414 84.5332
1415 84.5332
1416 84.5332
1417 84.5332
1418 84.5332
1419 84.5332
1420 84.5332
1421 84.5332
1422 84.5332
1423 84.5332
1424 84.5332
1425 84.5332
1426 84.5332
1427 84.5332
1428 84.5332
1429 84.5332
1430 84.5332
1431 84.5332
1432 84.5332
1433 84.5332
1434 84.5332
1435 84.5332
1436 84.5332
1437 84.5332
1438 84.5332
1439 84.5332
1440 84.5332
1441 84.5332
1442 84.5332
1443 84.5332
1444 84.5332
1445 84.5332
1446 84.5332
1447 84.5332
1448 84.5332
1449 84.5332
1450 84.5332
1451 84.5332
1452 84.5332
1453 84.5332
1454 84.5332
1455 84.5332
1456 84.5332
1457 84.5332
1458 84.5332
1459 84.5332
1460 84.5332
1461 84.5332
1462 84.5332
1463 84.5332
1464 84.5332
1465 84.5332
1466 84.5332
1467 84.5332
1468 84.5332
1469 84.5332
1470 84.5332
1471 84.5332
1472 84.5332
1473 84.5332
1474 84.5332
1475 84.5332
1476 84.5332
1477 84.5332
1478 84.5332
1479 84.5332
1480 84.5332
1481 84.3414
1482 84.3414
1483 84.3414
1484 84.3414
1485 84.3414
1486 84.3414
1487 84.3414
1488 84.3414
1489 84.3414
1490 84.3414
1491 84.3414
1492 84.3414
1493 84.3414
1494 84.3414
1495 84.3414
1496 84.3414
1497 84.3414
1498 84.3414
1499 84.3414
1500 84.3414
1501 84.3414
1502 84.3414
1503 84.3414
1504 84.3414
1505 84.3414
1506 84.3414
1507 84.3414
1508 84.3414
1509 84.3414
1510 84.3414
1511 84.3414
1512 84.3414
1513 84.3414
1514 84.3414
1515 84.3414
1516 84.3414
1517 84.3414
1518 84.3414
1519 84.3414
1520 84.3414
1521 84.3414
1522 84.3414
1523 84.3414
1524 84.3414
1525 84.3414
1526 84.3414
1527 84.3414
1528 84.3414
1529 84.3414
1530 84.3414
1531 84.3414
1532 84.3414
1533 84.3414
1534 84.3414
1535 84.3414
1536 84.3414
1537 84.3414
1538 84.3414
1539 84.3414
1540 84.3414
1541 84.3414
1542 84.3414
1543 84.3414
1544 84.3414
1545 84.3414
1546 84.3414
1547 84.3414
1548 84.3414
1549 84.3414
1550 84.3414
1551 84.3414
1552 84.3414
1553 84.3414
1554 84.3414
1555 84.3414
1556 84.3414
1557 84.3414
1558 84.3414
1559 84.3414
1560 84.3414
1561 84.3414
1562 84.3414
1563 84.3414
1564 84.3414
1565 84.3414
1566 84.3414
1567 84.3414
1568 84.3414
1569 84.3414
1570 84.3414
1571 84.3414
1572 84.3414
1573 84.3414
1574 84.3414
1575 84.3414
1576 84.3414
1577 84.3414
1578 84.3414
1579 84.3414
1580 84.3414
1581 84.3414
1582 84.3414
1583 84.3414
1584 84.3414
1585 84.3414
1586 84.3414
1587 84.3414
1588 84.3414
1589 84.3414
1590 84.3414
1591 84.3414
1592 84.3414
1593 84.3414
1594 84.3414
1595 84.3414
1596 84.3414
1597 84.3414
1598 84.3414
1599 84.3414
1600 84.3414
1601 84.3414
1602 84.3414
1603 84.3414
1604 84.3414
1605 84.3414
1606 84.3414
1607 84.3414
1608 84.3414
1609 84.3414
1610 84.3414
1611 84.3414
1612 84.3414
1613 84.3414
1614 84.3414
1615 84.3414
1616 84.3414
1617 84.3414
1618 84.3414
1619 84.3414
1620 84.3414
1621 84.3414
1622 84.3414
1623 84.3414
1624 84.3414
1625 84.3414
1626 84.3414
1627 84.3414
1628 84.3414
1629 84.3414
1630 84.3414
1631 84.3414
1632 84.3414
1633 84.3414
1634 84.3414
1635 84.3414
1636 84.3414
1637 84.3414
1638 84.3414
1639 84.3414
1640 84.3414
1641 84.3414
1642 84.3414
1643 84.3414
1644 84.3414
1645 84.3414
1646 84.3414
1647 84.3414
1648 84.3414
1649 84.3414
1650 84.3414
1651 84.3414
1652 84.3414
1653 84.3414
1654 84.3414
1655 84.3414
1656 84.3414
1657 84.3414
1658 84.3414
1659 84.3414
1660 84.3414
1661 84.3414
1662 84.3414
1663 84.3414
1664 84.3414
1665 84.3414
1666 84.3414
1667 84.3414
1668 84.3414
1669 84.3414
1670 84.3414
1671 84.3414
1672 84.3414
1673 84.3414
1674 84.3414
1675 84.3414
1676 84.3414
1677 84.3414
1678 84.3414
1679 84.3414
1680 84.3414
1681 84.3414
1682 84.3414
1683 84.3414
1684 84.3414
1685 84.3414
1686 84.3414
1687 84.3414
1688 84.3414
1689 84.3414
1690 84.3414
1691 84.3414
1692 84.3414
1693 84.3414
1694 84.3414
1695 84.3414
1696 84.3414
1697 84.3414
1698 84.3414
1699 84.3414
1700 83.8764
1701 83.8764
1702 83.8764
1703 83.8764
1704 83.8764
1705 83.8764
1706 83.8764
1707 83.8764
1708 83.8764
1709 83.8764
1710 83.8764
1711 83.8764
1712 83.8764
1713 83.8764
1714 83.8764
1715 83.8764
1716 83.7434
1717 83.7434
1718 83.7434
1719 83.1897
1720 83.1897
1721 83.1897
1722 83.1897
1723 83.1897
1724 83.1897
1725 83.1897
1726 83.1897
1727 83.1897
1728 83.1897
1729 83.1897
1730 83.1897
1731 83.1897
1732 83.1897
1733 83.1897
1734 83.1897
1735 83.1897
1736 83.1897
1737 83.1897
1738 83.1897
1739 83.1897
1740 83.1897
1741 83.1897
1742 83.1897
1743 83.1897
1744 83.1897
1745 83.1897
1746 83.1897
1747 83.1897
1748 83.1897
1749 83.1897
1750 83.1897
1751 83.1897
1752 83.1897
1753 83.1897
1754 83.1897
1755 83.1897
1756 83.1897
1757 83.1897
1758 83.1897
1759 83.1897
1760 83.1897
1761 83.1897
1762 83.1897
1763 83.1897
1764 83.1897
1765 83.1897
1766 83.1897
1767 83.1897
1768 83.1897
1769 83.1897
1770 83.1897
1771 83.1897
1772 82.3073
1773 82.3073
1774 82.3073
1775 81.9769
1776 81.9769
1777 81.9769
1778 81.9769
1779 81.9769
1780 81.9769
1781 81.9769
1782 81.9769
1783 81.9769
1784 81.9769
1785 81.9769
1786 81.9769
1787 81.9769
1788 81.9769
1789 81.9769
1790 81.9769
1791 81.9769
1792 81.9769
1793 81.9769
1794 81.9769
1795 81.9769
1796 81.9769
1797 81.9769
1798 81.9769
1799 81.9769
1800 81.9769
1801 81.9769
1802 81.9769
1803 81.9769
1804 81.9769
1805 81.9769
1806 81.9769
1807 81.9769
1808 81.9769
1809 81.9769
1810 81.9769
1811 81.9769
1812 81.9769
1813 81.9769
1814 81.9769
1815 81.9769
1816 81.9769
1817 81.9769
1818 81.9769
1819 81.9769
1820 81.9769
1821 81.9769
1822 81.9769
1823 81.9769
1824 81.9769
1825 81.9769
1826 81.9769
1827 81.9769
1828 81.9769
1829 81.9769
1830 81.9769
1831 81.9769
1832 81.9769
1833 81.9769
1834 81.9769
1835 81.9746
1836 81.9746
1837 81.9746
1838 81.9595
1839 81.9595
1840 81.9595
1841 81.9595
1842 81.9595
1843 81.9595
1844 81.9595
1845 81.9595
1846 81.9595
1847 81.9595
1848 81.9595
1849 81.9595
1850 81.9595
1851 81.9595
1852 81.9595
1853 81.9595
1854 81.9595
1855 81.9595
1856 81.9595
1857 81.9595
1858 81.9595
1859 81.9595
1860 81.9595
1861 81.9595
1862 81.9595
1863 81.9595
1864 81.9595
1865 81.9595
1866 81.9595
1867 81.9595
1868 81.9595
1869 81.9595
1870 81.9595
1871 81.9595
1872 81.9595
1873 81.9595
1874 81.9595
1875 81.9595
1876 81.9595
1877 81.9595
1878 81.9595
1879 81.9595
1880 81.9595
1881 81.9595
1882 81.9595
1883 81.9595
1884 81.9595
1885 81.9595
1886 81.9595
1887 81.9595
1888 81.9595
1889 81.9595
1890 81.9595
1891 81.9595
1892 81.9595
1893 81.9595
1894 81.9595
1895 81.9595
1896 81.9595
1897 81.9595
1898 81.9595
1899 81.9595
1900 81.9595
1901 81.9595
1902 81.9595
1903 81.9595
1904 81.9595
1905 81.9595
1906 81.9595
1907 81.9595
1908 81.9595
1909 81.9595
1910 81.9595
1911 81.9595
1912 81.9595
1913 81.9595
1914 81.9595
1915 81.9595
1916 81.9595
1917 81.9595
1918 81.9595
1919 81.9595
1920 81.9595
1921 81.9595
1922 81.9595
1923 81.9595
1924 81.9595
1925 81.9595
1926 81.9595
1927 81.9595
1928 81.9595
1929 81.9595
1930 81.9595
1931 81.9595
1932 81.9595
1933 81.9595
1934 81.9595
1935 81.9595
1936 81.796
1937 81.4181
1938 81.4181
1939 81.4181
1940 81.4181
1941 81.4181
1942 81.4181
1943 81.4181
1944 81.1888
1945 81.1888
1946 81.1888
1947 81.1888
1948 81.1888
1949 81.1888
1950 81.1888
1951 81.1888
1952 81.1888
1953 81.1888
1954 81.1888
1955 81.1888
1956 81.1888
1957 81.1888
1958 81.1888
1959 81.1888
1960 81.1888
1961 81.1888
1962 81.1888
1963 81.1888
1964 81.1888
1965 81.1888
1966 81.1888
1967 81.1888
1968 81.1888
1969 81.1888
1970 81.1888
1971 81.1888
1972 81.1888
1973 81.1888
1974 81.1888
1975 81.1888
1976 81.1888
1977 81.1888
1978 81.1888
1979 81.1888
1980 81.1888
1981 81.1888
1982 81.1888
1983 81.1888
1984 81.1888
1985 81.1888
1986 81.1888
1987 81.1888
1988 81.1888
1989 81.1888
1990 81.1888
1991 81.1888
1992 81.1888
1993 81.1888
1994 81.1888
1995 81.1888
1996 81.1888
1997 81.1888
1998 81.1888
1999 81.1888
2000 81.1888
2001 81.1888
2002 81.1888
2003 81.1888
2004 81.1888
2005 81.1888
2006 81.1888
2007 81.1888
2008 81.1888
2009 81.1888
2010 81.1888
2011 81.1888
2012 81.1888
2013 81.1888
2014 81.1888
2015 81.1888
2016 81.1888
2017 81.1888
2018 81.1888
2019 81.1888
2020 81.1888
2021 81.1888
2022 81.1888
2023 81.1888
2024 81.1888
2025 81.1888
2026 81.1888
2027 81.1888
2028 81.1888
2029 81.1888
2030 81.1888
2031 81.1888
2032 81.1888
2033 81.1888
2034 81.1888
2035 81.1888
2036 81.1888
2037 81.1888
2038 81.1888
2039 81.1888
2040 81.1888
2041 81.1888
2042 81.1888
2043 81.1888
2044 81.1888
2045 81.1888
2046 81.1888
2047 81.1888
2048 81.1888
2049 81.1888
2050 81.1888
2051 81.1888
2052 81.1888
2053 81.1888
2054 81.1888
2055 81.1888
2056 81.1888
2057 81.1888
2058 81.1888
2059 81.1888
2060 81.1888
2061 81.1888
2062 81.1888
2063 81.1888
2064 81.1888
2065 81.1888
2066 81.1449
2067 81.1449
2068 81.1449
2069 81.1449
2070 81.1449
2071 81.1449
2072 81.1449
2073 81.1449
2074 81.1449
2075 81.1449
2076 81.1449
2077 80.3136
2078 79.7173
2079 79.7173
2080 79.7173
2081 79.7173
2082 79.7173
2083 79.7173
2084 78.1972
2085 78.1972
2086 78.1972
2087 78.1972
2088 78.1972
2089 78.1972
2090 78.1972
2091 78.1972
2092 78.1972
2093 78.1972
2094 78.1972
2095 78.1972
2096 78.1972
2097 78.1972
2098 78.1972
2099 78.1972
2100 78.1972
2101 78.1972
2102 78.1972
2103 78.1972
2104 78.1972
2105 78.1972
2106 78.1972
2107 78.1972
2108 78.1972
2109 78.1972
2110 78.1972
2111 78.1972
2112 78.1972
2113 78.1972
2114 78.1972
2115 78.1972
2116 78.1972
2117 78.1972
2118 78.1972
2119 78.1972
2120 78.1972
2121 78.1972
2122 78.1972
2123 78.1972
2124 78.1972
2125 78.1972
2126 78.1972
2127 78.1972
2128 78.1972
2129 78.1972
2130 78.1972
2131 78.1972
2132 78.1972
2133 78.1972
2134 78.1972
2135 78.1972
2136 78.1972
2137 78.1972
2138 78.1972
2139 78.1972
2140 78.1972
2141 78.1972
2142 78.1972
2143 78.1972
2144 78.1972
2145 78.1972
2146 78.1972
2147 78.1972
2148 78.1972
2149 78.1972
2150 78.1972
2151 78.1972
2152 78.1972
2153 78.1972
2154 78.1972
2155 78.1972
2156 78.1972
2157 78.1972
2158 78.1972
2159 78.1972
2160 78.1972
2161 78.1972
2162 78.1972
2163 78.1972
2164 78.1972
2165 78.1972
2166 78.1972
2167 78.1972
2168 78.1972
2169 78.1972
2170 78.1972
2171 78.1972
2172 78.1972
2173 78.1972
2174 78.1972
2175 78.1972
2176 78.1972
2177 78.1972
2178 78.1972
2179 78.1972
2180 78.1972
2181 78.1972
2182 78.1972
2183 78.1972
2184 78.1972
2185 78.1972
2186 78.1972
2187 78.1972
2188 78.1972
2189 78.1972
2190 78.1972
2191 78.1972
2192 78.1972
2193 78.1972
2194 78.1972
2195 78.1972
2196 78.1972
2197 78.1972
2198 78.1972
2199 78.1972
2200 78.1972
2201 78.1972
2202 78.1972
2203 78.1972
2204 78.1972
2205 78.1972
2206 78.1972
2207 78.1972
2208 78.1972
2209 78.1972
2210 78.1972
2211 78.1972
2212 78.1972
2213 78.1972
2214 78.1972
2215 78.1972
2216 78.1972
2217 78.1972
2218 78.1972
2219 78.1972
2220 78.1972
2221 78.1972
2222 78.1972
2223 78.1972
2224 78.1972
2225 78.1972
2226 78.1972
2227 78.1972
2228 78.1972
2229 78.1972
2230 78.1972
2231 78.1972
2232 78.1972
2233 78.1972
2234 78.1972
2235 78.1972
2236 78.1972
2237 78.1972
2238 78.1972
2239 78.1972
2240 78.1972
2241 78.1972
2242 78.1972
2243 78.1972
2244 78.1972
2245 78.1972
2246 78.1972
2247 78.1972
2248 78.1972
2249 78.1972
2250 78.1972
2251 78.1972
2252 78.1972
2253 78.1972
2254 78.1972
2255 78.1972
2256 78.1972
2257 78.1972
2258 78.1972
2259 78.1972
2260 78.1972
2261 78.1972
2262 78.1972
2263 78.1972
2264 78.1972
2265 78.1972
2266 78.1144
2267 77.9621
2268 77.9621
2269 77.3667
2270 77.3667
2271 77.3667
2272 77.3667
2273 77.036
2274 77.036
2275 77.036
2276 77.036
2277 77.036
2278 77.036
2279 77.036
2280 77.036
2281 77.036
2282 77.036
2283 77.036
2284 77.036
2285 77.036
2286 77.036
2287 77.036
2288 77.036
2289 77.036
2290 77.036
2291 77.036
2292 77.036
2293 77.036
2294 77.036
2295 77.036
2296 77.036
2297 77.036
2298 77.036
2299 77.036
2300 77.036
2301 77.036
2302 77.036
2303 77.036
2304 77.036
2305 77.036
2306 77.036
2307 77.036
2308 77.036
2309 77.036
2310 77.036
2311 77.0179
2312 77.0179
2313 77.0179
2314 77.0179
2315 77.0179
2316 77.0179
2317 77.0179
2318 77.0179
2319 77.0179
2320 77.0179
2321 77.0179
2322 77.0179
2323 77.0179
2324 77.0179
2325 77.0179
2326 77.0179
2327 77.0179
2328 77.0179
2329 77.0179
2330 77.0179
2331 77.0179
2332 77.0179
2333 76.7638
2334 76.7638
2335 76.7638
2336 76.7638
2337 76.7638
2338 76.7638
2339 76.7638
2340 76.7638
2341 76.7638
2342 76.7638
2343 76.7638
2344 76.7638
2345 76.7638
2346 76.7638
2347 76.7638
2348 76.7638
2349 76.7638
2350 76.7638
2351 76.7638
2352 76.7638
2353 76.7638
2354 76.7638
2355 76.7638
2356 76.7638
2357 76.7638
2358 76.7638
2359 76.7638
2360 76.7638
2361 76.7638
2362 76.7638
2363 76.7638
2364 76.7638
2365 76.7638
2366 76.7638
2367 76.7638
2368 76.7638
2369 76.7638
2370 76.7638
2371 76.7638
2372 76.7638
2373 76.7638
2374 76.7638
2375 76.7638
2376 76.7638
2377 76.7638
2378 76.7638
2379 76.7638
2380 76.7638
2381 76.7638
2382 76.7638
2383 76.7638
2384 76.7638
2385 76.7638
2386 76.7638
2387 76.7638
2388 76.7638
2389 76.7638
2390 76.7638
2391 76.7638
2392 76.7638
2393 76.7638
2394 76.7638
2395 76.7638
2396 76.7638
2397 76.7638
2398 76.7638
2399 76.7638
2400 76.7638
2401 76.7638
2402 76.7638
2403 76.7638
2404 76.7638
2405 76.7638
2406 76.7638
2407 76.7638
2408 76.7638
2409 76.7638
2410 76.7638
2411 76.7638
2412 76.7638
2413 76.7638
2414 76.7638
2415 76.7638
2416 76.7638
2417 76.7638
2418 76.7638
2419 76.7638
2420 76.7638
2421 76.7638
2422 76.7638
2423 76.7638
2424 76.7638
2425 76.7638
2426 76.7638
2427 76.7638
2428 76.7638
2429 76.7638
2430 76.7638
2431 76.7638
2432 76.7638
2433 76.7638
2434 76.7638
2435 76.7638
2436 76.7638
2437 76.7638
2438 76.7638
2439 76.7638
2440 76.7638
2441 76.7638
2442 76.7638
2443 76.7638
2444 76.7638
2445 76.7638
2446 76.7638
2447 76.7638
2448 76.7638
2449 76.7638
2450 76.7638
2451 76.7638
2452 76.7638
2453 76.7638
2454 76.7638
2455 76.7638
2456 76.7638
2457 76.7638
2458 76.7638
2459 76.7638
2460 76.7638
2461 76.7638
2462 76.7638
2463 76.7638
2464 76.7638
2465 76.7638
2466 76.7638
2467 76.7638
2468 76.7638
2469 76.7638
2470 76.7638
2471 76.7638
2472 76.7638
2473 76.7638
2474 76.7638
2475 76.7638
2476 76.7638
2477 76.7638
2478 76.7638
2479 76.7638
2480 76.7638
2481 76.7638
2482 76.7638
2483 76.7638
2484 76.7638
2485 76.7638
2486 76.7638
2487 76.7638
2488 76.7638
2489 76.7638
2490 76.7638
2491 76.7638
2492 76.7638
2493 76.7638
2494 76.7638
2495 76.7638
2496 76.7638
2497 76.7638
2498 76.7638
2499 76.7638
2500 76.7638
2501 76.7638
2502 76.7638
2503 76.7638
2504 76.7638
2505 76.7638
2506 76.7638
2507 76.7638
2508 76.7638
2509 76.7638
2510 76.7638
2511 76.7638
2512 76.7638
2513 76.7638
2514 76.7638
2515 76.7638
2516 76.7638
2517 76.7638
2518 76.7638
2519 76.7638
2520 76.7638
2521 76.7638
2522 76.7638
2523 76.7638
2524 76.7638
2525 76.7638
2526 76.7638
2527 76.7638
2528 76.7638
2529 76.7638
2530 76.7638
2531 76.7638
2532 76.7638
2533 76.7638
2534 76.7638
2535 76.7638
2536 76.7638
2537 76.7638
2538 76.7638
2539 76.7638
2540 76.7638
2541 76.7638
2542 76.7638
2543 76.7638
2544 76.7638
2545 76.7638
2546 76.7638
2547 76.7638
2548 76.7638
2549 76.7638
2550 76.7638
2551 76.7638
2552 76.7638
2553 76.7638
2554 76.7638
2555 76.7638
2556 76.7638
2557 76.7638
2558 76.7638
2559 76.7638
2560 76.7638
2561 76.7638
2562 76.7638
2563 76.7638
2564 76.7638
2565 76.3739
2566 76.3739
2567 76.3739
2568 76.3739
2569 76.3739
2570 76.3739
2571 76.3739
2572 76.3739
2573 76.3739
2574 76.3739
2575 76.3739
2576 76.3739
2577 76.3739
2578 76.3739
2579 76.3739
2580 76.3739
2581 76.3739
2582 76.3739
2583 76.3739
2584 76.3739
2585 76.3739
2586 76.3739
2587 76.3739
2588 76.3739
2589 76.3739
2590 76.3739
2591 76.3739
2592 76.3739
2593 76.3739
2594 76.3739
2595 76.3739
2596 76.3739
2597 76.3739
2598 76.3739
2599 76.3739
2600 76.3739
2601 76.3739
2602 76.3739
2603 76.3739
2604 76.3739
2605 76.3739
2606 76.3739
2607 76.3739
2608 76.3739
2609 76.3739
2610 76.3739
2611 76.3739
2612 76.3739
2613 76.3739
2614 76.3739
2615 76.3739
2616 76.3739
2617 76.3739
2618 76.3739
2619 76.3739
2620 76.3739
2621 76.3739
2622 76.3739
2623 76.3739
2624 76.3739
2625 76.3151
2626 76.3151
2627 76.3151
2628 76.3151
2629 76.3151
2630 76.3151
2631 76.2493
2632 76.2493
2633 76.2493
2634 76.2493
2635 76.2493
2636 76.2493
2637 76.2493
2638 76.2493
2639 76.2493
2640 76.2493
2641 76.2493
2642 76.2493
2643 76.2493
2644 76.2493
2645 76.2493
2646 76.2493
2647 76.2493
2648 76.2493
2649 76.2493
2650 76.2493
2651 76.2493
2652 76.2493
2653 76.2493
2654 76.2493
2655 76.2493
2656 76.2493
2657 76.2493
2658 76.2493
2659 76.2493
2660 76.2493
2661 76.2493
2662 76.2493
2663 76.2493
2664 76.2493
2665 76.2493
2666 76.2493
2667 76.2493
2668 76.2493
2669 76.2493
2670 76.2493
2671 76.2493
2672 76.2493
2673 76.2493
2674 76.2493
2675 76.2493
2676 76.2493
2677 76.2493
2678 76.2493
2679 76.2493
2680 76.2493
2681 76.2493
2682 76.2493
2683 76.2493
2684 76.2493
2685 76.2493
2686 76.2493
2687 76.2493
2688 76.2493
2689 76.2493
2690 76.2493
2691 76.2493
2692 76.2493
2693 76.2493
2694 76.2493
2695 76.2493
2696 76.2493
2697 76.2493
2698 76.2493
2699 76.2493
2700 76.2493
2701 76.2493
2702 76.2493
2703 76.2493
2704 76.2493
2705 76.2493
2706 76.2493
2707 76.2493
2708 76.2493
2709 76.2493
2710 76.2493
2711 76.2493
2712 76.2493
2713 76.2493
2714 76.2493
2715 76.2493
2716 76.2493
2717 76.2493
2718 76.2493
2719 76.2493
2720 76.2493
2721 76.2493
2722 76.2493
2723 76.2493
2724 76.2493
2725 76.2493
2726 76.2493
2727 76.2493
2728 76.2493
2729 76.2493
2730 76.2493
2731 76.2493
2732 76.2493
2733 76.2493
2734 76.2493
2735 76.2493
2736 76.2493
2737 76.2493
2738 76.2493
2739 76.2493
2740 76.2493
2741 76.2493
2742 76.2493
2743 76.2493
2744 76.2493
2745 76.2493
2746 76.2493
2747 76.2493
2748 76.2493
2749 76.2493
2750 76.2493
2751 76.2493
2752 76.2493
2753 76.2493
2754 76.2493
2755 76.2493
2756 76.2493
2757 76.2493
2758 76.2493
2759 76.2493
2760 76.2493
2761 76.2493
2762 76.2493
2763 76.2493
2764 76.2493
2765 76.2493
2766 76.2493
2767 76.2493
2768 76.2493
2769 76.2493
2770 76.2493
2771 76.2493
2772 76.2493
2773 76.2493
2774 76.2493
2775 76.2493
2776 76.2493
2777 76.2493
2778 76.2493
2779 76.2493
2780 76.2493
2781 76.2493
2782 76.2493
2783 76.2493
2784 76.2493
2785 76.2493
2786 76.2493
2787 76.2493
2788 76.2493
2789 76.2493
2790 76.2493
2791 76.2493
2792 76.2493
2793 76.2493
2794 76.2493
2795 76.2493
2796 76.2493
2797 76.2493
2798 76.2493
2799 76.2493
2800 76.2493
2801 76.2493
2802 76.2493
2803 76.2493
2804 76.2493
2805 76.2493
2806 76.2493
2807 76.2493
2808 76.2493
2809 75.9812
2810 75.9812
2811 75.9812
2812 75.9812
2813 75.9812
2814 75.9812
2815 75.9812
2816 75.9812
2817 75.9812
2818 75.9812
2819 75.9812
2820 75.9812
2821 75.9812
2822 75.9812
2823 75.9812
2824 75.9812
2825 75.9812
2826 75.9812
2827 75.9812
2828 75.9812
2829 75.9812
2830 75.9812
2831 75.9812
2832 75.9812
2833 75.9812
2834 75.9812
2835 75.9812
2836 75.9812
2837 75.9812
2838 75.9812
2839 75.9812
2840 75.9812
2841 75.9812
2842 75.9812
2843 75.9812
2844 75.9812
2845 75.9812
2846 75.9812
2847 75.9812
2848 75.9812
2849 75.9812
2850 75.9812
2851 75.9812
2852 75.9812
2853 75.9812
2854 75.9812
2855 75.9812
2856 75.9812
2857 75.9812
2858 75.9812
2859 75.9812
2860 75.9812
2861 75.9812
2862 75.9812
2863 75.9812
2864 75.9812
2865 75.9812
2866 75.9812
2867 75.9812
2868 75.9812
2869 75.9812
2870 75.9812
2871 75.9812
2872 75.9812
2873 75.9812
2874 75.9812
2875 75.9812
2876 75.9812
2877 75.9812
2878 75.9812
2879 75.9812
2880 75.9812
2881 75.9812
2882 75.9812
2883 75.9812
2884 75.9812
2885 75.9812
2886 75.9812
2887 75.9812
2888 75.9812
2889 75.9812
2890 75.9812
2891 75.9812
2892 75.9812
2893 75.9812
2894 75.9812
2895 75.9812
2896 75.9812
2897 75.9812
2898 75.9812
2899 75.9812
2900 75.9812
2901 75.9812
2902 75.9812
2903 75.9812
2904 75.9812
2905 75.9812
2906 75.9812
2907 75.9812
2908 75.9812
2909 75.9812
2910 75.9812
2911 75.9812
2912 75.9812
2913 75.9812
2914 75.9812
2915 75.9812
2916 75.9812
2917 75.9812
2918 75.9812
2919 75.9812
2920 75.9812
2921 75.9812
2922 75.9812
2923 75.9812
2924 75.9812
2925 75.9812
2926 75.9812
2927 75.9812
2928 75.9812
2929 75.9812
2930 75.9812
2931 75.9812
2932 75.9812
2933 75.9812
2934 75.9812
2935 75.9812
2936 75.9812
2937 75.9812
2938 75.9812
2939 75.9812
2940 75.9812
2941 75.9812
2942 75.9812
2943 75.9812
2944 75.9812
2945 75.9812
2946 75.9812
2947 75.9812
2948 75.9812
2949 75.9812
2950 75.9812
2951 75.9812
2952 75.9812
2953 75.9812
2954 75.9812
2955 75.9812
2956 75.9812
2957 75.9812
2958 75.9812
2959 75.9812
2960 75.9812
2961 75.9812
2962 75.9812
2963 75.9812
2964 75.9812
2965 75.9812
2966 75.9812
2967 75.9812
2968 75.9812
2969 75.9812
2970 75.9812
2971 75.9812
2972 75.9812
2973 75.9812
2974 75.9812
2975 75.9812
2976 75.9812
2977 75.9812
2978 75.8376
2979 75.2948
2980 75.2948
2981 75.2948
2982 75.2948
2983 75.2948
2984 75.2948
2985 75.2948
2986 75.2948
2987 75.2948
2988 75.2948
2989 75.2948
2990 75.2948
2991 75.2948
2992 75.2948
2993 75.2948
2994 75.2948
2995 75.2948
2996 75.2948
2997 75.2948
2998 75.2948
2999 75.2948
3000 75.2948
3001 75.2948
3002 75.2948
3003 75.2948
3004 75.2948
3005 75.2948
3006 75.2948
3007 75.2948
3008 75.2948
3009 75.2948
3010 75.2948
3011 75.2948
3012 75.2948
3013 75.2948
3014 75.2948
3015 75.2948
3016 75.2948
3017 75.2948
3018 75.2948
3019 75.2948
3020 75.2948
3021 75.2948
3022 75.2948
3023 75.2948
3024 75.2948
3025 75.2948
3026 75.2948
3027 75.2948
3028 75.2948
3029 75.2948
3030 75.2948
3031 75.2948
3032 75.2948
3033 75.2948
3034 75.2948
3035 75.2948
3036 75.2948
3037 75.2948
3038 75.2948
3039 75.2948
3040 75.2948
3041 75.2948
3042 75.2948
3043 75.2948
3044 75.2948
3045 75.2948
3046 75.2948
3047 75.2948
3048 75.2948
3049 75.2948
3050 75.2948
3051 75.2948
3052 75.2948
3053 75.2948
3054 75.2948
3055 75.2948
3056 75.2948
3057 75.2948
3058 75.2948
3059 75.2948
3060 75.2948
3061 75.2948
3062 75.2948
3063 75.2948
3064 75.2948
3065 75.2948
3066 75.2948
3067 75.2948
3068 75.2948
3069 75.2948
3070 75.2948
3071 75.2948
3072 75.2948
3073 75.2948
3074 75.2948
3075 75.2948
3076 75.2948
3077 75.2948
3078 75.2948
3079 75.2948
3080 75.2948
3081 75.2948
3082 75.2948
3083 75.2948
3084 75.2948
3085 75.2948
3086 75.2948
3087 75.2948
3088 75.2948
3089 75.2948
3090 75.2948
3091 75.2948
3092 75.2948
3093 75.2948
3094 75.2948
3095 75.2948
3096 75.2948
3097 75.2948
3098 75.2948
3099 75.2948
3100 75.2948
3101 75.2948
3102 75.2948
3103 75.2948
3104 75.2948
3105 75.2948
3106 75.2948
3107 75.2948
3108 75.2948
3109 75.2948
3110 75.2948
3111 75.2948
3112 75.2948
3113 75.2948
3114 75.2948
3115 75.2948
3116 75.2948
3117 75.2948
3118 75.2948
3119 75.2948
3120 75.2948
3121 75.2948
3122 75.2948
3123 75.2948
3124 75.2948
3125 75.2948
3126 75.2948
3127 75.2948
3128 75.2948
3129 75.2948
3130 75.2948
3131 75.2948
3132 75.2948
3133 75.2948
3134 75.2948
3135 75.2948
3136 75.2948
3137 75.2948
3138 75.2948
3139 75.2948
3140 75.2948
3141 75.2948
3142 75.2948
3143 75.2948
3144 75.2948
3145 75.2948
3146 75.2948
3147 75.2948
3148 75.2948
3149 75.2948
3150 75.2948
3151 75.2948
3152 75.2948
3153 75.2948
3154 75.2948
3155 75.2948
3156 75.2948
3157 75.2948
3158 75.2948
3159 75.2948
3160 75.2948
3161 75.2948
3162 75.2948
3163 75.2948
3164 75.2948
3165 75.2948
3166 75.2948
3167 75.2948
3168 75.2948
3169 75.2948
3170 75.2948
3171 75.2948
3172 75.2948
3173 75.2948
3174 75.2948
3175 75.2948
3176 75.2948
3177 75.2948
3178 75.2948
3179 75.2948
3180 75.2948
3181 75.2948
3182 75.2948
3183 74.9181
3184 74.9181
3185 74.9181
3186 74.9181
3187 74.9181
3188 74.9181
3189 74.9181
3190 74.9181
3191 74.9181
3192 74.9181
3193 74.9181
3194 74.9181
3195 74.9181
3196 74.9181
3197 74.9181
3198 74.9181
3199 74.9181
3200 74.9181
3201 74.9181
3202 74.9181
3203 74.9181
3204 74.9181
3205 74.9181
3206 74.9181
3207 74.9181
3208 74.9181
3209 74.9181
3210 74.9181
3211 74.9181
3212 74.9181
3213 74.9181
3214 74.9181
3215 74.9181
3216 74.9181
3217 74.9181
3218 74.9181
3219 74.9181
3220 74.9181
3221 74.9181
3222 74.9181
3223 74.9181
3224 74.9181
3225 74.9181
3226 74.9181
3227 74.9181
3228 74.9181
3229 74.9181
3230 74.9181
3231 74.9181
3232 74.9181
3233 74.9181
3234 74.9181
3235 74.9181
3236 74.9181
3237 74.9181
3238 74.9181
3239 74.9181
3240 74.9181
3241 74.9181
3242 74.9181
3243 74.9181
3244 74.9181
3245 74.9181
3246 74.9181
3247 74.9181
3248 74.9181
3249 74.9181
3250 74.9181
3251 74.9181
3252 74.9181
3253 74.9181
3254 74.9181
3255 74.9181
3256 74.9181
3257 74.9181
3258 74.9181
3259 74.9181
3260 74.9181
3261 74.9181
3262 74.9181
3263 74.9181
3264 74.9181
3265 74.9181
3266 74.9181
3267 74.9181
3268 74.9181
3269 74.9181
3270 74.9181
3271 74.9181
3272 74.9181
3273 74.9181
3274 74.9181
3275 74.9181
3276 74.9181
3277 74.9181
3278 74.9181
3279 74.9181
3280 74.9181
3281 74.9181
3282 74.9181
3283 74.9181
3284 74.9181
3285 74.9181
3286 74.9181
3287 74.9181
3288 74.9181
3289 74.9181
3290 74.9181
3291 74.9181
3292 74.9181
3293 74.9181
3294 74.9181
3295 74.9181
3296 74.9181
3297 74.9181
3298 74.9181
3299 74.9181
3300 74.9181
3301 74.9181
3302 74.9181
3303 74.9181
3304 74.9181
3305 74.9181
3306 74.9181
3307 74.9181
3308 74.9181
3309 74.9181
3310 74.9181
3311 74.9181
3312 74.9181
3313 74.9181
3314 74.9181
3315 74.9181
3316 74.9181
3317 74.9181
3318 74.9181
3319 74.9181
3320 74.9181
3321 74.9181
3322 74.9181
3323 74.9181
3324 74.9181
3325 74.9181
3326 74.9181
3327 74.9181
3328 74.9181
3329 74.9181
3330 74.9181
3331 74.9181
3332 74.9181
3333 74.9181
3334 74.9181
3335 74.9181
3336 74.9181
3337 74.9181
3338 74.9181
3339 74.9181
3340 74.9181
3341 74.9181
3342 74.9181
3343 74.9181
3344 74.9181
3345 74.9181
3346 74.9181
3347 74.9181
3348 74.9181
3349 74.9181
3350 74.9181
3351 74.9181
3352 74.9181
3353 74.9181
3354 74.9181
3355 74.9181
3356 74.9181
3357 74.9181
3358 74.9181
3359 74.9181
3360 74.9181
3361 74.9181
3362 74.9181
3363 74.9181
3364 74.9181
3365 74.9181
3366 74.9181
3367 74.9181
3368 74.9181
3369 74.9181
3370 74.9181
3371 74.9181
3372 74.9181
3373 74.9181
3374 74.9181
3375 74.9181
3376 74.9181
3377 74.9181
3378 74.9181
3379 74.9181
3380 74.9181
3381 74.9181
3382 74.9181
3383 74.9181
3384 74.9181
3385 74.9181
3386 74.9181
3387 74.9181
3388 74.9181
3389 74.9181
3390 74.9181
3391 74.9181
3392 74.9181
3393 74.9181
3394 74.9181
3395 74.9181
3396 74.9181
3397 74.9181
3398 74.9181
3399 74.9181
3400 74.9181
3401 74.9181
3402 74.9181
3403 74.9181
3404 74.9181
3405 74.9181
3406 74.9181
3407 74.9181
3408 74.9181
3409 74.9181
3410 74.9181
3411 74.9181
3412 74.9181
3413 74.9181
3414 74.9181
3415 74.9181
3416 74.9181
3417 74.9181
3418 74.9181
3419 74.9181
3420 74.9181
3421 74.9181
3422 74.9181
3423 74.9181
3424 74.9181
3425 74.9181
3426 74.9181
3427 74.9181
3428 74.9181
3429 74.9181
3430 74.9181
3431 74.9181
3432 74.9181
3433 74.9181
3434 74.9181
3435 74.9181
3436 74.9181
3437 74.9181
3438 74.9181
3439 74.9181
3440 74.9181
3441 74.9181
3442 74.9181
3443 74.9181
3444 74.9181
3445 74.9181
3446 74.9181
3447 74.9181
3448 74.9181
3449 74.9181
3450 74.9181
3451 74.9181
3452 74.9181
3453 74.9181
3454 74.9181
3455 74.9181
3456 74.9181
3457 74.9181
3458 74.9181
3459 74.9181
3460 74.9181
3461 74.9181
3462 74.9181
3463 74.9181
3464 74.9181
3465 74.9181
3466 74.9181
3467 74.9181
3468 74.9181
3469 74.9181
3470 74.9181
3471 74.9181
3472 74.9181
3473 74.9181
3474 74.9181
3475 74.9181
3476 74.9181
3477 74.9181
3478 74.9181
3479 74.9181
3480 74.9181
3481 74.9181
3482 74.9181
3483 74.9181
3484 74.9181
3485 74.9181
3486 74.9181
3487 74.9181
3488 74.9181
3489 74.9181
3490 74.9181
3491 74.9181
3492 74.9181
3493 74.9181
3494 74.9181
3495 74.9181
3496 74.9181
3497 74.9181
3498 74.9181
3499 74.9181
3500 74.9181
3501 74.9181
3502 74.9181
3503 74.9181
3504 74.9181
3505 74.9181
3506 74.9181
3507 74.9181
3508 74.9181
3509 74.9181
3510 74.9181
3511 74.9181
3512 74.9181
3513 74.9181
3514 74.9181
3515 74.9181
3516 74.9181
3517 74.9181
3518 74.9181
3519 74.9181
3520 74.9181
3521 74.9181
3522 74.9181
3523 74.9181
3524 74.9181
3525 74.9181
3526 74.9181
3527 74.7546
3528 74.7546
3529 74.7546
3530 74.7546
3531 74.7546
3532 74.7546
3533 74.7546
3534 74.7546
3535 74.7546
3536 74.7546
3537 74.7546
3538 74.7546
3539 74.7546
3540 74.7546
3541 74.7546
3542 74.7546
3543 74.7546
3544 74.7546
3545 74.7546
3546 74.7546
3547 74.7546
3548 74.7546
3549 74.7546
3550 74.7546
3551 74.7546
3552 74.7546
3553 74.7546
3554 74.7546
3555 74.7546
3556 74.7546
3557 74.7546
3558 74.7546
3559 74.7546
3560 74.7546
3561 74.7546
3562 74.7546
3563 74.7546
3564 74.7546
3565 74.7546
3566 74.7546
3567 74.7546
3568 74.7546
3569 74.7546
3570 74.7546
3571 74.7546
3572 74.7546
3573 74.7546
3574 74.7546
3575 74.7546
3576 74.7546
3577 74.7546
3578 74.7546
3579 74.7546
3580 74.7546
3581 74.7546
3582 74.7546
3583 74.7546
3584 74.7546
3585 74.7546
3586 74.7546
3587 74.7546
3588 74.7546
3589 74.7546
3590 74.7546
3591 74.7546
3592 74.7546
3593 74.7546
3594 74.7546
3595 74.7546
3596 74.7546
3597 74.7546
3598 74.7546
3599 74.7546
3600 74.7546
3601 74.7546
3602 74.7546
3603 74.7546
3604 74.7546
3605 74.7546
3606 74.7546
3607 74.7546
3608 74.7546
3609 74.7546
3610 74.7546
3611 74.7546
3612 74.7546
3613 74.7546
3614 74.7546
3615 74.7546
3616 74.7546
3617 74.7158
3618 74.7158
3619 74.7158
3620 74.7158
3621 74.7158
3622 74.7158
3623 74.7158
3624 74.7158
3625 74.7158
3626 74.7158
3627 74.7158
3628 74.7158
3629 74.7158
3630 74.7158
3631 74.7158
3632 74.7158
3633 74.7158
3634 74.7158
3635 74.7158
3636 74.7158
3637 74.7158
3638 74.7158
3639 74.7158
3640 74.7158
3641 74.7158
3642 74.7158
3643 74.7158
3644 74.7158
3645 74.7158
3646 74.7158
3647 74.7158
3648 74.7158
3649 74.7158
3650 74.7158
3651 74.7158
3652 74.7158
3653 74.7158
3654 74.7158
3655 74.7158
3656 74.7158
3657 74.7158
3658 74.7158
3659 74.7158
3660 74.7158
3661 74.7158
3662 74.7158
3663 74.7158
3664 74.7158
3665 74.7158
3666 74.7158
3667 74.7158
3668 74.7158
3669 74.7158
3670 74.7158
3671 74.7158
3672 74.7158
3673 74.7158
3674 74.7158
3675 74.7158
3676 74.7158
3677 74.7158
3678 74.7158
3679 74.7158
3680 74.7158
3681 74.7158
3682 74.7158
3683 74.7158
3684 74.7158
3685 74.7158
3686 74.7158
3687 74.7158
3688 74.7158
3689 74.7158
3690 74.7158
3691 74.7158
3692 74.7158
3693 74.7158
3694 74.7158
3695 74.7158
3696 74.7158
3697 74.7158
3698 74.7158
3699 74.7158
3700 74.7158
3701 74.7158
3702 74.7158
3703 74.7158
3704 74.7158
3705 74.7158
3706 74.7158
3707 74.7158
3708 74.7158
3709 74.7158
3710 74.7158
3711 74.7158
3712 74.7158
3713 74.7158
3714 74.7158
3715 74.7158
3716 74.7158
3717 74.7158
3718 74.7158
3719 74.7158
3720 74.7158
3721 74.7158
3722 74.7158
3723 74.7158
3724 74.7158
3725 74.7158
3726 74.7158
3727 74.7158
3728 74.7158
3729 74.7158
3730 74.7158
3731 74.7158
3732 74.7158
3733 74.7158
3734 74.7158
3735 74.7158
3736 74.7158
3737 74.7158
3738 74.7158
3739 74.7158
3740 74.7158
3741 74.7158
3742 74.7158
3743 74.7158
3744 74.7158
3745 74.7158
3746 74.7158
3747 74.7158
3748 74.7158
3749 74.7158
3750 74.7158
3751 74.7158
3752 74.4211
3753 74.4211
3754 74.4211
3755 74.4211
3756 74.4211
3757 74.4211
3758 74.4211
3759 74.4211
3760 74.4211
3761 74.4211
3762 74.4211
3763 74.4211
3764 74.4211
3765 74.4211
3766 74.4211
3767 74.188
3768 74.188
3769 74.188
3770 74.188
3771 74.188
3772 74.188
3773 74.188
3774 74.188
3775 74.188
3776 74.188
3777 74.188
3778 74.188
3779 74.188
3780 74.188
3781 74.188
3782 74.188
3783 74.188
3784 74.188
3785 74.188
3786 74.188
3787 74.188
3788 74.188
3789 74.188
3790 74.188
3791 74.188
3792 74.188
3793 74.188
3794 74.188
3795 74.188
3796 74.188
3797 74.188
3798 74.188
3799 74.188
3800 74.188
3801 74.188
3802 74.188
3803 74.188
3804 74.188
3805 74.1017
3806 74.1017
3807 74.1017
3808 74.1017
3809 74.1017
3810 74.1017
3811 74.1017
3812 74.1017
3813 74.1017
3814 74.1017
3815 74.1017
3816 74.1017
3817 74.1017
3818 74.1017
3819 74.1017
3820 74.1017
3821 74.1017
3822 74.1017
3823 74.1017
3824 74.1017
3825 74.1017
3826 74.1017
3827 74.1017
3828 74.1017
3829 74.1017
3830 74.1017
3831 74.1017
3832 74.1017
3833 74.1017
3834 74.1017
3835 74.1017
3836 74.1017
3837 74.1017
3838 74.1017
3839 74.1017
3840 74.1017
3841 74.1017
3842 74.1017
3843 73.3007
3844 73.3007
3845 73.3007
3846 73.3007
3847 73.3007
3848 73.3007
3849 73.3007
3850 73.3007
3851 73.3007
3852 73.3007
3853 73.3007
3854 73.3007
3855 73.3007
3856 73.3007
3857 73.3007
3858 73.3007
3859 73.3007
3860 73.3007
3861 73.3007
3862 73.3007
3863 73.3007
3864 73.3007
3865 73.3007
3866 73.3007
3867 73.3007
3868 73.3007
3869 73.3007
3870 73.3007
3871 73.3007
3872 73.3007
3873 73.3007
3874 73.3007
3875 73.3007
3876 73.3007
3877 73.3007
3878 73.3007
3879 73.3007
3880 73.3007
3881 73.3007
3882 73.3007
3883 73.3007
3884 73.3007
3885 73.3007
3886 73.3007
3887 73.3007
3888 73.3007
3889 73.3007
3890 73.3007
3891 73.3007
3892 73.3007
3893 73.3007
3894 73.3007
3895 73.3007
3896 73.3007
3897 73.3007
3898 73.3007
3899 73.3007
3900 73.3007
3901 73.3007
3902 73.3007
3903 73.3007
3904 73.3007
3905 73.3007
3906 73.3007
3907 73.3007
3908 73.3007
3909 73.3007
3910 73.3007
3911 73.3007
3912 73.3007
3913 73.3007
3914 73.3007
3915 73.3007
3916 73.3007
3917 73.3007
3918 73.3007
3919 73.3007
3920 73.3007
3921 73.3007
3922 73.3007
3923 73.3007
3924 73.3007
3925 73.3007
3926 73.3007
3927 73.3007
3928 73.3007
3929 73.3007
3930 73.3007
3931 73.3007
3932 73.3007
3933 73.3007
3934 73.3007
3935 73.3007
3936 73.3007
3937 73.3007
3938 73.3007
3939 73.3007
3940 73.3007
3941 73.3007
3942 73.3007
3943 73.3007
3944 73.3007
3945 73.3007
3946 73.3007
3947 73.3007
3948 73.3007
3949 73.3007
3950 73.3007
3951 73.3007
3952 73.3007
3953 73.3007
3954 73.3007
3955 73.3007
3956 73.3007
3957 73.3007
3958 73.3007
3959 73.3007
3960 73.3007
3961 73.3007
3962 73.3007
3963 73.3007
3964 73.3007
3965 73.3007
3966 73.3007
3967 73.3007
3968 73.3007
3969 73.3007
3970 73.3007
3971 73.3007
3972 73.3007
3973 73.3007
3974 73.3007
3975 73.3007
3976 73.3007
3977 73.3007
3978 73.3007
3979 73.3007
3980 73.3007
3981 73.3007
3982 73.3007
3983 73.3007
3984 73.3007
3985 73.3007
3986 73.3007
3987 73.3007
3988 73.3007
3989 73.3007
3990 73.3007
3991 73.3007
3992 73.3007
3993 73.3007
3994 73.3007
3995 73.3007
3996 73.3007
3997 73.3007
3998 73.3007
3999 73.3007
4000 73.3007
4001 73.3007
4002 73.3007
4003 73.3007
4004 73.3007
4005 73.3007
4006 73.3007
4007 73.3007
4008 73.3007
4009 73.3007
4010 73.3007
4011 73.3007
4012 73.3007
4013 73.3007
4014 73.3007
4015 73.3007
4016 73.3007
4017 73.3007
4018 73.3007
4019 73.3007
4020 73.3007
4021 73.3007
4022 73.3007
4023 73.3007
4024 73.3007
4025 73.3007
4026 73.3007
4027 73.3007
4028 73.3007
4029 73.3007
4030 73.3007
4031 73.3007
4032 73.3007
4033 73.3007
4034 73.3007
4035 73.3007
4036 73.3007
4037 73.3007
4038 73.3007
4039 73.3007
4040 73.3007
4041 73.3007
4042 73.3007
4043 73.3007
4044 73.3007
4045 73.3007
4046 73.3007
4047 73.3007
4048 73.3007
4049 73.3007
4050 73.3007
4051 73.3007
4052 73.3007
4053 73.3007
4054 73.3007
4055 73.3007
4056 73.3007
4057 73.3007
4058 73.3007
4059 73.3007
4060 73.3007
4061 73.3007
4062 73.3007
4063 73.3007
4064 73.3007
4065 73.3007
4066 73.3007
4067 73.3007
4068 73.3007
4069 73.3007
4070 73.3007
4071 73.3007
4072 73.3007
4073 73.3007
4074 73.3007
4075 73.3007
4076 73.3007
4077 73.3007
4078 73.3007
4079 73.3007
4080 73.3007
4081 73.3007
4082 73.3007
4083 73.3007
4084 73.3007
4085 73.3007
4086 73.3007
4087 73.3007
4088 73.3007
4089 73.3007
4090 73.3007
4091 73.3007
4092 73.3007
4093 73.3007
4094 73.3007
4095 73.3007
4096 73.3007
4097 73.3007
4098 73.3007
4099 73.3007
4100 73.3007
4101 73.3007
4102 73.3007
4103 73.3007
4104 73.3007
4105 73.3007
4106 73.3007
4107 73.3007
4108 73.3007
4109 73.3007
4110 73.3007
4111 73.3007
4112 73.3007
4113 73.3007
4114 73.3007
4115 73.3007
4116 73.3007
4117 73.3007
4118 73.3007
4119 73.3007
4120 73.3007
4121 73.3007
4122 73.3007
4123 73.3007
4124 73.3007
4125 73.3007
4126 73.3007
4127 73.3007
4128 73.3007
4129 73.3007
4130 73.3007
4131 72.9705
4132 72.9705
4133 72.9705
4134 72.9705
4135 72.9705
4136 72.9705
4137 72.9705
4138 72.9705
4139 72.9705
4140 72.9705
4141 72.9705
4142 72.9705
4143 72.9705
4144 72.9705
4145 72.9705
4146 72.9705
4147 72.9705
4148 72.9705
4149 72.9705
4150 72.9705
4151 72.9705
4152 72.9705
4153 72.9705
4154 72.9705
4155 72.9705
4156 72.9705
4157 72.9705
4158 72.9705
4159 72.9705
4160 72.9705
4161 72.9705
4162 72.9705
4163 72.9705
4164 72.9705
4165 72.9705
4166 72.9705
4167 72.9705
4168 72.9705
4169 72.9705
4170 72.9705
4171 72.9705
4172 72.9705
4173 72.9705
4174 72.9705
4175 72.9705
4176 72.9705
4177 72.9705
4178 72.9705
4179 72.9705
4180 72.9705
4181 72.9705
4182 72.9705
4183 72.9705
4184 72.9705
4185 72.9705
4186 72.9705
4187 72.9705
4188 72.9705
4189 72.9705
4190 72.9705
4191 72.9705
4192 72.9705
4193 72.9705
4194 72.9705
4195 72.9705
4196 72.9705
4197 72.9705
4198 72.9705
4199 72.9705
4200 72.9705
4201 72.9705
4202 72.9705
4203 72.9705
4204 72.9705
4205 72.9705
4206 72.9705
4207 72.9705
4208 72.9705
4209 72.9705
4210 72.9705
4211 72.9705
4212 72.9705
4213 72.9705
4214 72.9705
4215 72.9705
4216 72.9705
4217 72.9705
4218 72.9705
4219 72.9705
4220 72.9705
4221 72.9705
4222 72.9705
4223 72.9705
4224 72.9705
4225 72.9705
4226 72.9705
4227 72.9705
4228 72.9705
4229 72.9705
4230 72.9705
4231 72.9705
4232 72.9705
4233 72.9705
4234 72.9705
4235 72.9705
4236 72.9705
4237 72.9705
4238 72.9705
4239 72.9705
4240 72.9705
4241 72.9705
4242 72.9705
4243 72.9705
4244 72.9705
4245 72.9705
4246 72.9705
4247 72.9705
4248 72.9705
4249 72.9705
4250 72.9705
4251 72.9705
4252 72.9705
4253 72.9705
4254 72.9705
4255 72.9705
4256 72.9705
4257 72.9705
4258 72.9705
4259 72.9705
4260 72.9705
4261 72.9705
4262 72.9705
4263 72.9705
4264 72.9705
4265 72.9705
4266 72.9705
4267 72.9705
4268 72.9705
4269 72.9705
4270 72.9705
4271 72.9705
4272 72.9705
4273 72.9705
4274 72.9705
4275 72.9705
4276 72.9705
4277 72.9705
4278 72.9705
4279 72.9705
4280 72.9705
4281 72.9705
4282 72.9705
4283 72.9705
4284 72.9705
4285 72.9705
4286 72.9705
4287 72.9705
4288 72.9705
4289 72.9705
4290 72.9705
4291 72.9705
4292 72.9705
4293 72.9705
4294 72.9705
4295 72.9705
4296 72.9705
4297 72.9705
4298 72.9705
4299 72.9705
4300 72.9705
4301 72.9705
4302 72.9705
4303 72.9705
4304 72.9705
4305 72.9705
4306 72.9705
4307 72.9705
4308 72.9705
4309 72.9705
4310 72.9705
4311 72.9705
4312 72.9705
4313 72.9705
4314 72.9705
4315 72.9705
4316 72.9705
4317 72.9705
4318 72.9705
4319 72.9705
4320 72.9705
4321 72.9705
4322 72.9705
4323 72.0666
4324 72.0666
4325 72.0666
4326 71.8771
4327 71.8771
4328 71.8771
4329 71.8771
4330 71.8771
4331 71.8771
4332 71.8771
4333 71.8771
4334 71.8771
4335 71.8771
4336 71.8771
4337 71.8771
4338 71.8771
4339 71.8771
4340 71.8771
4341 71.8771
4342 71.8771
4343 71.8771
4344 71.8771
4345 71.8771
4346 71.8771
4347 71.8771
4348 71.8771
4349 71.8771
4350 71.8771
4351 71.8771
4352 71.8771
4353 71.8771
4354 71.8771
4355 71.8771
4356 71.8771
4357 71.8771
4358 71.8771
4359 71.8771
4360 71.8771
4361 71.8771
4362 71.8771
4363 71.8771
4364 71.8771
4365 71.8771
4366 71.8771
4367 71.8771
4368 71.8771
4369 71.8771
4370 71.8771
4371 71.8771
4372 71.8771
4373 71.8771
4374 71.8771
4375 71.8771
4376 71.8771
4377 71.8771
4378 71.8771
4379 71.8771
4380 71.8771
4381 71.7666
4382 71.7666
4383 71.7666
4384 71.7666
4385 71.7666
4386 71.7666
4387 71.7666
4388 71.7666
4389 71.7666
4390 71.7666
4391 71.7666
4392 71.7666
4393 71.7666
4394 71.7666
4395 71.7666
4396 71.7666
4397 71.7666
4398 71.7666
4399 71.7666
4400 71.7666
4401 71.7666
4402 71.7666
4403 71.7666
4404 71.7666
4405 71.7666
4406 71.7666
4407 71.7666
4408 71.7666
4409 71.7666
4410 71.7666
4411 71.7666
4412 71.7666
4413 71.7666
4414 71.7666
4415 71.7666
4416 71.7666
4417 71.7666
4418 71.7666
4419 71.7666
4420 71.7666
4421 71.7666
4422 71.7666
4423 71.7666
4424 71.7666
4425 71.7666
4426 71.7666
4427 71.7666
4428 71.7666
4429 71.7666
4430 71.7666
4431 71.7666
4432 71.7666
4433 71.7666
4434 71.7666
4435 71.7666
4436 71.7666
4437 71.7666
4438 71.7666
4439 71.7666
4440 71.7666
4441 71.7666
4442 71.7666
4443 71.7666
4444 71.7666
4445 71.7666
4446 71.7666
4447 71.7666
4448 71.7666
4449 71.7666
4450 71.7666
4451 71.7666
4452 71.7666
4453 71.7666
4454 71.7666
4455 71.7666
4456 71.7666
4457 71.7666
4458 71.7666
4459 71.7666
4460 71.7666
4461 71.7666
4462 71.7666
4463 71.7666
4464 71.7666
4465 71.7666
4466 71.7666
4467 71.7666
4468 71.7666
4469 71.7666
4470 71.7666
4471 71.7666
4472 71.7666
4473 71.7666
4474 71.7666
4475 71.7666
4476 71.7666
4477 71.7666
4478 71.7666
4479 71.7666
4480 71.7666
4481 71.7666
4482 71.7666
4483 71.7666
4484 71.7666
4485 71.7666
4486 71.7666
4487 71.7666
4488 71.7666
4489 71.7666
4490 71.7666
4491 71.7666
4492 71.7666
4493 71.7666
4494 71.7666
4495 71.7666
4496 71.7666
4497 71.7666
4498 71.7666
4499 71.7666
4500 71.7666
4501 71.7666
4502 71.7666
4503 71.7666
4504 71.7666
4505 71.7666
4506 71.7666
4507 71.7666
4508 71.7666
4509 71.7666
4510 71.7666
4511 71.7666
4512 71.7666
4513 71.7666
4514 71.7666
4515 71.468
4516 71.468
4517 71.468
4518 71.468
4519 71.468
4520 71.468
4521 71.468
4522 71.468
4523 71.468
4524 71.468
4525 71.468
4526 71.468
4527 71.468
4528 71.468
4529 71.468
4530 71.468
4531 71.468
4532 71.468
4533 71.468
4534 71.468
4535 71.468
4536 71.468
4537 71.468
4538 71.468
4539 71.468
4540 71.468
4541 71.468
4542 71.468
4543 71.468
4544 71.468
4545 71.468
4546 71.468
4547 71.468
4548 71.468
4549 71.468
4550 71.468
4551 71.468
4552 71.468
4553 71.468
4554 71.468
4555 71.468
4556 71.468
4557 71.468
4558 71.468
4559 71.468
4560 71.468
4561 71.468
4562 71.468
4563 71.468
4564 71.468
4565 71.468
4566 71.468
4567 71.468
4568 71.468
4569 71.468
4570 71.468
4571 71.468
4572 71.468
4573 71.468
4574 71.468
4575 71.468
4576 71.468
4577 71.468
4578 71.468
4579 71.468
4580 71.468
4581 71.468
4582 71.468
4583 71.468
4584 71.468
4585 71.468
4586 71.468
4587 71.468
4588 71.468
4589 71.468
4590 71.468
4591 71.468
4592 71.468
4593 71.468
4594 71.468
4595 71.468
4596 71.468
4597 71.468
4598 71.468
4599 71.468
4600 71.468
4601 71.468
4602 71.468
4603 71.468
4604 71.468
4605 71.468
4606 71.468
4607 71.468
4608 71.468
4609 71.468
4610 71.468
4611 71.468
4612 71.468
4613 71.468
4614 71.468
4615 71.468
4616 71.468
4617 71.468
4618 71.468
4619 71.468
4620 71.468
4621 71.468
4622 71.468
4623 71.468
4624 71.468
4625 71.468
4626 71.468
4627 71.468
4628 71.468
4629 71.468
4630 71.468
4631 71.468
4632 71.468
4633 71.468
4634 71.468
4635 71.468
4636 71.468
4637 71.468
4638 71.468
4639 71.468
4640 71.468
4641 71.468
4642 71.468
4643 71.468
4644 71.468
4645 71.468
4646 71.468
4647 71.468
4648 71.468
4649 71.468
4650 71.468
4651 71.468
4652 71.468
4653 71.468
4654 71.468
4655 71.468
4656 71.468
4657 71.468
4658 71.468
4659 71.468
4660 71.468
4661 71.468
4662 71.468
4663 71.468
4664 71.468
4665 71.468
4666 71.468
4667 71.468
4668 71.468
4669 71.468
4670 71.468
4671 71.468
4672 71.468
4673 71.468
4674 71.468
4675 71.468
4676 71.468
4677 71.468
4678 71.468
4679 71.468
4680 71.468
4681 71.468
4682 71.468
4683 71.468
4684 71.468
4685 71.468
4686 71.468
4687 71.468
4688 71.468
4689 71.468
4690 71.468
4691 71.468
4692 71.468
4693 71.468
4694 71.468
4695 71.468
4696 71.468
4697 71.468
4698 71.468
4699 71.468
4700 71.468
4701 71.468
4702 71.468
4703 71.468
4704 71.468
4705 71.468
4706 71.468
4707 71.468
4708 71.468
4709 71.468
4710 71.468
4711 71.468
4712 71.468
4713 71.468
4714 71.468
4715 71.468
4716 71.468
4717 71.468
4718 71.468
4719 71.468
4720 71.468
4721 71.468
4722 71.468
4723 71.468
4724 71.468
4725 71.468
4726 71.468
4727 71.468
4728 71.468
4729 71.468
4730 71.468
4731 71.468
4732 71.468
4733 71.468
4734 71.468
4735 71.468
4736 71.468
4737 71.468
4738 71.468
4739 71.468
4740 71.468
4741 71.468
4742 71.468
4743 71.468
4744 71.468
4745 71.468
4746 71.468
4747 71.468
4748 71.468
4749 71.468
4750 71.468
4751 71.468
4752 71.468
4753 71.468
4754 71.468
4755 71.468
4756 71.468
4757 71.468
4758 71.468
4759 71.468
4760 71.468
4761 71.468
4762 71.468
4763 71.468
4764 71.468
4765 71.468
4766 71.468
4767 71.468
4768 71.468
4769 71.468
4770 71.468
4771 71.468
4772 71.468
4773 71.468
4774 71.468
4775 71.468
4776 71.468
4777 71.468
4778 71.468
4779 71.468
4780 71.468
4781 71.468
4782 71.468
4783 71.468
4784 71.468
4785 71.468
4786 71.468
4787 71.468
4788 71.468
4789 71.468
4790 71.468
4791 71.468
4792 71.468
4793 71.468
4794 71.468
4795 71.468
4796 71.468
4797 71.468
4798 71.468
4799 71.468
4800 71.468
4801 71.468
4802 71.468
4803 71.468
4804 71.468
4805 71.468
4806 71.468
4807 71.468
4808 71.468
4809 71.468
4810 71.468
4811 71.468
4812 71.468
4813 71.468
4814 71.468
4815 71.468
4816 71.468
4817 71.468
4818 71.468
4819 71.468
4820 71.468
4821 71.468
4822 71.468
4823 71.468
4824 71.468
4825 71.468
4826 71.468
4827 71.468
4828 71.468
4829 71.468
4830 71.468
4831 71.468
4832 71.468
4833 71.468
4834 71.468
4835 71.468
4836 71.468
4837 71.468
4838 71.468
4839 71.468
4840 71.468
4841 71.468
4842 71.468
4843 71.468
4844 71.468
4845 71.468
4846 71.468
4847 71.468
4848 71.468
4849 71.468
4850 71.468
4851 71.468
4852 71.468
4853 71.468
4854 71.468
4855 71.468
4856 71.468
4857 71.468
4858 71.468
4859 71.468
4860 71.468
4861 71.468
4862 71.468
4863 71.468
4864 71.468
4865 71.468
4866 71.468
4867 71.468
4868 71.468
4869 71.468
4870 71.468
4871 71.468
4872 71.468
4873 71.468
4874 71.468
4875 71.468
4876 71.468
4877 71.468
4878 71.468
4879 71.468
4880 71.468
4881 71.468
4882 71.468
4883 71.468
4884 71.468
4885 71.468
4886 71.468
4887 71.468
4888 71.468
4889 71.468
4890 71.468
4891 71.468
4892 71.468
4893 71.468
4894 71.468
4895 71.468
4896 71.468
4897 71.468
4898 71.468
4899 71.468
4900 71.468
4901 71.468
4902 71.468
4903 71.468
4904 71.468
4905 71.468
4906 71.468
4907 71.468
4908 71.468
4909 71.468
4910 71.468
4911 71.468
4912 71.468
4913 71.468
4914 71.468
4915 71.468
4916 71.468
4917 71.468
4918 71.468
4919 71.468
4920 71.468
4921 71.468
4922 71.468
4923 71.468
4924 71.468
4925 71.468
4926 71.468
4927 71.468
4928 71.468
4929 71.468
4930 71.468
4931 71.468
4932 71.468
4933 71.468
4934 71.468
4935 71.468
4936 71.468
4937 71.468
4938 71.468
4939 71.468
4940 71.468
4941 71.468
4942 71.468
4943 71.468
4944 71.468
4945 71.468
4946 71.468
4947 71.468
4948 71.468
4949 71.468
4950 71.468
4951 71.468
4952 71.468
4953 71.468
4954 71.468
4955 71.468
4956 71.468
4957 71.468
4958 71.468
4959 71.468
4960 71.468
4961 71.468
4962 71.468
4963 71.468
4964 71.468
4965 71.468
4966 71.468
4967 71.468
4968 71.468
4969 71.468
4970 71.468
4971 71.468
4972 71.468
4973 71.468
4974 71.468
4975 71.468
4976 71.468
4977 71.468
4978 71.468
4979 71.468
4980 71.468
4981 71.468
4982 71.468
4983 71.468
4984 71.468
4985 71.468
4986 71.468
4987 71.468
4988 71.468
4989 71.468
4990 71.468
4991 71.468
4992 71.468
4993 71.468
4994 71.468
4995 71.468
4996 71.468
4997 71.468
4998 71.468
4999 71.468
5000 71.468
5001 71.468
5002 71.468
5003 71.468
5004 71.468
5005 71.468
5006 71.468
5007 71.468
5008 71.468
5009 71.468
5010 71.468
5011 71.468
5012 71.468
5013 71.468
5014 71.468
5015 71.468
5016 71.468
5017 71.468
5018 71.468
5019 71.468
5020 71.468
5021 71.468
5022 71.468
5023 71.468
5024 71.468
5025 71.468
5026 71.468
5027 71.468
5028 71.468
5029 71.468
5030 71.468
5031 71.468
5032 71.468
5033 71.468
5034 71.468
5035 71.468
5036 71.468
5037 71.468
5038 71.468
5039 71.468
5040 71.468
5041 71.468
5042 71.468
5043 71.468
5044 71.468
5045 71.468
5046 71.468
5047 71.468
5048 71.468
5049 71.468
5050 71.468
5051 71.468
5052 71.468
5053 71.468
5054 71.468
5055 71.468
5056 71.468
5057 71.468
5058 71.468
5059 71.468
5060 71.468
5061 71.468
5062 71.468
5063 71.468
5064 71.468
5065 71.468
5066 71.468
5067 71.468
5068 71.468
5069 71.468
5070 71.468
5071 71.468
5072 71.468
5073 71.468
5074 71.468
5075 71.468
5076 71.468
5077 71.468
5078 71.468
5079 71.468
5080 71.468
5081 71.468
5082 71.468
5083 71.468
5084 71.468
5085 71.468
5086 71.468
5087 71.468
5088 71.468
5089 71.468
5090 71.468
5091 71.468
5092 71.468
5093 71.468
5094 71.468
5095 71.468
5096 71.468
5097 71.468
5098 71.468
5099 71.468
5100 71.468
5101 71.468
5102 71.468
5103 71.468
5104 71.468
5105 71.468
5106 71.468
5107 71.468
5108 71.468
5109 71.468
5110 71.468
5111 71.468
5112 71.468
5113 71.468
5114 71.468
5115 71.468
5116 71.468
5117 70.9154
5118 70.9154
5119 70.9154
5120 70.9154
5121 70.9154
5122 70.9154
5123 70.9154
5124 70.9154
5125 70.9154
5126 70.9154
5127 70.9154
5128 70.9154
5129 70.9154
5130 70.9154
5131 70.9154
5132 70.9154
5133 70.9154
5134 70.9154
5135 70.9154
5136 70.9154
5137 70.9154
5138 70.9154
5139 70.9154
5140 70.9154
5141 70.9154
5142 70.9154
5143 70.9154
5144 70.9154
5145 70.9154
5146 70.9154
5147 70.9154
5148 70.9154
5149 70.9154
5150 70.9154
5151 70.9154
5152 70.9154
5153 70.9154
5154 70.9154
5155 70.9154
5156 70.9154
5157 70.9154
5158 70.9154
5159 70.9154
5160 70.9154
5161 70.9154
5162 70.9154
5163 70.9154
5164 70.9154
5165 70.9154
5166 70.9154
5167 70.9154
5168 70.9154
5169 70.9154
5170 70.9154
5171 70.9154
5172 70.9154
5173 70.9154
5174 70.9154
5175 70.9154
5176 70.9154
5177 70.9154
5178 70.9154
5179 70.9154
5180 70.9154
5181 70.9154
5182 70.9154
5183 70.9154
5184 70.9154
5185 70.9154
5186 70.9154
5187 70.9154
5188 70.9154
5189 70.9154
5190 70.9154
5191 70.9154
5192 70.9154
5193 70.9154
5194 70.9154
5195 70.9154
5196 70.9154
5197 70.9154
5198 70.9154
5199 70.9154
5200 70.9154
5201 70.9154
5202 70.9154
5203 70.9154
5204 70.9154
5205 70.9154
5206 70.9154
5207 70.9154
5208 70.9154
5209 70.9154
5210 70.9154
5211 70.9154
5212 70.9154
5213 70.9154
5214 70.9154
5215 70.9154
5216 70.9154
5217 70.9154
5218 70.9154
5219 70.9154
5220 70.9154
5221 70.9154
5222 70.9154
5223 70.9154
5224 70.9154
5225 70.9154
5226 70.9154
5227 70.9154
5228 70.9154
5229 70.9154
5230 70.9154
5231 70.9154
5232 70.9154
5233 70.9154
5234 70.9154
5235 70.9154
5236 70.9154
5237 70.9154
5238 70.9154
5239 70.9154
5240 70.9154
5241 70.9154
5242 70.9154
5243 70.9154
5244 70.9154
5245 70.9154
5246 70.9154
5247 70.9154
5248 70.9154
5249 70.9154
5250 70.9154
5251 70.9154
5252 70.9154
5253 70.9154
5254 70.9154
5255 70.9154
5256 70.9154
5257 70.9154
5258 70.9154
5259 70.9154
5260 70.9154
5261 70.9154
5262 70.9154
5263 70.9154
5264 70.9154
5265 70.9154
5266 70.9154
5267 70.9154
5268 70.9154
5269 70.9154
5270 70.9154
5271 70.9154
5272 70.9154
5273 70.9154
5274 70.9154
5275 70.9154
5276 70.9154
5277 70.9154
5278 70.9154
5279 70.9154
5280 70.9154
5281 70.9154
5282 70.9154
5283 70.9154
5284 70.9154
5285 70.9154
5286 70.9154
5287 70.9154
5288 70.9154
5289 70.9154
5290 70.9154
5291 70.9154
5292 70.9154
5293 70.9154
5294 70.9154
5295 70.9154
5296 70.9154
5297 70.9154
5298 70.9154
5299 70.9154
5300 70.9154
5301 70.9154
5302 70.9154
5303 70.9154
5304 70.9154
5305 70.9154
5306 70.9154
5307 70.9154
5308 70.9154
5309 70.9154
5310 70.9154
5311 70.9154
5312 70.9154
5313 70.9154
5314 70.9154
5315 70.9154
5316 70.9154
5317 70.9154
5318 70.9154
5319 70.9154
5320 70.9154
5321 70.9154
5322 70.9154
5323 70.9154
5324 70.9154
5325 70.9154
5326 70.9154
5327 70.9154
5328 70.9154
5329 70.9154
5330 70.9154
5331 70.9154
5332 70.9154
5333 70.9154
5334 70.9154
5335 70.9154
5336 70.9154
5337 70.9154
5338 70.9154
5339 70.9154
5340 70.9154
5341 70.9154
5342 70.9154
5343 70.9154
5344 70.9154
5345 70.9154
5346 70.9154
5347 70.9154
5348 70.9154
5349 70.9154
5350 70.9154
5351 70.9154
5352 70.9154
5353 70.9154
5354 70.9154
5355 70.9154
5356 70.9154
5357 70.9154
5358 70.9154
5359 70.9154
5360 70.9154
5361 70.9154
5362 70.9154
5363 70.9154
5364 70.9154
5365 70.9154
5366 70.9154
5367 70.9154
5368 70.9154
5369 70.9154
5370 70.9154
5371 70.9154
5372 70.9154
5373 70.9154
5374 70.9154
5375 70.9154
5376 70.9154
5377 70.9154
5378 70.9154
5379 70.9154
5380 70.9154
5381 70.9154
5382 70.9154
5383 70.9154
5384 70.9154
5385 70.9154
5386 70.9154
5387 70.9154
5388 70.9154
5389 70.9154
5390 70.9154
5391 70.9154
5392 70.9154
5393 70.9154
5394 70.9154
5395 70.9154
5396 70.9154
5397 70.9154
5398 70.9154
5399 70.9154
5400 70.9154
5401 70.9154
5402 70.9154
5403 70.9154
5404 70.9154
5405 70.9154
5406 70.9154
5407 70.9154
5408 70.9154
5409 70.9154
5410 70.9154
5411 70.9154
5412 70.9154
5413 70.9154
5414 70.9154
5415 70.9154
5416 70.9154
5417 70.9154
5418 70.9154
5419 70.9154
5420 70.9154
5421 70.9154
5422 70.9154
5423 70.9154
5424 70.9154
5425 70.9154
5426 70.9154
5427 70.9154
5428 70.9154
5429 70.9154
5430 70.9154
5431 70.9154
5432 70.9154
5433 70.9154
5434 70.9154
5435 70.9154
5436 70.9154
5437 70.9154
5438 70.9154
5439 70.9154
5440 70.9154
5441 70.9154
5442 70.9154
5443 70.9154
5444 70.9154
5445 70.9154
5446 70.9154
5447 70.9154
5448 70.9154
5449 70.9154
5450 70.9154
5451 70.9154
5452 70.9154
5453 70.9154
5454 70.9154
5455 70.9154
5456 70.9154
5457 70.9154
5458 70.9154
5459 70.9154
5460 70.9154
5461 70.9154
5462 70.9154
5463 70.9154
5464 70.9154
5465 70.9154
5466 70.9154
5467 70.9154
5468 70.9154
5469 70.9154
5470 70.9154
5471 70.9154
5472 70.9154
5473 70.9154
5474 70.9154
5475 70.9154
5476 70.9154
5477 70.9154
5478 70.9154
5479 70.9154
5480 70.9154
5481 70.9154
5482 70.9154
5483 70.9154
5484 70.9154
5485 70.9154
5486 70.9154
5487 70.9154
5488 70.9154
5489 70.9154
5490 70.9154
5491 70.9154
5492 70.9154
5493 70.9154
5494 70.9154
5495 70.9154
5496 70.9154
5497 70.9154
5498 70.9154
5499 70.9154
5500 70.9154
5501 70.9154
5502 70.9154
5503 70.9154
5504 70.9154
5505 70.9154
5506 70.9154
5507 70.9154
5508 70.9154
5509 70.9154
5510 70.9154
5511 70.9154
5512 70.9154
5513 70.9154
5514 70.9154
5515 70.9154
5516 70.9154
5517 70.9154
5518 70.9154
5519 70.9154
5520 70.9154
5521 70.9154
5522 70.9154
5523 70.9154
5524 70.9154
5525 70.9154
5526 70.9154
5527 70.9154
5528 70.9154
5529 70.9154
5530 70.9154
5531 70.9154
5532 70.9154
5533 70.9154
5534 70.9154
5535 70.9154
5536 70.9154
5537 70.9154
5538 70.9154
5539 70.9154
5540 70.9154
5541 70.9154
5542 70.9154
5543 70.9154
5544 70.9154
5545 70.9154
5546 70.9154
5547 70.9154
5548 70.9154
5549 70.9154
5550 70.9154
5551 70.9154
5552 70.9154
5553 70.9154
5554 70.9154
5555 70.9154
5556 70.9154
5557 70.9154
5558 70.9154
5559 70.9154
5560 70.9154
5561 70.9154
5562 70.9154
5563 70.9154
5564 70.9154
5565 70.9154
5566 70.9154
5567 70.9154
5568 70.9154
5569 70.9154
5570 70.9154
5571 70.9154
5572 70.9154
5573 70.9154
5574 70.9154
5575 70.9154
5576 70.9154
5577 70.9154
5578 70.9154
5579 70.9154
5580 70.9154
5581 70.9154
5582 70.9154
5583 70.9154
5584 70.9154
5585 70.9154
5586 70.9154
5587 70.9154
5588 70.9154
5589 70.9154
5590 70.9154
5591 70.9154
5592 70.9154
5593 70.9154
5594 70.9154
5595 70.9154
5596 70.9154
5597 70.9154
5598 70.9154
5599 70.9154
5600 70.9154
5601 70.9154
5602 70.9154
5603 70.9154
5604 70.9154
5605 70.9154
5606 70.9154
5607 70.9154
5608 70.9154
5609 70.9154
5610 70.9154
5611 70.9154
5612 70.9154
5613 70.9154
5614 70.9154
5615 70.9154
5616 70.9154
5617 70.9154
5618 70.9154
5619 70.9154
5620 70.9154
5621 70.9154
5622 70.9154
5623 70.9154
5624 70.9154
5625 70.9154
5626 70.9154
5627 70.9154
5628 70.9154
5629 70.9154
5630 70.9154
5631 70.9154
5632 70.9154
5633 70.9154
5634 70.9154
5635 70.9154
5636 70.9154
5637 70.9154
5638 70.9154
5639 70.9154
5640 70.9154
5641 70.9154
5642 70.9154
5643 70.9154
5644 70.9154
5645 70.9154
5646 70.9154
5647 70.9154
5648 70.9154
5649 70.9154
5650 70.9154
5651 70.9154
5652 70.9154
5653 70.9154
5654 70.9154
5655 70.9154
5656 70.9154
5657 70.9154
5658 70.9154
5659 70.9154
5660 70.9154
5661 70.9154
5662 70.9154
5663 70.9154
5664 70.9154
5665 70.9154
5666 70.9154
5667 70.9154
5668 70.9154
5669 70.9154
5670 70.9154
5671 70.9154
5672 70.9154
5673 70.9154
5674 70.9154
5675 70.9154
5676 70.9154
5677 70.9154
5678 70.9154
5679 70.9154
5680 70.9154
5681 70.9154
5682 70.9154
5683 70.9154
5684 70.9154
5685 70.9154
5686 70.9154
5687 70.9154
5688 70.9154
5689 70.9154
5690 70.9154
5691 70.9154
5692 70.9154
5693 70.9154
5694 70.9154
5695 70.9154
5696 70.9154
5697 70.9154
5698 70.9154
5699 70.9154
5700 70.9154
5701 70.9154
5702 70.9154
5703 70.9154
5704 70.9154
5705 70.9154
5706 70.9154
5707 70.9154
5708 70.9154
5709 70.9154
5710 70.9154
5711 70.9154
5712 70.9154
5713 70.9154
5714 70.9154
5715 70.9154
5716 70.9154
5717 70.9154
5718 70.9154
5719 70.9154
5720 70.9154
5721 70.9154
5722 70.9154
5723 70.9154
5724 70.9154
5725 70.9154
5726 70.9154
5727 70.9154
5728 70.9154
5729 70.9154
5730 70.9154
5731 70.9154
5732 70.9154
5733 70.9154
5734 70.9154
5735 70.9154
5736 70.9154
5737 70.9154
5738 70.9154
5739 70.9154
5740 70.9154
5741 70.9154
5742 70.9154
5743 70.9154
5744 70.9154
5745 70.9154
5746 70.9154
5747 70.9154
5748 70.9154
5749 70.9154
5750 70.9154
5751 70.9154
5752 70.9154
5753 70.9154
5754 70.9154
5755 70.9154
5756 70.9154
5757 70.9154
5758 70.9154
5759 70.9154
5760 70.9154
5761 70.9154
5762 70.9154
5763 70.9154
5764 70.9154
5765 70.9154
5766 70.9154
5767 70.9154
5768 70.9154
5769 70.9154
5770 70.9154
5771 70.9154
5772 70.9154
5773 70.9154
5774 70.9154
5775 70.9154
5776 70.9154
5777 70.9154
5778 70.9154
5779 70.9154
5780 70.9154
5781 70.9154
5782 70.9154
5783 70.9154
5784 70.9154
5785 70.9154
5786 70.9154
5787 70.9154
5788 70.9154
5789 70.9154
5790 70.9154
5791 70.9154
5792 70.9154
5793 70.9154
5794 70.9154
5795 70.9154
5796 70.9154
5797 70.9154
5798 70.9154
5799 70.9154
5800 70.9154
5801 70.9154
5802 70.9154
5803 70.9154
5804 70.9154
5805 70.9154
5806 70.9154
5807 70.9154
5808 70.9154
5809 70.9154
5810 70.9154
5811 70.9154
5812 70.9154
5813 70.9154
5814 70.9154
5815 70.9154
5816 70.9154
5817 70.9154
5818 70.9154
5819 70.9154
5820 70.9154
5821 70.9154
5822 70.9154
5823 70.9154
5824 70.9154
5825 70.9154
5826 70.9154
5827 70.9154
5828 70.9154
5829 70.9154
5830 70.9154
5831 70.9154
5832 70.9154
5833 70.9154
5834 70.9154
5835 70.9154
5836 70.9154
5837 70.9154
5838 70.9154
5839 70.9154
5840 70.9154
5841 70.9154
5842 70.9154
5843 70.9154
5844 70.9154
5845 70.9154
5846 70.9154
5847 70.9154
5848 70.9154
5849 70.9154
5850 70.9154
5851 70.9154
5852 70.9154
5853 70.9154
5854 70.9154
5855 70.9154
5856 70.9154
5857 70.9154
5858 70.9154
5859 70.9154
5860 70.9154
5861 70.9154
5862 70.9154
5863 70.9154
5864 70.9154
5865 70.9154
5866 70.9154
5867 70.9154
5868 70.9154
5869 70.9154
5870 70.9154
5871 70.9154
5872 70.9154
5873 70.9154
5874 70.9154
5875 70.9154
5876 70.9154
5877 70.9154
5878 70.9154
5879 70.9154
5880 70.9154
5881 70.9154
5882 70.9154
5883 70.9154
5884 70.9154
5885 70.9154
5886 70.9154
5887 70.9154
5888 70.9154
5889 70.9154
5890 70.9154
5891 70.9154
5892 70.9154
5893 70.9154
5894 70.9154
5895 70.9154
5896 70.9154
5897 70.9154
5898 70.9154
5899 70.9154
5900 70.9154
5901 70.9154
5902 70.9154
5903 70.9154
5904 70.9154
5905 70.9154
5906 70.9154
5907 70.9154
5908 70.9154
5909 70.9154
5910 70.9154
5911 70.9154
5912 70.9154
5913 70.9154
5914 70.9154
5915 70.9154
5916 70.9154
5917 70.9154
5918 70.9154
5919 70.9154
5920 70.9154
5921 70.9154
5922 70.9154
5923 70.9154
5924 70.9154
5925 70.9154
5926 70.9154
5927 70.9154
5928 70.9154
5929 70.9154
5930 70.9154
5931 70.9154
5932 70.9154
5933 70.9154
5934 70.9154
5935 70.9154
5936 70.9154
5937 70.9154
5938 70.9154
5939 70.9154
5940 70.9154
5941 70.9154
5942 70.9154
5943 70.9154
5944 70.9154
5945 70.9154
5946 70.9154
5947 70.9154
5948 70.9154
5949 70.9154
5950 70.9154
5951 70.9154
5952 70.9154
5953 70.9154
5954 70.9154
5955 70.9154
5956 70.9154
5957 70.9154
5958 70.9154
5959 70.9154
5960 70.9154
5961 70.9154
5962 70.9154
5963 70.9154
5964 70.9154
5965 70.9154
5966 70.9154
5967 70.9154
5968 70.9154
5969 70.9154
5970 70.9154
5971 70.9154
5972 70.9154
5973 70.9154
5974 70.9154
5975 70.9154
5976 70.9154
5977 70.9154
5978 70.9154
5979 70.9154
5980 70.9154
5981 70.9154
5982 70.9154
5983 70.9154
5984 70.9154
5985 70.9154
5986 70.9154
5987 70.9154
5988 70.9154
5989 70.9154
5990 70.9154
5991 70.9154
5992 70.9154
5993 70.9154
5994 70.9154
5995 70.9154
5996 70.9154
5997 70.9154
5998 70.9154
5999 70.9154
