0 460.645
1 456.66
2 440.255
3 432.997
4 423.142
5 414.422
6 402.272
7 398.319
8 395.545
9 389.936
10 385.758
11 379.303
12 372.955
13 372.955
14 367.98
15 356.113
16 350.103
17 346.524
18 343.196
19 339.915
20 338.192
21 337.54
22 337.54
23 330.922
24 325.117
25 321.973
26 321.973
27 320.974
28 320.906
29 315.926
30 315.646
31 313.622
32 308.994
33 308.776
34 308.776
35 304.804
36 301.084
37 293.862
38 290.976
39 289.545
40 287.695
41 284.448
42 284.448
43 283.068
44 283.065
45 282.424
46 281.268
47 280.652
48 280.241
49 276.571
50 276.16
51 274.255
52 265.456
53 265.456
54 263.94
55 262.445
56 261.198
57 261.198
58 260.539
59 260.167
60 258.353
61 258.24
62 257.541
63 253.36
64 249.968
65 242.525
66 242.113
67 240.398
68 237.832
69 235.818
70 235.704
71 235.428
72 235.428
73 233.621
74 233.621
75 230.954
76 230.954
77 228.258
78 228.258
79 227.302
80 223.961
81 223.637
82 223.637
83 222.975
84 220.786
85 215.933
86 213.082
87 211.056
88 211.056
89 210.74
90 210.74
91 208.215
92 206.731
93 201.8
94 201.8
95 201.8
96 201.8
97 201.8
98 198.594
99 196.997
100 196.997
101 195.516
102 195.516
103 194.744
104 194.744
105 194.744
106 194.619
107 193.133
108 193.008
109 193.008
110 192.838
111 192.838
112 191.946
113 191.184
114 190.292
115 190.122
116 190.122
117 190.122
118 186.543
119 186.543
120 186.322
121 186.322
122 186.322
123 185.442
124 185.329
125 185.329
126 185.078
127 185.078
128 185.078
129 183.801
130 183.801
131 181.314
132 181.314
133 181.314
134 181.314
135 181.19
136 179.54
137 179.247
138 178.551
139 177.948
140 177.529
141 175.637
142 175.202
143 174.619
144 173.411
145 173.411
146 172.787
147 171.876
148 171.876
149 170.135
150 169.533
151 169.533
152 169.533
153 168.293
154 168.293
155 168.293
156 167.582
157 167.582
158 166.294
159 165.229
160 163.835
161 163.835
162 163.629
163 163.331
164 162.933
165 162.933
166 162.933
167 162.65
168 161.663
169 161.663
170 161.536
171 161.536
172 161.536
173 159.63
174 159.63
175 159.614
176 158.597
177 158.544
178 157.49
179 157.438
180 157.343
181 157.274
182 157.274
183 156.079
184 154.703
185 154.703
186 154.703
187 154.703
188 154.703
189 154.334
190 154.334
191 153.733
192 153.733
193 153.364
194 153.333
195 153.333
196 153.333
197 152.979
198 152.979
199 152.421
200 152.421
201 151.789
202 151.789
203 151.789
204 151.538
205 151.538
206 151.473
207 151.473
208 151.473
209 151.473
210 151.472
211 151.472
212 151.472
213 150.282
214 149.422
215 149.421
216 149.421
217 149.132
218 149.132
219 149.132
220 149.132
221 149.132
222 149.132
223 149.132
224 149.132
225 149.132
226 149.132
227 149.132
228 148.659
229 148.659
230 148.659
231 148.659
232 148.659
233 148.659
234 148.659
235 148.659
236 148.659
237 148.588
238 147.879
239 147.879
240 146.802
241 146.236
242 146.236
243 146.236
244 146.218
245 146.02
246 145.698
247 145.668
248 145.65
249 145.65
250 145.65
251 145.65
252 145.65
253 145.65
254 145.418
255 145.418
256 145.418
257 144.451
258 143.558
259 143.328
260 143.328
261 143.328
262 141.491
263 141.491
264 141.491
265 141.491
266 141.491
267 141.491
268 141.108
269 141.108
270 141.108
271 141.108
272 141.108
273 141.108
274 138.764
275 138.764
276 138.63
277 138.532
278 138.07
279 137.745
280 137.61
281 137.61
282 137.61
283 134.553
284 134.347
285 134.23
286 133.7
287 133.345
288 131.853
289 131.853
290 131.853
291 130.513
292 130.513
293 130.513
294 130.513
295 130.513
296 129.98
297 129.98
298 129.98
299 129.564
300 129.031
301 129.031
302 129.031
303 129.031
304 128.926
305 128.926
306 128.926
307 128.926
308 128.051
309 128.051
310 128.051
311 128.051
312 128.051
313 128.051
314 128.051
315 128.051
316 126.861
317 124.767
318 124.767
319 124.767
320 124.767
321 124.767
322 124.724
323 124.724
324 124.724
325 124.724
326 124.724
327 124.724
328 124.062
329 124.062
330 124.062
331 124.059
332 124.059
333 124.059
334 123.195
335 123.151
336 122.998
337 122.132
338 122.132
339 122.132
340 122.132
341 122.132
342 122.132
343 122.132
344 122.132
345 122.132
346 122.132
347 122.132
348 122.132
349 122.132
350 122.132
351 122.132
352 122.132
353 122.132
354 122.132
355 122.132
356 122.132
357 122.132
358 122.132
359 122.132
360 122.081
361 122.081
362 122.081
363 122.081
364 122.081
365 122.081
366 122.081
367 122.081
368 122.081
369 122.081
370 122.081
371 122.081
372 122.081
373 122.081
374 122.081
375 121.965
376 121.965
377 121.965
378 121.965
379 121.965
380 121.116
381 121.116
382 121.116
383 121.116
384 121.116
385 121.116
386 121.014
387 121.014
388 121.014
389 121.014
390 121.014
391 121.014
392 120.489
393 120.489
394 120.489
395 120.489
396 120.489
397 120.489
398 120.12
399 115.049
400 115.049
401 115.049
402 114.976
403 114.976
404 114.976
405 114.976
406 114.976
407 114.976
408 114.976
409 114.976
410 114.958
411 114.958
412 114.958
413 113.002
414 113.002
415 113.002
416 111.556
417 110.848
418 110.848
419 110.848
420 110.848
421 110.848
422 110.848
423 110.848
424 110.848
425 110.848
426 110.704
427 109.484
428 109.484
429 109.407
430 109.407
431 108.976
432 108.283
433 108.283
434 108.283
435 107.797
436 107.774
437 106.812
438 106.812
439 106.812
440 106.331
441 106.331
442 106.331
443 106.228
444 106.228
445 106.228
446 106.054
447 106.054
448 106.054
449 105.392
450 105.392
451 105.392
452 105.392
453 105.392
454 105.392
455 105.392
456 105.392
457 105.392
458 105.392
459 105.392
460 105.392
461 105.392
462 105.392
463 105.392
464 105.392
465 105.392
466 105.392
467 105.392
468 105.392
469 105.392
470 105.392
471 105.392
472 105.392
473 105.392
474 105.392
475 105.392
476 105.392
477 105.392
478 105.392
479 105.392
480 105.392
481 105.392
482 105.392
483 105.392
484 105.392
485 105.248
486 105.248
487 105.248
488 104.718
489 104.718
490 104.718
491 104.718
492 104.718
493 104.718
494 104.718
495 104.718
496 104.718
497 104.718
498 104.718
499 104.647
500 104.647
501 104.647
502 104.647
503 104.647
504 104.647
505 104.36
506 104.36
507 104.36
508 104.36
509 104.36
510 103.927
511 103.927
512 103.927
513 103.927
514 103.285
515 103.285
516 103.285
517 103.285
518 103.285
519 103.285
520 103.285
521 103.285
522 103.285
523 103.285
524 103.285
525 103.285
526 103.285
527 103.285
528 103.26
529 103.26
530 103.26
531 103.26
532 103.26
533 103.26
534 103.26
535 103.26
536 103.26
537 103.26
538 103.26
539 103.26
540 103.26
541 103.26
542 103.26
543 103.26
544 103.26
545 103.26
546 103.26
547 103.26
548 103.26
549 103.26
550 103.26
551 103.26
552 103.26
553 103.26
554 103.26
555 103.26
556 103.26
557 103.26
558 103.26
559 103.26
560 103.26
561 103.26
562 103.26
563 103.26
564 103.26
565 103.26
566 103.26
567 103.227
568 103.227
569 103.227
570 103.227
571 103.227
572 103.227
573 103.227
574 103.227
575 103.227
576 103.227
577 103.227
578 102.218
579 102.218
580 102.218
581 102.218
582 102.218
583 102.218
584 102.218
585 102.218
586 102.218
587 102.218
588 102.218
589 102.218
590 102.218
591 102.218
592 102.218
593 102.218
594 102.218
595 102.218
596 102.218
597 102.218
598 101.401
599 101.401
600 101.401
601 101.401
602 101.401
603 101.401
604 101.401
605 101.401
606 101.401
607 101.401
608 101.401
609 101.401
610 101.401
611 101.401
612 101.401
613 101.401
614 101.401
615 101.401
616 101.068
617 101.068
618 101.068
619 100.694
620 100.694
621 100.694
622 100.694
623 100.694
624 100.694
625 100.694
626 100.694
627 100.694
628 100.694
629 100.694
630 100.694
631 100.694
632 100.694
633 100.694
634 100.694
635 99.4806
636 99.011
637 99.011
638 99.011
639 99.011
640 99.011
641 99.011
642 99.011
643 99.011
644 99.011
645 99.011
646 99.011
647 99.011
648 99.011
649 99.011
650 98.5997
651 98.5997
652 98.5997
653 98.5424
654 98.5424
655 98.5424
656 98.5424
657 98.5424
658 98.5424
659 98.5424
660 98.5424
661 98.5424
662 98.5424
663 98.5424
664 98.5424
665 98.5424
666 98.5424
667 98.5424
668 98.5424
669 98.5424
670 98.5424
671 98.5424
672 98.5424
673 98.5424
674 98.5424
675 98.5424
676 98.5424
677 98.5424
678 98.5424
679 98.5424
680 98.5424
681 98.5424
682 98.5424
683 98.3185
684 98.3185
685 98.3185
686 98.3185
687 98.3185
688 98.3185
689 98.3024
690 98.3024
691 97.0283
692 96.9346
693 96.9346
694 96.9346
695 96.9346
696 96.9346
697 96.9346
698 96.9346
699 96.9346
700 96.9346
701 96.9346
702 96.9346
703 96.9346
704 96.9346
705 95.65
706 95.65
707 95.65
708 95.65
709 95.65
710 95.65
711 95.65
712 95.5794
713 95.5794
714 95.505
715 95.505
716 95.505
717 95.505
718 95.505
719 95.505
720 95.505
721 95.505
722 95.505
723 95.505
724 95.505
725 95.4353
726 95.4353
727 95.4353
728 95.4353
729 95.4353
730 95.4353
731 95.4353
732 95.4353
733 94.9724
734 94.9724
735 94.3537
736 94.3537
737 94.3537
738 94.3537
739 93.8177
740 93.8177
741 93.8177
742 93.8177
743 93.8177
744 93.8177
745 93.6273
746 93.6273
747 93.6273
748 93.6273
749 93.6273
750 93.6273
751 93.6273
752 93.6273
753 93.6273
754 93.6273
755 92.6948
756 92.6948
757 92.6948
758 92.6948
759 92.6948
760 92.6509
761 92.6509
762 92.6509
763 92.6509
764 92.6509
765 92.6509
766 92.6509
767 92.6509
768 92.6509
769 92.6509
770 92.6509
771 92.6509
772 92.6509
773 92.6509
774 92.6509
775 92.6509
776 92.6509
777 92.6509
778 92.6509
779 92.6509
780 92.6509
781 92.6509
782 92.417
783 92.417
784 92.417
785 92.417
786 92.417
787 92.417
788 92.417
789 92.417
790 92.417
791 92.417
792 92.417
793 92.417
794 92.417
795 92.417
796 92.417
797 92.417
798 92.417
799 92.417
800 92.417
801 92.417
802 92.417
803 92.0831
804 92.0831
805 92.0831
806 92.0831
807 92.0831
808 92.0831
809 92.0831
810 92.0831
811 92.0831
812 92.0831
813 92.0831
814 92.0831
815 92.0513
816 92.0513
817 92.0513
818 91.6622
819 91.6622
820 91.6622
821 91.6622
822 91.6622
823 91.6622
824 91.6622
825 91.4986
826 91.4986
827 91.243
828 91.243
829 91.243
830 91.243
831 91.1273
832 90.4502
833 90.3345
834 90.3345
835 90.3345
836 90.3345
837 90.3345
838 90.3345
839 90.3345
840 90.1488
841 90.1488
842 90.1488
843 90.1488
844 90.1488
845 90.1488
846 90.1488
847 90.1488
848 90.1488
849 90.1488
850 90.1488
851 90.1488
852 90.1488
853 90.1488
854 89.0554
855 89.0554
856 88.8591
857 88.7384
858 88.2703
859 88.2703
860 88.2703
861 88.2703
862 88.2703
863 88.2703
864 88.2703
865 88.2703
866 88.2703
867 88.2703
868 88.2703
869 88.2703
870 88.2703
871 88.2703
872 88.2703
873 88.2703
874 88.2703
875 88.2703
876 88.2703
877 88.2703
878 88.2703
879 88.2703
880 88.2703
881 88.2703
882 88.2703
883 87.5865
884 87.5865
885 87.5865
886 87.4419
887 87.4419
888 87.4419
889 87.4419
890 87.4419
891 87.4419
892 87.4419
893 87.4419
894 87.4419
895 87.4419
896 87.4419
897 87.4419
898 87.4419
899 87.4419
900 87.4419
901 87.4419
902 87.4419
903 87.4419
904 87.4251
905 87.4251
906 87.4251
907 87.4251
908 86.1426
909 86.1426
910 85.8357
911 85.8357
912 85.8357
913 85.8357
914 85.8357
915 85.8357
916 85.8357
917 85.8357
918 85.8357
919 85.8357
920 85.8357
921 85.8357
922 85.8357
923 85.8357
924 85.8357
925 85.8357
926 85.8357
927 85.8357
928 85.8357
929 85.8357
930 85.8357
931 85.8357
932 85.8357
933 85.8357
934 85.8357
935 85.8357
936 85.8357
937 85.8357
938 85.8357
939 85.8357
940 85.8357
941 85.8357
942 85.8357
943 85.8357
944 85.8357
945 85.8357
946 85.8357
947 85.8357
948 85.8357
949 85.8357
950 85.8357
951 85.8357
952 85.8357
953 85.8357
954 85.8357
955 85.8357
956 85.8357
957 85.8357
958 85.8357
959 85.8357
960 85.8357
961 85.8357
962 85.8357
963 85.8357
964 85.8357
965 85.8357
966 85.8357
967 85.8357
968 85.8357
969 85.8357
970 85.8357
971 85.8357
972 85.8357
973 85.8357
974 85.8357
975 85.8357
976 85.8357
977 85.8357
978 85.8357
979 85.8357
980 85.8357
981 85.8357
982 85.8357
983 85.8357
984 85.8357
985 85.8357
986 85.8357
987 85.8357
988 85.8357
989 85.8357
990 85.8357
991 85.8357
992 85.8357
993 85.6995
994 85.6995
995 85.6995
996 85.6995
997 85.6995
998 85.6995
999 85.6995
1000 85.6995
1001 85.6995
1002 85.6995
1003 85.6995
1004 85.6995
1005 85.6995
1006 85.6995
1007 85.6995
1008 85.6995
1009 85.6995
1010 85.6995
1011 85.3155
1012 85.3155
1013 85.3155
1014 85.3155
1015 85.3155
1016 85.3155
1017 85.3155
1018 85.3155
1019 85.3155
1020 85.3155
1021 85.2759
1022 85.2759
1023 85.2759
1024 85.2759
1025 85.2759
1026 85.2759
1027 85.2759
1028 84.8574
1029 84.8301
1030 84.3231
1031 84.3231
1032 84.3231
1033 84.3231
1034 84.3231
1035 84.3231
1036 84.3231
1037 84.1573
1038 84.1573
1039 84.1573
1040 84.1573
1041 84.1573
1042 84.1573
1043 84.1573
1044 84.1573
1045 84.1573
1046 84.1573
1047 84.1573
1048 84.1573
1049 84.1573
1050 84.1573
1051 84.1573
1052 84.1573
1053 84.1573
1054 84.1573
1055 84.1573
1056 84.1573
1057 84.1573
1058 84.1573
1059 84.1573
1060 84.1573
1061 84.1573
1062 84.1573
1063 84.1573
1064 84.1573
1065 84.1573
1066 84.1573
1067 84.1573
1068 84.1573
1069 84.1573
1070 84.1573
1071 84.0016
1072 84.0016
1073 84.0016
1074 83.8581
1075 83.8581
1076 83.8581
1077 83.8581
1078 83.8581
1079 83.8581
1080 83.8581
1081 83.8581
1082 83.8581
1083 83.8581
1084 83.8581
1085 83.8581
1086 83.8581
1087 83.8581
1088 83.8581
1089 83.8581
1090 83.8581
1091 83.8581
1092 83.8581
1093 83.8581
1094 83.8581
1095 83.8581
1096 83.8581
1097 83.8581
1098 83.74
1099 83.74
1100 83.74
1101 83.74
1102 83.74
1103 83.74
1104 83.74
1105 83.74
1106 83.74
1107 83.74
1108 83.74
1109 83.74
1110 83.74
1111 83.74
1112 83.74
1113 83.74
1114 83.74
1115 83.74
1116 83.74
1117 83.74
1118 83.74
1119 83.5137
1120 83.5137
1121 83.5137
1122 83.5137
1123 83.5137
1124 83.5137
1125 83.5137
1126 83.5137
1127 83.5137
1128 83.5137
1129 83.5137
1130 83.5137
1131 83.5137
1132 83.5137
1133 83.5137
1134 83.5137
1135 83.5137
1136 83.5137
1137 83.5137
1138 83.5137
1139 83.4004
1140 83.4004
1141 83.0234
1142 83.0234
1143 83.0234
1144 83.0234
1145 83.0234
1146 83.0234
1147 83.0234
1148 83.0234
1149 83.0234
1150 83.0234
1151 83.0234
1152 82.7511
1153 82.7511
1154 82.7511
1155 82.7511
1156 82.7511
1157 82.7511
1158 82.7511
1159 82.7511
1160 82.7511
1161 82.7511
1162 82.7511
1163 82.7511
1164 82.7511
1165 82.7511
1166 82.7511
1167 82.7511
1168 82.7511
1169 82.7511
1170 82.7511
1171 82.7511
1172 82.7511
1173 82.7511
1174 82.7511
1175 82.7511
1176 82.7511
1177 82.7511
1178 82.7511
1179 82.7511
1180 82.7511
1181 82.7511
1182 82.1271
1183 82.1271
1184 82.1271
1185 82.1271
1186 82.1271
1187 82.1271
1188 82.1271
1189 82.1271
1190 82.1271
1191 82.1271
1192 82.1271
1193 82.1271
1194 82.1271
1195 82.1271
1196 82.1271
1197 82.1271
1198 81.8901
1199 81.8901
1200 81.8901
1201 81.8901
1202 81.8901
1203 81.8901
1204 81.8901
1205 81.8901
1206 81.8901
1207 81.8901
1208 81.8901
1209 81.8901
1210 81.7653
1211 81.7653
1212 81.7653
1213 81.483
1214 81.4391
1215 81.4042
1216 81.4042
1217 81.4042
1218 81.4042
1219 81.4042
1220 81.4042
1221 81.4042
1222 81.4042
1223 81.4042
1224 81.4042
1225 81.4042
1226 81.4042
1227 81.4042
1228 81.4042
1229 81.4042
1230 81.4042
1231 81.4042
1232 81.4042
1233 81.4042
1234 81.4042
1235 81.4042
1236 81.4042
1237 81.4042
1238 81.4042
1239 81.4042
1240 81.4042
1241 81.4042
1242 81.4042
1243 81.4042
1244 81.4042
1245 81.4042
1246 81.4042
1247 81.4042
1248 81.4042
1249 80.9928
1250 80.9928
1251 80.9928
1252 80.9928
1253 80.9928
1254 80.9928
1255 80.9928
1256 80.9928
1257 80.9928
1258 80.9928
1259 80.9928
1260 80.9928
1261 80.9928
1262 80.9928
1263 80.9928
1264 80.9928
1265 80.9928
1266 80.9928
1267 80.9928
1268 80.9928
1269 80.9928
1270 80.9928
1271 80.9928
1272 80.9928
1273 80.9928
1274 80.9928
1275 80.9928
1276 80.9928
1277 80.9928
1278 80.9928
1279 80.9928
1280 80.9928
1281 80.9928
1282 80.9928
1283 80.9928
1284 80.9928
1285 80.9928
1286 80.9928
1287 80.9928
1288 80.9928
1289 80.9928
1290 80.9928
1291 80.9928
1292 80.9928
1293 80.9928
1294 80.9928
1295 80.9928
1296 80.9928
1297 80.9928
1298 80.9928
1299 80.9928
1300 80.9928
1301 80.9928
1302 80.9928
1303 80.9928
1304 80.9928
1305 80.9928
1306 80.9928
1307 80.9928
1308 80.7597
1309 80.7597
1310 80.7597
1311 80.7597
1312 80.7597
1313 80.7597
1314 80.7597
1315 80.7597
1316 80.7597
1317 80.7597
1318 80.7597
1319 80.7597
1320 80.7597
1321 80.7597
1322 80.7597
1323 80.7597
1324 80.7597
1325 80.7597
1326 80.7597
1327 80.7597
1328 80.7597
1329 80.7597
1330 80.7597
1331 80.7597
1332 80.7597
1333 80.7597
1334 80.7597
1335 80.7597
1336 80.7597
1337 80.7597
1338 80.7597
1339 80.7597
1340 80.7597
1341 80.7597
1342 80.7597
1343 80.7597
1344 80.7597
1345 80.7597
1346 80.7597
1347 80.7597
1348 80.7597
1349 80.7597
1350 80.7597
1351 80.7597
1352 80.7597
1353 80.7597
1354 80.7597
1355 80.7597
1356 80.7597
1357 80.7597
1358 80.7597
1359 80.7597
1360 80.7597
1361 80.7597
1362 80.7597
1363 80.7597
1364 80.7597
1365 80.7597
1366 80.7597
1367 80.7597
1368 80.7597
1369 80.7597
1370 80.7597
1371 80.7597
1372 80.7597
1373 80.7597
1374 80.7597
1375 80.7597
1376 80.7597
1377 80.7597
1378 80.7597
1379 80.7597
1380 80.7597
1381 80.7597
1382 80.7597
1383 80.7597
1384 80.7597
1385 80.7597
1386 80.7597
1387 80.7597
1388 80.7597
1389 80.7597
1390 80.7597
1391 80.7597
1392 80.7597
1393 80.7597
1394 80.7597
1395 80.7597
1396 80.7597
1397 80.7597
1398 80.7597
1399 80.7597
1400 80.7597
1401 80.7597
1402 80.7597
1403 80.5393
1404 80.5393
1405 80.5393
1406 80.5393
1407 80.5393
1408 80.5393
1409 80.5393
1410 80.2529
1411 80.2529
1412 80.2529
1413 80.2529
1414 80.2529
1415 80.2529
1416 80.1726
1417 80.1726
1418 80.1726
1419 80.1726
1420 80.1726
1421 80.1726
1422 80.1726
1423 80.1726
1424 80.1726
1425 80.1726
1426 80.1726
1427 80.1726
1428 80.1726
1429 80.1726
1430 80.1726
1431 79.9791
1432 79.9791
1433 79.9791
1434 79.9791
1435 79.9791
1436 79.9791
1437 79.9791
1438 79.9791
1439 79.9791
1440 79.9791
1441 79.9791
1442 79.9791
1443 79.9791
1444 79.9791
1445 79.9791
1446 79.9791
1447 79.9791
1448 79.9791
1449 79.9791
1450 79.9791
1451 79.9791
1452 79.9791
1453 79.9791
1454 79.9791
1455 79.9791
1456 79.9791
1457 79.9791
1458 79.8408
1459 79.8408
1460 79.8408
1461 79.8408
1462 79.8408
1463 79.8408
1464 79.8408
1465 79.8408
1466 79.8408
1467 79.8408
1468 79.8408
1469 79.8408
1470 79.8408
1471 79.8408
1472 79.8408
1473 79.8408
1474 79.8408
1475 79.8408
1476 79.8408
1477 79.8408
1478 79.8408
1479 79.8408
1480 79.8408
1481 79.8408
1482 79.8408
1483 79.8408
1484 79.8408
1485 79.8408
1486 79.8408
1487 79.8408
1488 79.8408
1489 79.8408
1490 79.8408
1491 79.8408
1492 79.8408
1493 79.8408
1494 79.8408
1495 79.8408
1496 79.8408
1497 79.8408
1498 79.8408
1499 79.8408
1500 79.8408
1501 79.8408
1502 79.8408
1503 79.8408
1504 79.8408
1505 79.8408
1506 79.8408
1507 78.9864
1508 78.9864
1509 78.9864
1510 78.9864
1511 78.9864
1512 78.9864
1513 78.9864
1514 78.9864
1515 78.9864
1516 78.9864
1517 78.9864
1518 78.9864
1519 78.9864
1520 78.9864
1521 78.9864
1522 78.9864
1523 78.9864
1524 78.9864
1525 78.9864
1526 78.9864
1527 78.9864
1528 78.9864
1529 78.9864
1530 78.9864
1531 78.9864
1532 78.9864
1533 78.9864
1534 78.9864
1535 78.9864
1536 78.9864
1537 78.9864
1538 78.9864
1539 78.9864
1540 78.9864
1541 78.9864
1542 78.9864
1543 78.9864
1544 78.9864
1545 78.9864
1546 78.9864
1547 78.4959
1548 78.4959
1549 78.4959
1550 78.4959
1551 78.4959
1552 78.4959
1553 78.4959
1554 78.4959
1555 78.4959
1556 78.4959
1557 78.4959
1558 78.4959
1559 78.4959
1560 78.4959
1561 78.3119
1562 78.3119
1563 78.3119
1564 78.3119
1565 78.3119
1566 78.3119
1567 78.3119
1568 78.3119
1569 78.3119
1570 78.3119
1571 78.3119
1572 78.3119
1573 78.3119
1574 78.063
1575 78.063
1576 78.063
1577 78.063
1578 78.063
1579 78.063
1580 78.063
1581 76.6941
1582 76.6941
1583 76.6941
1584 76.6941
1585 76.6941
1586 76.6941
1587 76.6941
1588 76.6941
1589 76.6941
1590 76.6941
1591 76.6941
1592 76.6941
1593 76.3048
1594 76.3048
1595 76.3048
1596 76.3048
1597 76.3048
1598 76.2867
1599 76.2867
1600 76.2867
1601 76.2867
1602 76.2867
1603 76.2867
1604 76.2867
1605 76.2867
1606 76.2867
1607 76.2867
1608 76.2867
1609 76.2867
1610 76.2867
1611 76.2867
1612 76.2867
1613 76.2867
1614 75.7493
1615 75.7493
1616 75.1384
1617 75.1384
1618 75.1384
1619 75.1384
1620 75.1384
1621 75.1384
1622 75.1384
1623 75.1384
1624 75.1384
1625 75.1384
1626 75.1384
1627 75.1384
1628 75.1384
1629 75.1384
1630 75.1384
1631 75.1384
1632 75.1384
1633 75.1384
1634 75.1384
1635 75.1384
1636 75.1384
1637 74.591
1638 74.591
1639 74.591
1640 74.591
1641 74.591
1642 74.591
1643 74.591
1644 74.591
1645 74.591
1646 74.591
1647 74.591
1648 74.591
1649 74.591
1650 74.591
1651 74.591
1652 74.4144
1653 74.4144
1654 74.4144
1655 74.4144
1656 74.4144
1657 74.4144
1658 74.4144
1659 74.4144
1660 74.4144
1661 74.4144
1662 74.4144
1663 74.4144
1664 74.4144
1665 74.4144
1666 74.4144
1667 74.4144
1668 74.4144
1669 74.4144
1670 74.4144
1671 74.4144
1672 74.4144
1673 74.4144
1674 74.4144
1675 74.4144
1676 74.4144
1677 74.4144
1678 74.4144
1679 74.4144
1680 74.4144
1681 74.4144
1682 74.4144
1683 74.4144
1684 74.4144
1685 74.4144
1686 74.4144
1687 74.4144
1688 74.4144
1689 74.4144
1690 74.4144
1691 74.4144
1692 74.4144
1693 74.4144
1694 74.4144
1695 74.4144
1696 74.4144
1697 74.4144
1698 74.4144
1699 74.4144
1700 74.4144
1701 74.4144
1702 74.4144
1703 74.4144
1704 74.4144
1705 74.4144
1706 74.4144
1707 74.4144
1708 74.4144
1709 74.4144
1710 74.4144
1711 74.4144
1712 74.4144
1713 74.4144
1714 74.4144
1715 74.1586
1716 74.1586
1717 74.1586
1718 73.8672
1719 73.8672
1720 73.8672
1721 73.8672
1722 73.8672
1723 73.8672
1724 73.8672
1725 73.8672
1726 73.8672
1727 73.8672
1728 73.8672
1729 73.8672
1730 73.8672
1731 73.8672
1732 73.8672
1733 73.8672
1734 73.8672
1735 73.8672
1736 73.8672
1737 73.8672
1738 73.8672
1739 73.8672
1740 73.8672
1741 73.8672
1742 73.8672
1743 73.8672
1744 73.8672
1745 73.8672
1746 73.8672
1747 73.8672
1748 73.8672
1749 73.8672
1750 73.8672
1751 73.8672
1752 73.8672
1753 73.8672
1754 73.8672
1755 73.8672
1756 73.8672
1757 73.8672
1758 73.8672
1759 73.8672
1760 73.8672
1761 73.8672
1762 73.8672
1763 73.8672
1764 73.8672
1765 73.8672
1766 73.8672
1767 73.8672
1768 73.8672
1769 73.8672
1770 73.8672
1771 73.8672
1772 73.8672
1773 73.8672
1774 73.8672
1775 73.8672
1776 73.8672
1777 73.8672
1778 73.8672
1779 73.8672
1780 73.8672
1781 73.8672
1782 73.8672
1783 73.8672
1784 73.8672
1785 73.8672
1786 73.8672
1787 73.8672
1788 73.8672
1789 73.3638
1790 73.3638
1791 73.3638
1792 73.3638
1793 73.3638
1794 73.3638
1795 73.3638
1796 73.3638
1797 73.3638
1798 73.3638
1799 73.3638
1800 73.3638
1801 73.3638
1802 73.3638
1803 73.3638
1804 73.3638
1805 73.3638
1806 73.3638
1807 73.3638
1808 73.3638
1809 73.3638
1810 73.3638
1811 73.3638
1812 73.3638
1813 73.3638
1814 73.3638
1815 73.3638
1816 73.3638
1817 73.3638
1818 73.3638
1819 73.3638
1820 73.3638
1821 73.3638
1822 73.3638
1823 73.3638
1824 73.3638
1825 73.3638
1826 73.3638
1827 73.3638
1828 73.3638
1829 73.3638
1830 73.3638
1831 73.3638
1832 73.3638
1833 73.3638
1834 73.3638
1835 73.3638
1836 73.3638
1837 73.3638
1838 73.3638
1839 73.3638
1840 73.3638
1841 73.3638
1842 73.3638
1843 73.3638
1844 73.3638
1845 73.3638
1846 73.3638
1847 73.3638
1848 73.3638
1849 73.3638
1850 73.3638
1851 73.3638
1852 73.3638
1853 73.3638
1854 73.3638
1855 73.3638
1856 73.3638
1857 73.3638
1858 73.3638
1859 73.3638
1860 73.3638
1861 73.3638
1862 73.3638
1863 73.3638
1864 73.3638
1865 73.3638
1866 73.3638
1867 73.3638
1868 73.3638
1869 73.3638
1870 73.3638
1871 73.3638
1872 73.3638
1873 73.3638
1874 73.3638
1875 73.3638
1876 73.3638
1877 73.3638
1878 73.3638
1879 73.3638
1880 73.3638
1881 73.3638
1882 73.3638
1883 73.3638
1884 73.3638
1885 73.3638
1886 73.3638
1887 73.3638
1888 73.3638
1889 73.3638
1890 73.3638
1891 73.3638
1892 73.3638
1893 73.3638
1894 73.3638
1895 73.3638
1896 73.3638
1897 73.3638
1898 73.3638
1899 73.3638
1900 73.3638
1901 73.3638
1902 73.3638
1903 73.3638
1904 73.3638
1905 73.3638
1906 73.3638
1907 73.3638
1908 73.3638
1909 73.3638
1910 73.3638
1911 73.1572
1912 73.1572
1913 73.1572
1914 73.1572
1915 73.1572
1916 73.1572
1917 73.1572
1918 73.1572
1919 73.1572
1920 73.1572
1921 73.1572
1922 73.1572
1923 73.1572
1924 73.1572
1925 73.1572
1926 73.1572
1927 73.1572
1928 73.1572
1929 73.1572
1930 73.1572
1931 73.1572
1932 73.1572
1933 73.1572
1934 73.1572
1935 73.1572
1936 73.1572
1937 73.1572
1938 73.1572
1939 73.1572
1940 73.1572
1941 73.1572
1942 73.1572
1943 73.1572
1944 73.1572
1945 73.1572
1946 73.1572
1947 73.1572
1948 73.1572
1949 73.1572
1950 73.1572
1951 73.1572
1952 73.1572
1953 73.1572
1954 73.1572
1955 73.1572
1956 73.1572
1957 73.1572
1958 73.1572
1959 73.1572
1960 73.1572
1961 73.1572
1962 73.1572
1963 73.1572
1964 73.1572
1965 73.1572
1966 73.1572
1967 73.1572
1968 73.1572
1969 73.1572
1970 73.1572
1971 73.1572
1972 73.1572
1973 73.1572
1974 73.1572
1975 73.1572
1976 73.1572
1977 73.1572
1978 73.1572
1979 73.1572
1980 73.1572
1981 73.1572
1982 73.1572
1983 73.1572
1984 73.1572
1985 73.1572
1986 73.1572
1987 73.1572
1988 73.1572
1989 73.1572
1990 73.1572
1991 73.1572
1992 73.1572
1993 73.1572
1994 73.1572
1995 73.1572
1996 73.1572
1997 73.1572
1998 73.1572
1999 73.1572
2000 73.1572
2001 73.1572
2002 73.1572
2003 73.1572
2004 73.1572
2005 73.1572
2006 73.1572
2007 73.1572
2008 73.1572
2009 73.1572
2010 73.1572
2011 73.1572
2012 73.1572
2013 72.9708
2014 72.9708
2015 72.9708
2016 72.9708
2017 72.9708
2018 72.9708
2019 72.9708
2020 72.9708
2021 72.9708
2022 72.9708
2023 72.9708
2024 72.9708
2025 72.9708
2026 72.9708
2027 72.9708
2028 72.9708
2029 72.9708
2030 72.5201
2031 72.5201
2032 72.5201
2033 72.5201
2034 72.5201
2035 72.5201
2036 72.5201
2037 72.5201
2038 72.5201
2039 72.5201
2040 72.5201
2041 72.5201
2042 72.5201
2043 72.5201
2044 71.9721
2045 71.9721
2046 71.9721
2047 71.9721
2048 71.9721
2049 71.9721
2050 71.9721
2051 71.9721
2052 71.9721
2053 71.9721
2054 71.9721
2055 71.9721
2056 71.9721
2057 71.9721
2058 71.9721
2059 71.9721
2060 71.9721
2061 71.9721
2062 71.9721
2063 71.9721
2064 71.9721
2065 71.9721
2066 71.9721
2067 71.9721
2068 71.9721
2069 71.9721
2070 71.9721
2071 71.9721
2072 71.9721
2073 71.9721
2074 71.9721
2075 71.9721
2076 71.9721
2077 71.9721
2078 71.9721
2079 71.9721
2080 71.9721
2081 71.9721
2082 71.9721
2083 71.9721
2084 71.9721
2085 71.9721
2086 71.9721
2087 71.9721
2088 71.9721
2089 71.9721
2090 71.9721
2091 71.9721
2092 71.9721
2093 71.9721
2094 71.9721
2095 71.9721
2096 71.9721
2097 71.9721
2098 71.9721
2099 71.9721
2100 71.9721
2101 71.9721
2102 71.9721
2103 71.9721
2104 71.9721
2105 71.9721
2106 71.9721
2107 71.9721
2108 71.9721
2109 71.9721
2110 71.9721
2111 71.9721
2112 71.9721
2113 71.9721
2114 71.9721
2115 71.9721
2116 71.9721
2117 71.9721
2118 71.9721
2119 71.9721
2120 71.9721
2121 71.9721
2122 71.9721
2123 71.9721
2124 71.9721
2125 71.9721
2126 71.9721
2127 71.9721
2128 71.9721
2129 71.9721
2130 71.9721
2131 71.9721
2132 71.9721
2133 71.9721
2134 71.9721
2135 71.9721
2136 71.9721
2137 71.9721
2138 71.9721
2139 71.9721
2140 71.9721
2141 71.9721
2142 71.9721
2143 71.9721
2144 71.9721
2145 71.9721
2146 71.9721
2147 71.9721
2148 71.9721
2149 71.9721
2150 71.9721
2151 71.9721
2152 71.9721
2153 71.9721
2154 71.9721
2155 71.9721
2156 71.9721
2157 71.9721
2158 71.9721
2159 71.9721
2160 71.9721
2161 71.9721
2162 71.9721
2163 71.9721
2164 71.9721
2165 71.9721
2166 71.9721
2167 71.9721
2168 71.9721
2169 71.9721
2170 71.9721
2171 71.9721
2172 71.9721
2173 71.9721
2174 71.9721
2175 71.9721
2176 71.9721
2177 71.9721
2178 71.9721
2179 71.9721
2180 71.9721
2181 71.9721
2182 71.9721
2183 71.9721
2184 71.9721
2185 71.9721
2186 71.9721
2187 71.9721
2188 71.9721
2189 71.9721
2190 71.9721
2191 71.9721
2192 71.9721
2193 71.9721
2194 71.9721
2195 71.9721
2196 71.9721
2197 71.9721
2198 71.9721
2199 71.9721
2200 71.9721
2201 71.9721
2202 71.9721
2203 71.9721
2204 71.9721
2205 71.9721
2206 71.9721
2207 71.9721
2208 71.9721
2209 71.9721
2210 71.9721
2211 71.9721
2212 71.9721
2213 71.9721
2214 71.9721
2215 71.9721
2216 71.9721
2217 71.9721
2218 71.9721
2219 71.9721
2220 71.9721
2221 71.9721
2222 71.9721
2223 71.9721
2224 71.9721
2225 71.9721
2226 71.9721
2227 71.9721
2228 71.9721
2229 71.9721
2230 71.9721
2231 71.9721
2232 71.9721
2233 71.9721
2234 71.9721
2235 71.9721
2236 71.9721
2237 71.9721
2238 71.9721
2239 71.9721
2240 71.9721
2241 71.9721
2242 71.9721
2243 71.9721
2244 71.9721
2245 71.9721
2246 71.9721
2247 71.9721
2248 71.9721
2249 71.9721
2250 71.9721
2251 71.9721
2252 71.9721
2253 71.9721
2254 71.9721
2255 71.9721
2256 71.9721
2257 71.9721
2258 71.9721
2259 71.9721
2260 71.9721
2261 71.9721
2262 71.9721
2263 71.9721
2264 71.9721
2265 71.9721
2266 71.9721
2267 71.9721
2268 71.9721
2269 71.9721
2270 71.9721
2271 71.9721
2272 71.9721
2273 71.9721
2274 71.9721
2275 71.9721
2276 71.9721
2277 71.9721
2278 71.9721
2279 71.9721
2280 71.9721
2281 71.7269
2282 71.7269
2283 71.7269
2284 71.7269
2285 71.7269
2286 71.7269
2287 71.7269
2288 71.7269
2289 71.7269
2290 71.7269
2291 71.7269
2292 71.7269
2293 71.7269
2294 71.7269
2295 71.7269
2296 71.7269
2297 71.7269
2298 71.7269
2299 71.7269
2300 71.7269
2301 71.7269
2302 71.7269
2303 71.7269
2304 71.7269
2305 71.7269
2306 71.7269
2307 71.7269
2308 71.7269
2309 71.7269
2310 71.7269
2311 71.7269
2312 71.7269
2313 71.7269
2314 71.7269
2315 71.7269
2316 71.7269
2317 71.7269
2318 71.7269
2319 71.7269
2320 71.7269
2321 71.7269
2322 71.7269
2323 71.7269
2324 71.7269
2325 71.7269
2326 71.7269
2327 71.6812
2328 71.6812
2329 71.6812
2330 71.6812
2331 71.6812
2332 71.6812
2333 71.6812
2334 71.6812
2335 71.6812
2336 71.6812
2337 71.6812
2338 71.6812
2339 71.6812
2340 71.6812
2341 71.6812
2342 71.6812
2343 71.6812
2344 71.6812
2345 71.6812
2346 71.6812
2347 71.6812
2348 71.6812
2349 71.6812
2350 71.6812
2351 71.6812
2352 71.6812
2353 71.6812
2354 71.6812
2355 71.6812
2356 71.6812
2357 71.6812
2358 71.6812
2359 71.6812
2360 71.6812
2361 71.6812
2362 71.6812
2363 71.6812
2364 71.6812
2365 71.6812
2366 71.6812
2367 71.6812
2368 71.6812
2369 71.6812
2370 71.6812
2371 71.6812
2372 71.6812
2373 71.6812
2374 71.6812
2375 71.6812
2376 71.6812
2377 71.6812
2378 71.6812
2379 71.6812
2380 71.6812
2381 71.6812
2382 71.6812
2383 71.6812
2384 71.6812
2385 71.6812
2386 71.6812
2387 71.6812
2388 71.6812
2389 71.6812
2390 71.6812
2391 71.6812
2392 71.6812
2393 71.6812
2394 71.6812
2395 71.6812
2396 71.6812
2397 71.6812
2398 71.6812
2399 71.6812
2400 71.6812
2401 71.6812
2402 71.6812
2403 71.6812
2404 71.6812
2405 71.6812
2406 71.6812
2407 71.6812
2408 71.6812
2409 71.6812
2410 71.6812
2411 71.6812
2412 71.6812
2413 71.6812
2414 71.6812
2415 71.6812
2416 71.6812
2417 71.6812
2418 71.6812
2419 71.6812
2420 71.6812
2421 71.6812
2422 71.6812
2423 71.6812
2424 71.6812
2425 71.6812
2426 71.6812
2427 71.6812
2428 71.6812
2429 71.6812
2430 71.6812
2431 71.6812
2432 71.6812
2433 71.6812
2434 71.6812
2435 71.6812
2436 71.6812
2437 71.6812
2438 71.6812
2439 71.6812
2440 71.6812
2441 71.6812
2442 71.6812
2443 71.6812
2444 71.6812
2445 71.6812
2446 71.6812
2447 71.6812
2448 71.6812
2449 71.6812
2450 71.6812
2451 71.6812
2452 71.6812
2453 71.6812
2454 71.6812
2455 71.6812
2456 71.6812
2457 71.6812
2458 71.6812
2459 71.6812
2460 71.6812
2461 71.6812
2462 71.6812
2463 71.6812
2464 71.6812
2465 71.6812
2466 71.6812
2467 71.6812
2468 71.6812
2469 71.6812
2470 71.6812
2471 71.6812
2472 71.6812
2473 71.6812
2474 71.6812
2475 71.6812
2476 71.6812
2477 71.6812
2478 71.6812
2479 71.6812
2480 71.6812
2481 71.6812
2482 71.6812
2483 71.6812
2484 71.6812
2485 71.6812
2486 71.6812
2487 71.6812
2488 71.6812
2489 71.6812
2490 71.6812
2491 71.6812
2492 71.6812
2493 71.6812
2494 71.6812
2495 71.6812
2496 71.6812
2497 71.6812
2498 71.6812
2499 71.6812
2500 71.6812
2501 71.6812
2502 71.6812
2503 71.6812
2504 71.6812
2505 71.6812
2506 71.6812
2507 71.6812
2508 71.6812
2509 71.6812
2510 71.6812
2511 71.6812
2512 71.6812
2513 71.6812
2514 71.6812
2515 71.6812
2516 71.6812
2517 71.6812
2518 71.6812
2519 71.6812
2520 71.6812
2521 71.6812
2522 71.6812
2523 71.6812
2524 71.6812
2525 71.6812
2526 71.6812
2527 71.6812
2528 71.6812
2529 71.6812
2530 71.6812
2531 71.6812
2532 71.6812
2533 71.6812
2534 71.6812
2535 71.6812
2536 71.6812
2537 71.6812
2538 71.6812
2539 71.6812
2540 71.6812
2541 71.6812
2542 71.6812
2543 71.6812
2544 71.6812
2545 71.6812
2546 71.6812
2547 71.6812
2548 71.6812
2549 71.6812
2550 71.6812
2551 71.6812
2552 71.6812
2553 71.6812
2554 71.6812
2555 71.6812
2556 71.6812
2557 71.6812
2558 71.6812
2559 71.6812
2560 71.6812
2561 71.6812
2562 71.6812
2563 71.6812
2564 71.6812
2565 71.6812
2566 71.6812
2567 71.6812
2568 71.6812
2569 71.6812
2570 71.6812
2571 71.6635
2572 71.6635
2573 71.6635
2574 71.6635
2575 71.6635
2576 71.6635
2577 71.6635
2578 71.6635
2579 71.6635
2580 71.6635
2581 71.6635
2582 71.2745
2583 71.2745
2584 71.2745
2585 71.2745
2586 71.2745
2587 71.2745
2588 71.2745
2589 71.2745
2590 71.2745
2591 71.2745
2592 71.2745
2593 71.2745
2594 71.2745
2595 71.2745
2596 71.2745
2597 71.2745
2598 71.2745
2599 71.2745
2600 71.2745
2601 71.2745
2602 71.2745
2603 71.2745
2604 71.2745
2605 71.2745
2606 71.2745
2607 71.2745
2608 71.2745
2609 71.2745
2610 71.2745
2611 71.2745
2612 71.2745
2613 71.2745
2614 71.2745
2615 71.2745
2616 71.2745
2617 71.2745
2618 71.2745
2619 71.2745
2620 71.2745
2621 71.2745
2622 71.2745
2623 71.2745
2624 71.2745
2625 71.2745
2626 71.2745
2627 71.2745
2628 71.2745
2629 71.2745
2630 71.2745
2631 71.2745
2632 71.2745
2633 71.2745
2634 71.2745
2635 71.2745
2636 71.2745
2637 71.2745
2638 71.2745
2639 71.2745
2640 71.2745
2641 71.2745
2642 71.2745
2643 71.2745
2644 71.2745
2645 71.2745
2646 71.2745
2647 71.2745
2648 71.2745
2649 71.2745
2650 71.2745
2651 71.2745
2652 71.2745
2653 71.2745
2654 71.2745
2655 71.2745
2656 71.2745
2657 71.2745
2658 71.2745
2659 71.2745
2660 71.2745
2661 71.2745
2662 71.2745
2663 71.2745
2664 71.2745
2665 71.2745
2666 71.2745
2667 71.2745
2668 71.2745
2669 71.2745
2670 71.2745
2671 71.2745
2672 71.2745
2673 71.2745
2674 71.2745
2675 71.2745
2676 71.2745
2677 71.2745
2678 71.2745
2679 71.2745
2680 71.2745
2681 71.2745
2682 71.2745
2683 71.2745
2684 71.2745
2685 71.2745
2686 71.2745
2687 71.2745
2688 71.2745
2689 71.2745
2690 71.2745
2691 71.2745
2692 71.2745
2693 71.2745
2694 71.2745
2695 71.2745
2696 71.2745
2697 71.2745
2698 71.2745
2699 71.2745
2700 71.2745
2701 71.2745
2702 71.2745
2703 71.2745
2704 71.2745
2705 71.2745
2706 71.2745
2707 71.2745
2708 71.2745
2709 71.2745
2710 71.2745
2711 71.2745
2712 71.2745
2713 71.2745
2714 71.2745
2715 71.2745
2716 71.2745
2717 71.2745
2718 71.2745
2719 71.2745
2720 71.2745
2721 71.2745
2722 71.2745
2723 71.2745
2724 71.2745
2725 71.2745
2726 71.2745
2727 71.2745
2728 71.2745
2729 71.2745
2730 71.2745
2731 71.2745
2732 71.2745
2733 71.2745
2734 71.2745
2735 71.2745
2736 71.2745
2737 71.2745
2738 71.2745
2739 71.2745
2740 71.2745
2741 71.2745
2742 71.2745
2743 71.2745
2744 71.2745
2745 71.2745
2746 71.2745
2747 71.2745
2748 71.2745
2749 71.2745
2750 71.2745
2751 71.2745
2752 71.2745
2753 71.2745
2754 71.2745
2755 71.2745
2756 71.2745
2757 71.2745
2758 71.2745
2759 71.2745
2760 71.2745
2761 71.2745
2762 71.2745
2763 71.2745
2764 71.2745
2765 71.2745
2766 71.2745
2767 71.2745
2768 71.2745
2769 71.2745
2770 71.2745
2771 71.2745
2772 71.2745
2773 71.2745
2774 71.2745
2775 71.2745
2776 71.2745
2777 71.2745
2778 71.2745
2779 71.2745
2780 71.2745
2781 71.2745
2782 71.2745
2783 71.2745
2784 71.2745
2785 71.2745
2786 71.2745
2787 71.2745
2788 71.2745
2789 71.2745
2790 71.2745
2791 71.2745
2792 71.2745
2793 71.2745
2794 71.2745
2795 71.2745
2796 71.2745
2797 71.2745
2798 71.2745
2799 71.2745
2800 71.2745
2801 71.2745
2802 71.2745
2803 71.2745
2804 71.2745
2805 71.2745
2806 71.2745
2807 71.2745
2808 71.2745
2809 71.2745
2810 71.2745
2811 71.2745
2812 71.2745
2813 71.2745
2814 71.2745
2815 71.2745
2816 71.2745
2817 71.2745
2818 71.2745
2819 71.2745
2820 71.2745
2821 71.2745
2822 71.2745
2823 71.2745
2824 71.2745
2825 71.2745
2826 71.2745
2827 71.2745
2828 71.2745
2829 71.2745
2830 71.2745
2831 71.2745
2832 71.2745
2833 71.2745
2834 71.2745
2835 71.2745
2836 71.2745
2837 71.2745
2838 71.2745
2839 71.2745
2840 71.2745
2841 71.2745
2842 71.2745
2843 71.2745
2844 71.2745
2845 71.2745
2846 71.2745
2847 71.2745
2848 71.2745
2849 71.2745
2850 71.2745
2851 71.2745
2852 71.2745
2853 71.2745
2854 71.2745
2855 71.2745
2856 71.2745
2857 71.2745
2858 71.2745
2859 71.2745
2860 71.2745
2861 71.2745
2862 71.2745
2863 71.2745
2864 71.2745
2865 71.2745
2866 71.2745
2867 71.2745
2868 71.2745
2869 71.2745
2870 71.2745
2871 71.2745
2872 71.2745
2873 71.2745
2874 71.2745
2875 71.2745
2876 71.2745
2877 71.2745
2878 71.2745
2879 71.2745
2880 71.2745
2881 71.2745
2882 71.2745
2883 71.2745
2884 71.2745
2885 71.2745
2886 71.2745
2887 71.2745
2888 71.2745
2889 71.2745
2890 71.2745
2891 71.2745
2892 71.2745
2893 71.2745
2894 71.2745
2895 71.2745
2896 71.2745
2897 71.2745
2898 71.2745
2899 71.2745
2900 71.2745
2901 71.2745
2902 71.2745
2903 71.2745
2904 71.2745
2905 71.2745
2906 71.2745
2907 71.2745
2908 71.2745
2909 71.2745
2910 71.2745
2911 71.2745
2912 71.2745
2913 71.2745
2914 71.2745
2915 71.2745
2916 71.2745
2917 71.2745
2918 71.2745
2919 71.2745
2920 71.2745
2921 71.2745
2922 71.2745
2923 71.2745
2924 71.2745
2925 71.2745
2926 71.2745
2927 71.2745
2928 71.2745
2929 71.2745
2930 71.2745
2931 71.2745
2932 71.2745
2933 71.2745
2934 71.2745
2935 71.2745
2936 71.2745
2937 71.2745
2938 71.2745
2939 71.2745
2940 71.2745
2941 71.2745
2942 71.2745
2943 71.2745
2944 71.2745
2945 71.2745
2946 71.2745
2947 71.2745
2948 71.2745
2949 71.2745
2950 71.2745
2951 71.2745
2952 71.2745
2953 71.2745
2954 71.2745
2955 71.2745
2956 71.2745
2957 71.2745
2958 71.2745
2959 71.2745
2960 71.2745
2961 71.2745
2962 71.2745
2963 71.2745
2964 71.2745
2965 71.2745
2966 71.2745
2967 71.2745
2968 71.2745
2969 71.2745
2970 71.2745
2971 71.2745
2972 71.2745
2973 71.2745
2974 71.2745
2975 71.2745
2976 71.2745
2977 71.2745
2978 71.2745
2979 71.2745
2980 71.2745
2981 71.2745
2982 71.2745
2983 71.2745
2984 71.2745
2985 71.2745
2986 71.2745
2987 71.2745
2988 71.2745
2989 71.2745
2990 71.2745
2991 71.2745
2992 71.2745
2993 71.2745
2994 71.2745
2995 71.2745
2996 71.2745
2997 71.2745
2998 71.2745
2999 71.2745
3000 71.2745
3001 71.2745
3002 71.2745
3003 71.2745
3004 71.2745
3005 71.2745
3006 71.2745
3007 71.2745
3008 71.2745
3009 71.2745
3010 71.2745
3011 71.2745
3012 71.2745
3013 71.2745
3014 71.2745
3015 71.2745
3016 71.2745
3017 71.2745
3018 71.2745
3019 71.2745
3020 71.2745
3021 71.2745
3022 71.2745
3023 71.2745
3024 71.2745
3025 71.2745
3026 71.2745
3027 71.2745
3028 71.2745
3029 71.2745
3030 71.2745
3031 71.2745
3032 71.2745
3033 71.2745
3034 71.2745
3035 71.2745
3036 71.2745
3037 71.2745
3038 71.2745
3039 71.2745
3040 71.2745
3041 71.2745
3042 71.2745
3043 71.2745
3044 71.2745
3045 71.2745
3046 71.2745
3047 71.2745
3048 71.2745
3049 71.2745
3050 71.2745
3051 71.2745
3052 71.2745
3053 71.2745
3054 71.2745
3055 71.2745
3056 71.2745
3057 71.2745
3058 71.2745
3059 71.2745
3060 71.2745
3061 71.2745
3062 71.2745
3063 71.2745
3064 71.2745
3065 71.2745
3066 71.2745
3067 71.2745
3068 71.2745
3069 71.2745
3070 71.2745
3071 71.2745
3072 71.2745
3073 71.2745
3074 71.2745
3075 71.2745
3076 71.2745
3077 71.2745
3078 71.2745
3079 71.2745
3080 71.2745
3081 71.2745
3082 71.2745
3083 71.2745
3084 71.2745
3085 71.2745
3086 71.2745
3087 71.2745
3088 71.2745
3089 71.2745
3090 71.2745
3091 71.2745
3092 71.2745
3093 71.2745
3094 71.2745
3095 71.2745
3096 71.2745
3097 71.2745
3098 71.2745
3099 71.2745
3100 71.2745
3101 71.2745
3102 71.2745
3103 71.2745
3104 71.2745
3105 71.2745
3106 71.2745
3107 71.2745
3108 71.2745
3109 71.2745
3110 71.2745
3111 71.2745
3112 71.2745
3113 71.2745
3114 71.2745
3115 71.2745
3116 71.2745
3117 71.2745
3118 71.2745
3119 71.2745
3120 71.2745
3121 71.2745
3122 71.2745
3123 71.2745
3124 71.2745
3125 71.2745
3126 71.2745
3127 71.2745
3128 71.2745
3129 71.2745
3130 71.2745
3131 71.2745
3132 71.2745
3133 71.2745
3134 71.2745
3135 71.2745
3136 71.2745
3137 71.2745
3138 71.2745
3139 71.2745
3140 71.2745
3141 71.2745
3142 71.2745
3143 71.2745
3144 71.2745
3145 71.2745
3146 71.2745
3147 71.2745
3148 71.2745
3149 71.2745
3150 71.2745
3151 71.2745
3152 71.2745
3153 71.2745
3154 71.2745
3155 71.2745
3156 71.2745
3157 71.2745
3158 71.2745
3159 71.2745
3160 71.149
3161 71.149
3162 71.149
3163 71.149
3164 71.149
3165 71.149
3166 71.149
3167 71.149
3168 71.149
3169 71.149
3170 71.149
3171 71.149
3172 71.149
3173 71.149
3174 71.149
3175 71.149
3176 71.149
3177 71.149
3178 71.149
3179 71.149
3180 71.149
3181 71.149
3182 71.149
3183 71.149
3184 71.149
3185 71.149
3186 71.149
3187 71.149
3188 71.149
3189 71.149
3190 71.149
3191 71.149
3192 71.149
3193 71.149
3194 71.149
3195 71.149
3196 71.149
3197 71.149
3198 71.149
3199 71.149
3200 71.149
3201 71.149
3202 71.149
3203 71.149
3204 71.149
3205 71.149
3206 71.149
3207 71.149
3208 71.149
3209 71.149
3210 71.149
3211 71.149
3212 71.149
3213 71.149
3214 71.149
3215 71.149
3216 71.149
3217 71.149
3218 71.149
3219 71.149
3220 71.149
3221 71.149
3222 71.149
3223 71.149
3224 71.149
3225 71.149
3226 71.149
3227 71.149
3228 71.149
3229 71.149
3230 71.149
3231 71.149
3232 71.149
3233 71.149
3234 71.149
3235 71.149
3236 71.149
3237 71.149
3238 71.149
3239 71.149
3240 71.149
3241 71.149
3242 71.149
3243 71.149
3244 71.149
3245 71.149
3246 71.149
3247 71.149
3248 71.149
3249 71.149
3250 71.149
3251 71.149
3252 71.149
3253 71.149
3254 71.149
3255 71.149
3256 71.149
3257 71.149
3258 71.149
3259 71.149
3260 71.149
3261 71.149
3262 71.149
3263 71.149
3264 71.149
3265 71.149
3266 71.1075
3267 71.1075
3268 71.1075
3269 71.1075
3270 71.1075
3271 71.1075
3272 71.1075
3273 71.1075
3274 71.1075
3275 71.1075
3276 71.1075
3277 71.1075
3278 71.1075
3279 71.1075
3280 71.1075
3281 71.1075
3282 71.1075
3283 71.1075
3284 71.1075
3285 71.1075
3286 71.1075
3287 71.1075
3288 71.1075
3289 71.1075
3290 71.1075
3291 71.0972
3292 71.0972
3293 71.0972
3294 71.0972
3295 71.0972
3296 71.0972
3297 71.0972
3298 71.0972
3299 71.0972
3300 71.0972
3301 71.0972
3302 71.0972
3303 71.0972
3304 71.0972
3305 71.0972
3306 71.0972
3307 71.0972
3308 71.0972
3309 71.0972
3310 71.0972
3311 71.0972
3312 71.0972
3313 71.0972
3314 71.0972
3315 71.0972
3316 71.0972
3317 71.0972
3318 71.0972
3319 71.0972
3320 71.0972
3321 71.0972
3322 71.0972
3323 70.87
3324 70.87
3325 70.87
3326 70.87
3327 70.87
3328 70.87
3329 70.87
3330 70.87
3331 70.87
3332 70.87
3333 70.87
3334 70.87
3335 70.87
3336 70.87
3337 70.87
3338 70.87
3339 70.87
3340 70.87
3341 70.87
3342 70.87
3343 70.87
3344 70.87
3345 70.87
3346 70.87
3347 70.87
3348 70.87
3349 70.87
3350 70.87
3351 70.87
3352 70.87
3353 70.87
3354 70.87
3355 70.87
3356 70.87
3357 70.87
3358 70.87
3359 70.87
3360 70.87
3361 70.87
3362 70.87
3363 70.87
3364 70.87
3365 70.87
3366 70.87
3367 70.87
3368 70.87
3369 70.87
3370 70.87
3371 70.87
3372 70.87
3373 70.87
3374 70.87
3375 70.87
3376 70.87
3377 70.87
3378 70.87
3379 70.87
3380 70.87
3381 70.87
3382 70.87
3383 70.87
3384 70.87
3385 70.87
3386 70.87
3387 70.87
3388 70.87
3389 70.87
3390 70.87
3391 70.87
3392 70.87
3393 70.87
3394 70.87
3395 70.87
3396 70.87
3397 70.87
3398 70.87
3399 70.87
3400 70.87
3401 70.87
3402 70.87
3403 70.87
3404 70.87
3405 70.87
3406 70.87
3407 70.87
3408 70.87
3409 70.87
3410 70.87
3411 70.87
3412 70.87
3413 70.87
3414 70.87
3415 70.87
3416 70.87
3417 70.87
3418 70.87
3419 70.87
3420 70.87
3421 70.87
3422 70.87
3423 70.87
3424 70.87
3425 70.87
3426 70.87
3427 70.87
3428 70.87
3429 70.87
3430 70.87
3431 70.87
3432 70.87
3433 70.87
3434 70.87
3435 70.87
3436 70.87
3437 70.87
3438 70.87
3439 70.87
3440 70.87
3441 70.87
3442 70.87
3443 70.87
3444 70.87
3445 70.87
3446 70.87
3447 70.87
3448 70.87
3449 70.87
3450 70.87
3451 70.87
3452 70.87
3453 70.87
3454 70.87
3455 70.87
3456 70.87
3457 70.87
3458 70.87
3459 70.87
3460 70.87
3461 70.87
3462 70.87
3463 70.87
3464 70.87
3465 70.87
3466 70.87
3467 70.87
3468 70.87
3469 70.87
3470 70.87
3471 70.87
3472 70.87
3473 70.87
3474 70.87
3475 70.87
3476 70.87
3477 70.87
3478 70.87
3479 70.87
3480 70.87
3481 70.87
3482 70.87
3483 70.87
3484 70.87
3485 70.87
3486 70.87
3487 70.87
3488 70.87
3489 70.87
3490 70.87
3491 70.87
3492 70.87
3493 70.87
3494 70.87
3495 70.87
3496 70.87
3497 70.87
3498 70.87
3499 70.87
3500 70.87
3501 70.87
3502 70.87
3503 70.87
3504 70.87
3505 70.87
3506 70.87
3507 70.87
3508 70.87
3509 70.87
3510 70.87
3511 70.87
3512 70.87
3513 70.87
3514 70.87
3515 70.87
3516 70.87
3517 70.87
3518 70.87
3519 70.87
3520 70.87
3521 70.87
3522 70.87
3523 70.87
3524 70.87
3525 70.87
3526 70.87
3527 70.87
3528 70.87
3529 70.87
3530 70.87
3531 70.87
3532 70.87
3533 70.87
3534 70.87
3535 70.87
3536 70.87
3537 70.87
3538 70.87
3539 70.87
3540 70.87
3541 70.87
3542 70.87
3543 70.87
3544 70.87
3545 70.87
3546 70.87
3547 70.87
3548 70.87
3549 70.87
3550 70.87
3551 70.87
3552 70.87
3553 70.87
3554 70.87
3555 70.87
3556 70.87
3557 70.87
3558 70.87
3559 70.87
3560 70.87
3561 70.87
3562 70.87
3563 70.87
3564 70.87
3565 70.87
3566 70.87
3567 70.87
3568 70.87
3569 70.87
3570 70.87
3571 70.87
3572 70.87
3573 70.87
3574 70.87
3575 70.87
3576 70.87
3577 70.87
3578 70.87
3579 70.87
3580 70.87
3581 70.87
3582 70.87
3583 70.87
3584 70.87
3585 70.87
3586 70.87
3587 70.87
3588 70.87
3589 70.87
3590 70.87
3591 70.87
3592 70.87
3593 70.87
3594 70.87
3595 70.87
3596 70.87
3597 70.87
3598 70.87
3599 70.87
3600 70.87
3601 70.87
3602 70.87
3603 70.87
3604 70.87
3605 70.87
3606 70.87
3607 70.87
3608 70.87
3609 70.87
3610 70.87
3611 70.87
3612 70.87
3613 70.87
3614 70.87
3615 70.87
3616 70.87
3617 70.87
3618 70.87
3619 70.87
3620 70.87
3621 70.87
3622 70.87
3623 70.87
3624 70.87
3625 70.87
3626 70.87
3627 70.87
3628 70.87
3629 70.87
3630 70.87
3631 70.87
3632 70.87
3633 70.87
3634 70.87
3635 70.87
3636 70.87
3637 70.87
3638 70.87
3639 70.87
3640 70.87
3641 70.87
3642 70.87
3643 70.87
3644 70.87
3645 70.87
3646 70.87
3647 70.87
3648 70.87
3649 70.87
3650 70.87
3651 70.87
3652 70.87
3653 70.87
3654 70.87
3655 70.87
3656 70.87
3657 70.87
3658 70.87
3659 70.87
3660 70.87
3661 70.87
3662 70.87
3663 70.87
3664 70.87
3665 70.87
3666 70.87
3667 70.87
3668 70.87
3669 70.87
3670 70.87
3671 70.87
3672 70.87
3673 70.87
3674 70.87
3675 70.87
3676 70.87
3677 70.87
3678 70.87
3679 70.87
3680 70.87
3681 70.87
3682 70.87
3683 70.87
3684 70.87
3685 70.87
3686 70.87
3687 70.87
3688 70.87
3689 70.87
3690 70.87
3691 70.87
3692 70.87
3693 70.87
3694 70.87
3695 70.87
3696 70.87
3697 70.87
3698 70.87
3699 70.87
3700 70.87
3701 70.87
3702 70.87
3703 70.87
3704 70.87
3705 70.87
3706 70.87
3707 70.87
3708 70.87
3709 70.87
3710 70.87
3711 70.87
3712 70.87
3713 70.87
3714 70.87
3715 70.87
3716 70.87
3717 70.87
3718 70.87
3719 70.87
3720 70.87
3721 70.87
3722 70.87
3723 70.87
3724 70.87
3725 70.87
3726 70.87
3727 70.87
3728 70.849
3729 70.849
3730 70.7673
3731 70.7673
3732 70.7673
3733 70.7673
3734 70.7673
3735 70.7673
3736 70.7673
3737 70.7673
3738 70.7673
3739 70.7673
3740 70.7673
3741 70.7673
3742 70.7673
3743 70.7673
3744 70.7673
3745 70.7673
3746 70.7673
3747 70.705
3748 70.705
3749 70.705
3750 70.705
3751 70.705
3752 70.705
3753 70.705
3754 70.705
3755 70.705
3756 70.705
3757 70.705
3758 70.705
3759 70.705
3760 70.705
3761 70.705
3762 70.705
3763 70.705
3764 70.705
3765 70.705
3766 70.705
3767 70.705
3768 70.705
3769 70.705
3770 70.705
3771 70.705
3772 70.705
3773 70.705
3774 70.705
3775 70.705
3776 70.705
3777 70.705
3778 70.705
3779 70.705
3780 70.705
3781 70.705
3782 70.705
3783 70.705
3784 70.705
3785 70.705
3786 70.705
3787 70.705
3788 70.705
3789 70.705
3790 70.705
3791 70.705
3792 70.705
3793 70.705
3794 70.705
3795 70.705
3796 70.705
3797 70.705
3798 70.705
3799 70.705
3800 70.705
3801 70.705
3802 70.705
3803 70.705
3804 70.705
3805 70.705
3806 70.705
3807 70.705
3808 70.705
3809 70.705
3810 70.705
3811 70.705
3812 70.705
3813 70.705
3814 70.705
3815 70.705
3816 70.705
3817 70.705
3818 70.705
3819 70.705
3820 70.705
3821 70.705
3822 70.705
3823 70.705
3824 70.705
3825 70.705
3826 70.705
3827 70.705
3828 70.705
3829 70.705
3830 70.705
3831 70.705
3832 70.705
3833 70.705
3834 70.705
3835 70.705
3836 70.705
3837 70.705
3838 70.705
3839 70.705
3840 70.705
3841 70.705
3842 70.705
3843 70.705
3844 70.705
3845 70.705
3846 70.705
3847 70.705
3848 70.705
3849 70.705
3850 70.705
3851 70.705
3852 70.705
3853 70.705
3854 70.705
3855 70.705
3856 70.705
3857 70.705
3858 70.705
3859 70.705
3860 70.705
3861 70.705
3862 70.705
3863 70.705
3864 70.705
3865 70.705
3866 70.705
3867 70.705
3868 70.705
3869 70.705
3870 70.705
3871 70.705
3872 70.705
3873 70.705
3874 70.705
3875 70.705
3876 70.705
3877 70.705
3878 70.705
3879 70.705
3880 70.705
3881 70.705
3882 70.705
3883 70.705
3884 70.705
3885 70.705
3886 70.705
3887 70.705
3888 70.705
3889 70.705
3890 70.705
3891 70.705
3892 70.705
3893 70.705
3894 70.705
3895 70.705
3896 70.705
3897 70.705
3898 70.705
3899 70.705
3900 70.705
3901 70.705
3902 70.705
3903 70.705
3904 70.705
3905 70.705
3906 70.705
3907 70.705
3908 70.705
3909 70.705
3910 70.705
3911 70.705
3912 70.705
3913 70.705
3914 70.705
3915 70.705
3916 70.705
3917 70.705
3918 70.705
3919 70.705
3920 70.705
3921 70.705
3922 70.705
3923 70.705
3924 70.705
3925 70.705
3926 70.705
3927 70.705
3928 70.705
3929 70.705
3930 70.705
3931 70.705
3932 70.705
3933 70.705
3934 70.705
3935 70.705
3936 70.705
3937 70.705
3938 70.705
3939 70.705
3940 70.705
3941 70.705
3942 70.705
3943 70.705
3944 70.705
3945 70.705
3946 70.705
3947 70.705
3948 70.705
3949 70.705
3950 70.705
3951 70.705
3952 70.705
3953 70.705
3954 70.705
3955 70.705
3956 70.705
3957 70.705
3958 70.705
3959 70.705
3960 70.705
3961 70.705
3962 70.705
3963 70.705
3964 70.705
3965 70.705
3966 70.705
3967 70.705
3968 70.705
3969 70.705
3970 70.705
3971 70.705
3972 70.705
3973 70.705
3974 70.705
3975 70.705
3976 70.705
3977 70.705
3978 70.705
3979 70.705
3980 70.705
3981 70.705
3982 70.705
3983 70.705
3984 70.705
3985 70.705
3986 70.705
3987 70.705
3988 70.705
3989 70.705
3990 70.705
3991 70.705
3992 70.705
3993 70.705
3994 70.705
3995 70.705
3996 70.705
3997 70.705
3998 70.705
3999 70.705
4000 70.705
4001 70.705
4002 70.705
4003 70.705
4004 70.705
4005 70.705
4006 70.705
4007 70.705
4008 70.705
4009 70.705
4010 70.705
4011 70.705
4012 70.705
4013 70.705
4014 70.705
4015 70.705
4016 70.705
4017 70.705
4018 70.705
4019 70.705
4020 70.705
4021 70.705
4022 70.705
4023 70.705
4024 70.705
4025 70.705
4026 70.705
4027 70.705
4028 70.705
4029 70.705
4030 70.705
4031 70.705
4032 70.705
4033 70.705
4034 70.705
4035 70.705
4036 70.705
4037 70.705
4038 70.705
4039 70.705
4040 70.705
4041 70.705
4042 70.705
4043 70.705
4044 70.705
4045 70.705
4046 70.705
4047 70.705
4048 70.705
4049 70.705
4050 70.705
4051 70.705
4052 70.705
4053 70.705
4054 70.705
4055 70.705
4056 70.705
4057 70.705
4058 70.705
4059 70.705
4060 70.705
4061 70.705
4062 70.705
4063 70.705
4064 70.705
4065 70.705
4066 70.705
4067 70.705
4068 70.705
4069 70.705
4070 70.705
4071 70.705
4072 70.705
4073 70.705
4074 70.705
4075 70.705
4076 70.705
4077 70.705
4078 70.705
4079 70.705
4080 70.705
4081 70.705
4082 70.705
4083 70.705
4084 70.705
4085 70.705
4086 70.705
4087 70.705
4088 70.705
4089 70.705
4090 70.705
4091 70.705
4092 70.705
4093 70.705
4094 70.705
4095 70.705
4096 70.705
4097 70.705
4098 70.705
4099 70.705
4100 70.705
4101 70.705
4102 70.705
4103 70.705
4104 70.705
4105 70.705
4106 70.705
4107 70.705
4108 70.705
4109 70.705
4110 70.705
4111 70.705
4112 70.705
4113 70.705
4114 70.705
4115 70.705
4116 70.705
4117 70.705
4118 70.705
4119 70.705
4120 70.705
4121 70.705
4122 70.705
4123 70.705
4124 70.705
4125 70.705
4126 70.705
4127 70.705
4128 70.705
4129 70.705
4130 70.705
4131 70.705
4132 70.705
4133 70.705
4134 70.705
4135 70.705
4136 70.705
4137 70.705
4138 70.705
4139 70.705
4140 70.705
4141 70.705
4142 70.705
4143 70.705
4144 70.705
4145 70.705
4146 70.705
4147 70.705
4148 70.705
4149 70.705
4150 70.705
4151 70.705
4152 70.705
4153 70.705
4154 70.705
4155 70.705
4156 70.705
4157 70.705
4158 70.705
4159 70.705
4160 70.705
4161 70.705
4162 70.705
4163 70.705
4164 70.705
4165 70.705
4166 70.705
4167 70.705
4168 70.705
4169 70.705
4170 70.705
4171 70.705
4172 70.705
4173 70.705
4174 70.705
4175 70.705
4176 70.705
4177 70.705
4178 70.705
4179 70.705
4180 70.705
4181 70.705
4182 70.705
4183 70.705
4184 70.705
4185 70.705
4186 70.705
4187 70.705
4188 70.705
4189 70.705
4190 70.705
4191 70.705
4192 70.705
4193 70.705
4194 70.705
4195 70.705
4196 70.705
4197 70.705
4198 70.705
4199 70.705
4200 70.705
4201 70.705
4202 70.705
4203 70.705
4204 70.705
4205 70.705
4206 70.705
4207 70.705
4208 70.705
4209 70.705
4210 70.705
4211 70.705
4212 70.705
4213 70.705
4214 70.705
4215 70.705
4216 70.705
4217 70.705
4218 70.705
4219 70.705
4220 70.705
4221 70.705
4222 70.705
4223 70.705
4224 70.705
4225 70.705
4226 70.705
4227 70.705
4228 70.705
4229 70.705
4230 70.705
4231 70.705
4232 70.705
4233 70.705
4234 70.705
4235 70.705
4236 70.705
4237 70.705
4238 70.705
4239 70.705
4240 70.705
4241 70.705
4242 70.705
4243 70.705
4244 70.705
4245 70.705
4246 70.705
4247 70.705
4248 70.705
4249 70.705
4250 70.705
4251 70.705
4252 70.705
4253 70.705
4254 70.705
4255 70.705
4256 70.705
4257 70.705
4258 70.705
4259 70.705
4260 70.705
4261 70.705
4262 70.705
4263 70.705
4264 70.705
4265 70.705
4266 70.705
4267 70.705
4268 70.705
4269 70.705
4270 70.705
4271 70.705
4272 70.705
4273 70.705
4274 70.705
4275 70.705
4276 70.705
4277 70.705
4278 70.705
4279 70.705
4280 70.705
4281 70.705
4282 70.705
4283 70.705
4284 70.705
4285 70.705
4286 70.705
4287 70.705
4288 70.705
4289 70.705
4290 70.705
4291 70.705
4292 70.705
4293 70.705
4294 70.705
4295 70.705
4296 70.705
4297 70.705
4298 70.705
4299 70.705
4300 70.705
4301 70.705
4302 70.705
4303 70.705
4304 70.705
4305 70.705
4306 70.705
4307 70.705
4308 70.705
4309 70.705
4310 70.705
4311 70.705
4312 70.705
4313 70.705
4314 70.705
4315 70.705
4316 70.705
4317 70.705
4318 70.705
4319 70.705
4320 70.705
4321 70.705
4322 70.705
4323 70.705
4324 70.705
4325 70.705
4326 70.705
4327 70.705
4328 70.705
4329 70.705
4330 70.705
4331 70.705
4332 70.705
4333 70.705
4334 70.705
4335 70.705
4336 70.705
4337 70.705
4338 70.705
4339 70.705
4340 70.705
4341 70.705
4342 70.705
4343 70.705
4344 70.705
4345 70.705
4346 70.705
4347 70.705
4348 70.705
4349 70.705
4350 70.705
4351 70.705
4352 70.705
4353 70.705
4354 70.705
4355 70.705
4356 70.705
4357 70.705
4358 70.705
4359 70.705
4360 70.705
4361 70.705
4362 70.705
4363 70.705
4364 70.705
4365 70.705
4366 70.705
4367 70.705
4368 70.705
4369 70.705
4370 70.705
4371 70.705
4372 70.705
4373 70.705
4374 70.705
4375 70.705
4376 70.705
4377 70.705
4378 70.705
4379 70.705
4380 70.705
4381 70.705
4382 70.705
4383 70.705
4384 70.705
4385 70.705
4386 70.705
4387 70.705
4388 70.705
4389 70.705
4390 70.705
4391 70.705
4392 70.705
4393 70.705
4394 70.705
4395 70.705
4396 70.705
4397 70.705
4398 70.705
4399 70.705
4400 70.705
4401 70.705
4402 70.705
4403 70.705
4404 70.705
4405 70.705
4406 70.705
4407 70.705
4408 70.705
4409 70.705
4410 70.705
4411 70.705
4412 70.705
4413 70.705
4414 70.705
4415 70.705
4416 70.705
4417 70.705
4418 70.705
4419 70.705
4420 70.705
4421 70.705
4422 70.705
4423 70.705
4424 70.705
4425 70.705
4426 70.705
4427 70.705
4428 70.705
4429 70.705
4430 70.705
4431 70.705
4432 70.705
4433 70.705
4434 70.705
4435 70.705
4436 70.705
4437 70.705
4438 70.705
4439 70.705
4440 70.705
4441 70.705
4442 70.705
4443 70.705
4444 70.705
4445 70.705
4446 70.705
4447 70.705
4448 70.705
4449 70.705
4450 70.705
4451 70.705
4452 70.705
4453 70.705
4454 70.705
4455 70.705
4456 70.705
4457 70.705
4458 70.705
4459 70.705
4460 70.705
4461 70.705
4462 70.705
4463 70.705
4464 70.705
4465 70.705
4466 70.705
4467 70.705
4468 70.705
4469 70.705
4470 70.705
4471 70.705
4472 70.705
4473 70.705
4474 70.705
4475 70.705
4476 70.705
4477 70.705
4478 70.705
4479 70.705
4480 70.705
4481 70.705
4482 70.705
4483 70.705
4484 70.705
4485 70.705
4486 70.705
4487 70.705
4488 70.705
4489 70.705
4490 70.705
4491 70.705
4492 70.705
4493 70.705
4494 70.705
4495 70.705
4496 70.705
4497 70.705
4498 70.705
4499 70.705
4500 70.705
4501 70.705
4502 70.705
4503 70.705
4504 70.705
4505 70.705
4506 70.705
4507 70.705
4508 70.705
4509 70.705
4510 70.705
4511 70.705
4512 70.705
4513 70.705
4514 70.705
4515 70.705
4516 70.705
4517 70.705
4518 70.705
4519 70.705
4520 70.705
4521 70.705
4522 70.705
4523 70.705
4524 70.705
4525 70.705
4526 70.705
4527 70.705
4528 70.705
4529 70.705
4530 70.705
4531 70.705
4532 70.705
4533 70.705
4534 70.705
4535 70.705
4536 70.705
4537 70.705
4538 70.705
4539 70.705
4540 70.705
4541 70.705
4542 70.705
4543 70.705
4544 70.705
4545 70.705
4546 70.705
4547 70.705
4548 70.705
4549 70.705
4550 70.705
4551 70.705
4552 70.705
4553 70.705
4554 70.705
4555 70.705
4556 70.705
4557 70.705
4558 70.705
4559 70.705
4560 70.705
4561 70.705
4562 70.705
4563 70.705
4564 70.705
4565 70.705
4566 70.705
4567 70.705
4568 70.705
4569 70.705
4570 70.705
4571 70.705
4572 70.705
4573 70.705
4574 70.705
4575 70.705
4576 70.705
4577 70.705
4578 70.705
4579 70.705
4580 70.705
4581 70.705
4582 70.705
4583 70.705
4584 70.705
4585 70.705
4586 70.705
4587 70.705
4588 70.705
4589 70.705
4590 70.705
4591 70.705
4592 70.705
4593 70.705
4594 70.705
4595 70.705
4596 70.705
4597 70.705
4598 70.705
4599 70.705
4600 70.705
4601 70.705
4602 70.705
4603 70.705
4604 70.705
4605 70.705
4606 70.705
4607 70.705
4608 70.705
4609 70.705
4610 70.705
4611 70.705
4612 70.705
4613 70.705
4614 70.705
4615 70.705
4616 70.705
4617 70.705
4618 70.705
4619 70.705
4620 70.705
4621 70.705
4622 70.705
4623 70.705
4624 70.705
4625 70.705
4626 70.705
4627 70.705
4628 70.705
4629 70.705
4630 70.705
4631 70.705
4632 70.705
4633 70.705
4634 70.705
4635 70.705
4636 70.705
4637 70.705
4638 70.705
4639 70.705
4640 70.705
4641 70.705
4642 70.705
4643 70.705
4644 70.705
4645 70.705
4646 70.705
4647 70.705
4648 70.705
4649 70.705
4650 70.705
4651 70.705
4652 70.705
4653 70.705
4654 70.705
4655 70.705
4656 70.705
4657 70.705
4658 70.705
4659 70.705
4660 70.705
4661 70.705
4662 70.705
4663 70.705
4664 70.705
4665 70.705
4666 70.705
4667 70.705
4668 70.705
4669 70.705
4670 70.705
4671 70.705
4672 70.705
4673 70.705
4674 70.705
4675 70.705
4676 70.705
4677 70.705
4678 70.705
4679 70.705
4680 70.705
4681 70.705
4682 70.705
4683 70.705
4684 70.705
4685 70.705
4686 70.705
4687 70.705
4688 70.705
4689 70.705
4690 70.705
4691 70.705
4692 70.705
4693 70.705
4694 70.705
4695 70.705
4696 70.705
4697 70.705
4698 70.705
4699 70.705
4700 70.705
4701 70.705
4702 70.705
4703 70.705
4704 70.705
4705 70.705
4706 70.705
4707 70.705
4708 70.705
4709 70.705
4710 70.705
4711 70.705
4712 70.705
4713 70.705
4714 70.705
4715 70.705
4716 70.705
4717 70.705
4718 70.705
4719 70.705
4720 70.705
4721 70.705
4722 70.705
4723 70.705
4724 70.705
4725 70.705
4726 70.705
4727 70.705
4728 70.705
4729 70.705
4730 70.705
4731 70.705
4732 70.705
4733 70.705
4734 70.705
4735 70.705
4736 70.705
4737 70.705
4738 70.705
4739 70.705
4740 70.705
4741 70.705
4742 70.705
4743 70.705
4744 70.705
4745 70.705
4746 70.705
4747 70.705
4748 70.705
4749 70.705
4750 70.705
4751 70.705
4752 70.705
4753 70.705
4754 70.705
4755 70.705
4756 70.705
4757 70.705
4758 70.705
4759 70.705
4760 70.705
4761 70.705
4762 70.705
4763 70.705
4764 70.705
4765 70.705
4766 70.705
4767 70.705
4768 70.705
4769 70.705
4770 70.705
4771 70.705
4772 70.705
4773 70.705
4774 70.705
4775 70.705
4776 70.705
4777 70.705
4778 70.705
4779 70.705
4780 70.705
4781 70.705
4782 70.705
4783 70.705
4784 70.705
4785 70.705
4786 70.705
4787 70.705
4788 70.705
4789 70.705
4790 70.705
4791 70.705
4792 70.705
4793 70.705
4794 70.705
4795 70.705
4796 70.705
4797 70.705
4798 70.705
4799 70.705
4800 70.705
4801 70.705
4802 70.705
4803 70.705
4804 70.705
4805 70.705
4806 70.705
4807 70.705
4808 70.705
4809 70.705
4810 70.705
4811 70.705
4812 70.705
4813 70.705
4814 70.705
4815 70.705
4816 70.705
4817 70.705
4818 70.705
4819 70.705
4820 70.705
4821 70.705
4822 70.705
4823 70.705
4824 70.705
4825 70.705
4826 70.705
4827 70.705
4828 70.705
4829 70.705
4830 70.705
4831 70.705
4832 70.705
4833 70.705
4834 70.705
4835 70.705
4836 70.705
4837 70.705
4838 70.705
4839 70.705
4840 70.705
4841 70.705
4842 70.705
4843 70.705
4844 70.705
4845 70.705
4846 70.705
4847 70.705
4848 70.705
4849 70.705
4850 70.705
4851 70.705
4852 70.705
4853 70.705
4854 70.705
4855 70.705
4856 70.705
4857 70.705
4858 70.705
4859 70.705
4860 70.705
4861 70.705
4862 70.705
4863 70.705
4864 70.705
4865 70.705
4866 70.705
4867 70.705
4868 70.705
4869 70.705
4870 70.705
4871 70.705
4872 70.705
4873 70.705
4874 70.705
4875 70.705
4876 70.705
4877 70.705
4878 70.705
4879 70.705
4880 70.705
4881 70.705
4882 70.705
4883 70.705
4884 70.705
4885 70.705
4886 70.705
4887 70.705
4888 70.705
4889 70.705
4890 70.705
4891 70.705
4892 70.705
4893 70.705
4894 70.705
4895 70.705
4896 70.705
4897 70.705
4898 70.705
4899 70.705
4900 70.705
4901 70.705
4902 70.705
4903 70.705
4904 70.705
4905 70.705
4906 70.705
4907 70.705
4908 70.705
4909 70.705
4910 70.705
4911 70.705
4912 70.705
4913 70.705
4914 70.705
4915 70.705
4916 70.705
4917 70.705
4918 70.705
4919 70.705
4920 70.705
4921 70.705
4922 70.705
4923 70.705
4924 70.705
4925 70.705
4926 70.705
4927 70.705
4928 70.705
4929 70.705
4930 70.705
4931 70.705
4932 70.705
4933 70.705
4934 70.705
4935 70.705
4936 70.705
4937 70.705
4938 70.705
4939 70.705
4940 70.705
4941 70.705
4942 70.705
4943 70.705
4944 70.705
4945 70.705
4946 70.705
4947 70.705
4948 70.705
4949 70.705
4950 70.705
4951 70.705
4952 70.705
4953 70.705
4954 70.705
4955 70.705
4956 70.705
4957 70.705
4958 70.705
4959 70.705
4960 70.705
4961 70.705
4962 70.705
4963 70.705
4964 70.705
4965 70.705
4966 70.705
4967 70.705
4968 70.6146
4969 70.6146
4970 70.6146
4971 70.6146
4972 70.6146
4973 70.6146
4974 70.6146
4975 70.6146
4976 70.6146
4977 70.6146
4978 70.6146
4979 70.6146
4980 70.6146
4981 70.6146
4982 70.6146
4983 70.6146
4984 70.6146
4985 70.6146
4986 70.6146
4987 70.6146
4988 70.6146
4989 70.6146
4990 70.6146
4991 70.6146
4992 70.6146
4993 70.6146
4994 70.6146
4995 70.6146
4996 70.6146
4997 70.6146
4998 70.6146
4999 70.6146
5000 70.6146
5001 70.6146
5002 70.6146
5003 70.6146
5004 70.6146
5005 70.6146
5006 70.6146
5007 70.6146
5008 70.6146
5009 70.6146
5010 70.6146
5011 70.6146
5012 70.6146
5013 70.6146
5014 70.6146
5015 70.6146
5016 70.6146
5017 70.6146
5018 70.6146
5019 70.6146
5020 70.6146
5021 70.6146
5022 70.6146
5023 70.6146
5024 70.6146
5025 70.6146
5026 70.6146
5027 70.6146
5028 70.6146
5029 70.6146
5030 70.6146
5031 70.6146
5032 70.6146
5033 70.6146
5034 70.6146
5035 70.6146
5036 70.6146
5037 70.6146
5038 70.6146
5039 70.6146
5040 70.6146
5041 70.6146
5042 70.6146
5043 70.6146
5044 70.6146
5045 70.6146
5046 70.6146
5047 70.6146
5048 70.6146
5049 70.6146
5050 70.6146
5051 70.6146
5052 70.6146
5053 70.6146
5054 70.6146
5055 70.6146
5056 70.6146
5057 70.6146
5058 70.6146
5059 70.6146
5060 70.6146
5061 70.6146
5062 70.6146
5063 70.6146
5064 70.6146
5065 70.6146
5066 70.6146
5067 70.6146
5068 70.6146
5069 70.6146
5070 70.6146
5071 70.6146
5072 70.6146
5073 70.6146
5074 70.6146
5075 70.6146
5076 70.6146
5077 70.6146
5078 70.6146
5079 70.6146
5080 70.6146
5081 70.6146
5082 70.6146
5083 70.6146
5084 70.6146
5085 70.6146
5086 70.6146
5087 70.6146
5088 70.6146
5089 70.6146
5090 70.6146
5091 70.6146
5092 70.6146
5093 70.6146
5094 70.6146
5095 70.6146
5096 70.6146
5097 70.6146
5098 70.6146
5099 70.6146
5100 70.6146
5101 70.6146
5102 70.6146
5103 70.6146
5104 70.6146
5105 70.6146
5106 70.6146
5107 70.6146
5108 70.6146
5109 70.6146
5110 70.6146
5111 70.6146
5112 70.6146
5113 70.6146
5114 70.6146
5115 70.6146
5116 70.6146
5117 70.6146
5118 70.6146
5119 70.6146
5120 70.6146
5121 70.6146
5122 70.6146
5123 70.6146
5124 70.6146
5125 70.6146
5126 70.6146
5127 70.6146
5128 70.6146
5129 70.6146
5130 70.6146
5131 70.6146
5132 70.6146
5133 70.6146
5134 70.6146
5135 70.6146
5136 70.6146
5137 70.6146
5138 70.6146
5139 70.6146
5140 70.6146
5141 70.6146
5142 70.6146
5143 70.6146
5144 70.6146
5145 70.6146
5146 70.6146
5147 70.6146
5148 70.6146
5149 70.6146
5150 70.6146
5151 70.6146
5152 70.6146
5153 70.6146
5154 70.6146
5155 70.6146
5156 70.6146
5157 70.6146
5158 70.6146
5159 70.6146
5160 70.6146
5161 70.6146
5162 70.6146
5163 70.6146
5164 70.6146
5165 70.6146
5166 70.6146
5167 70.6146
5168 70.6146
5169 70.6146
5170 70.6146
5171 70.6146
5172 70.6146
5173 70.6146
5174 70.6146
5175 70.6146
5176 70.6146
5177 70.6146
5178 70.6146
5179 70.6146
5180 70.6146
5181 70.6146
5182 70.6146
5183 70.6146
5184 70.6146
5185 70.6146
5186 70.6146
5187 70.6146
5188 70.6146
5189 70.6146
5190 70.6146
5191 70.6146
5192 70.6146
5193 70.6146
5194 70.6146
5195 70.6146
5196 70.6146
5197 70.6146
5198 70.6146
5199 70.6146
5200 70.6146
5201 70.6146
5202 70.6146
5203 70.6146
5204 70.6146
5205 70.6146
5206 70.6146
5207 70.6146
5208 70.6146
5209 70.6146
5210 70.6146
5211 70.6146
5212 70.6146
5213 70.6146
5214 70.6146
5215 70.6146
5216 70.6146
5217 70.6146
5218 70.6146
5219 70.6146
5220 70.6146
5221 70.6146
5222 70.6146
5223 70.6146
5224 70.6146
5225 70.6146
5226 70.6146
5227 70.6146
5228 70.6146
5229 70.6146
5230 70.6146
5231 70.6146
5232 70.6146
5233 70.6146
5234 70.6146
5235 70.6146
5236 70.6146
5237 70.6146
5238 70.6146
5239 70.6146
5240 70.6146
5241 70.6146
5242 70.6146
5243 70.6146
5244 70.6146
5245 70.6146
5246 70.6146
5247 70.6146
5248 70.6146
5249 70.6146
5250 70.6146
5251 70.6146
5252 70.6146
5253 70.6146
5254 70.6146
5255 70.6146
5256 70.6146
5257 70.6146
5258 70.6146
5259 70.6146
5260 70.6146
5261 70.6146
5262 70.6146
5263 70.6146
5264 70.6146
5265 70.6146
5266 70.6146
5267 70.6146
5268 70.6146
5269 70.6146
5270 70.6146
5271 70.6146
5272 70.6146
5273 70.6146
5274 70.6146
5275 70.6146
5276 70.6146
5277 70.6146
5278 70.067
5279 70.067
5280 70.067
5281 70.067
5282 70.067
5283 70.067
5284 70.067
5285 70.067
5286 70.067
5287 70.067
5288 70.067
5289 70.067
5290 70.067
5291 70.067
5292 70.067
5293 70.067
5294 70.067
5295 70.067
5296 70.067
5297 70.067
5298 70.067
5299 70.067
5300 70.067
5301 70.067
5302 70.067
5303 70.067
5304 70.067
5305 70.067
5306 70.067
5307 70.067
5308 70.067
5309 70.067
5310 70.067
5311 70.067
5312 70.067
5313 70.067
5314 70.067
5315 70.067
5316 70.067
5317 70.067
5318 70.067
5319 70.067
5320 70.067
5321 70.067
5322 70.067
5323 70.067
5324 70.067
5325 70.067
5326 70.067
5327 70.067
5328 70.067
5329 70.067
5330 70.067
5331 70.067
5332 70.067
5333 70.067
5334 70.067
5335 70.067
5336 70.067
5337 70.067
5338 70.067
5339 70.067
5340 70.067
5341 70.067
5342 70.067
5343 70.067
5344 70.067
5345 70.067
5346 70.067
5347 70.067
5348 70.067
5349 70.067
5350 70.067
5351 70.067
5352 70.067
5353 70.067
5354 70.067
5355 70.067
5356 70.067
5357 70.067
5358 70.067
5359 70.067
5360 70.067
5361 70.067
5362 70.067
5363 70.067
5364 70.067
5365 70.067
5366 70.067
5367 70.067
5368 70.067
5369 70.067
5370 70.067
5371 70.067
5372 70.067
5373 70.067
5374 70.067
5375 70.067
5376 70.067
5377 70.067
5378 70.067
5379 70.067
5380 70.067
5381 70.067
5382 70.067
5383 70.067
5384 70.067
5385 70.067
5386 70.067
5387 70.067
5388 70.067
5389 70.067
5390 70.067
5391 70.067
5392 70.067
5393 70.067
5394 70.067
5395 70.067
5396 70.067
5397 70.067
5398 70.067
5399 70.067
5400 70.067
5401 70.067
5402 70.067
5403 70.067
5404 70.067
5405 70.067
5406 70.067
5407 70.067
5408 70.067
5409 70.067
5410 70.067
5411 70.067
5412 70.067
5413 69.987
5414 69.987
5415 69.987
5416 69.987
5417 69.987
5418 69.987
5419 69.987
5420 69.987
5421 69.987
5422 69.987
5423 69.987
5424 69.987
5425 69.987
5426 69.987
5427 69.987
5428 69.987
5429 69.987
5430 69.987
5431 69.987
5432 69.987
5433 69.987
5434 69.987
5435 69.987
5436 69.987
5437 69.987
5438 69.987
5439 69.987
5440 69.987
5441 69.987
5442 69.987
5443 69.987
5444 69.987
5445 69.987
5446 69.987
5447 69.987
5448 69.987
5449 69.987
5450 69.987
5451 69.987
5452 69.987
5453 69.987
5454 69.987
5455 69.987
5456 69.987
5457 69.987
5458 69.987
5459 69.987
5460 69.987
5461 69.987
5462 69.987
5463 69.987
5464 69.987
5465 69.987
5466 69.987
5467 69.987
5468 69.987
5469 69.987
5470 69.987
5471 69.987
5472 69.987
5473 69.987
5474 69.987
5475 69.987
5476 69.987
5477 69.987
5478 69.987
5479 69.987
5480 69.987
5481 69.987
5482 69.987
5483 69.987
5484 69.987
5485 69.987
5486 69.987
5487 69.987
5488 69.987
5489 69.987
5490 69.987
5491 69.987
5492 69.987
5493 69.987
5494 69.987
5495 69.987
5496 69.987
5497 69.987
5498 69.987
5499 69.987
5500 69.987
5501 69.987
5502 69.987
5503 69.987
5504 69.987
5505 69.987
5506 69.987
5507 69.987
5508 69.987
5509 69.987
5510 69.987
5511 69.987
5512 69.987
5513 69.987
5514 69.987
5515 69.987
5516 69.987
5517 69.987
5518 69.987
5519 69.987
5520 69.987
5521 69.987
5522 69.987
5523 69.987
5524 69.987
5525 69.987
5526 69.987
5527 69.987
5528 69.987
5529 69.987
5530 69.987
5531 69.987
5532 69.987
5533 69.987
5534 69.987
5535 69.987
5536 69.987
5537 69.987
5538 69.987
5539 69.987
5540 69.987
5541 69.987
5542 69.987
5543 69.987
5544 69.987
5545 69.987
5546 69.987
5547 69.987
5548 69.987
5549 69.987
5550 69.987
5551 69.987
5552 69.987
5553 69.987
5554 69.987
5555 69.987
5556 69.987
5557 69.987
5558 69.987
5559 69.987
5560 69.987
5561 69.987
5562 69.987
5563 69.987
5564 69.987
5565 69.987
5566 69.987
5567 69.987
5568 69.987
5569 69.987
5570 69.987
5571 69.987
5572 69.987
5573 69.987
5574 69.987
5575 69.987
5576 69.987
5577 69.987
5578 69.987
5579 69.987
5580 69.987
5581 69.987
5582 69.987
5583 69.987
5584 69.987
5585 69.987
5586 69.987
5587 69.987
5588 69.987
5589 69.987
5590 69.987
5591 69.987
5592 69.987
5593 69.987
5594 69.987
5595 69.987
5596 69.987
5597 69.987
5598 69.987
5599 69.987
5600 69.987
5601 69.987
5602 69.987
5603 69.987
5604 69.987
5605 69.987
5606 69.987
5607 69.987
5608 69.987
5609 69.987
5610 69.987
5611 69.987
5612 69.987
5613 69.987
5614 69.987
5615 69.987
5616 69.987
5617 69.987
5618 69.987
5619 69.987
5620 69.987
5621 69.987
5622 69.987
5623 69.987
5624 69.987
5625 69.987
5626 69.987
5627 69.987
5628 69.987
5629 69.987
5630 69.987
5631 69.987
5632 69.987
5633 69.987
5634 69.987
5635 69.987
5636 69.987
5637 69.987
5638 69.987
5639 69.987
5640 69.987
5641 69.987
5642 69.987
5643 69.987
5644 69.987
5645 69.987
5646 69.987
5647 69.987
5648 69.987
5649 69.987
5650 69.987
5651 69.987
5652 69.987
5653 69.987
5654 69.987
5655 69.987
5656 69.987
5657 69.987
5658 69.987
5659 69.987
5660 69.987
5661 69.987
5662 69.987
5663 69.987
5664 69.987
5665 69.987
5666 69.987
5667 69.987
5668 69.987
5669 69.987
5670 69.987
5671 69.987
5672 69.987
5673 69.987
5674 69.987
5675 69.987
5676 69.987
5677 69.987
5678 69.987
5679 69.987
5680 69.987
5681 69.987
5682 69.987
5683 69.987
5684 69.987
5685 69.987
5686 69.987
5687 69.987
5688 69.987
5689 69.987
5690 69.987
5691 69.987
5692 69.987
5693 69.987
5694 69.987
5695 69.987
5696 69.987
5697 69.987
5698 69.987
5699 69.987
5700 69.987
5701 69.987
5702 69.987
5703 69.987
5704 69.987
5705 69.987
5706 69.987
5707 69.987
5708 69.987
5709 69.987
5710 69.987
5711 69.987
5712 69.987
5713 69.987
5714 69.987
5715 69.987
5716 69.987
5717 69.987
5718 69.987
5719 69.987
5720 69.987
5721 69.987
5722 69.987
5723 69.987
5724 69.987
5725 69.987
5726 69.987
5727 69.987
5728 69.987
5729 69.987
5730 69.987
5731 69.987
5732 69.987
5733 69.987
5734 69.987
5735 69.987
5736 69.987
5737 69.987
5738 69.987
5739 69.987
5740 69.987
5741 69.987
5742 69.987
5743 69.987
5744 69.987
5745 69.987
5746 69.987
5747 69.987
5748 69.987
5749 69.987
5750 69.987
5751 69.987
5752 69.987
5753 69.987
5754 69.987
5755 69.987
5756 69.987
5757 69.987
5758 69.987
5759 69.987
5760 69.987
5761 69.987
5762 69.987
5763 69.987
5764 69.987
5765 69.987
5766 69.987
5767 69.987
5768 69.987
5769 69.987
5770 69.987
5771 69.987
5772 69.987
5773 69.987
5774 69.987
5775 69.987
5776 69.987
5777 69.987
5778 69.987
5779 69.987
5780 69.987
5781 69.987
5782 69.987
5783 69.987
5784 69.987
5785 69.987
5786 69.987
5787 69.987
5788 69.987
5789 69.987
5790 69.987
5791 69.987
5792 69.987
5793 69.987
5794 69.987
5795 69.987
5796 69.987
5797 69.987
5798 69.987
5799 69.987
5800 69.987
5801 69.987
5802 69.987
5803 69.987
5804 69.987
5805 69.987
5806 69.987
5807 69.987
5808 69.987
5809 69.987
5810 69.987
5811 69.987
5812 69.987
5813 69.987
5814 69.987
5815 69.987
5816 69.987
5817 69.987
5818 69.987
5819 69.987
5820 69.987
5821 69.987
5822 69.987
5823 69.987
5824 69.987
5825 69.987
5826 69.987
5827 69.987
5828 69.987
5829 69.987
5830 69.987
5831 69.987
5832 69.987
5833 69.987
5834 69.987
5835 69.987
5836 69.987
5837 69.987
5838 69.987
5839 69.987
5840 69.987
5841 69.987
5842 69.987
5843 69.987
5844 69.987
5845 69.987
5846 69.987
5847 69.987
5848 69.987
5849 69.987
5850 69.987
5851 69.987
5852 69.987
5853 69.987
5854 69.987
5855 69.987
5856 69.987
5857 69.987
5858 69.987
5859 69.987
5860 69.987
5861 69.987
5862 69.987
5863 69.987
5864 69.987
5865 69.987
5866 69.987
5867 69.987
5868 69.987
5869 69.987
5870 69.987
5871 69.987
5872 69.987
5873 69.987
5874 69.987
5875 69.987
5876 69.987
5877 69.987
5878 69.987
5879 69.987
5880 69.987
5881 69.987
5882 69.987
5883 69.987
5884 69.987
5885 69.987
5886 69.987
5887 69.987
5888 69.987
5889 69.987
5890 69.987
5891 69.987
5892 69.987
5893 69.987
5894 69.987
5895 69.987
5896 69.987
5897 69.987
5898 69.987
5899 69.987
5900 69.987
5901 69.987
5902 69.987
5903 69.987
5904 69.987
5905 69.987
5906 69.987
5907 69.987
5908 69.987
5909 69.987
5910 69.987
5911 69.987
5912 69.987
5913 69.987
5914 69.987
5915 69.987
5916 69.987
5917 69.987
5918 69.987
5919 69.987
5920 69.987
5921 69.987
5922 69.987
5923 69.987
5924 69.987
5925 69.987
5926 69.987
5927 69.987
5928 69.987
5929 69.987
5930 69.987
5931 69.987
5932 69.987
5933 69.987
5934 69.987
5935 69.987
5936 69.987
5937 69.987
5938 69.987
5939 69.987
5940 69.8029
5941 69.8029
5942 69.8029
5943 69.8029
5944 69.8029
5945 69.8029
5946 69.8029
5947 69.8029
5948 69.8029
5949 69.8029
5950 69.8029
5951 69.8029
5952 69.8029
5953 69.8029
5954 69.8029
5955 69.8029
5956 69.8029
5957 69.8029
5958 69.8029
5959 69.8029
5960 69.8029
5961 69.8029
5962 69.8029
5963 69.8029
5964 69.8029
5965 69.8029
5966 69.8029
5967 69.8029
5968 69.8029
5969 69.8029
5970 69.8029
5971 69.8029
5972 69.8029
5973 69.8029
5974 69.8029
5975 69.8029
5976 69.8029
5977 69.8029
5978 69.8029
5979 69.8029
5980 69.8029
5981 69.8029
5982 69.8029
5983 69.8029
5984 69.8029
5985 69.8029
5986 69.8029
5987 69.8029
5988 69.8029
5989 69.8029
5990 69.8029
5991 69.8029
5992 69.8029
5993 69.8029
5994 69.8029
5995 69.8029
5996 69.8029
5997 69.8029
5998 69.8029
5999 69.8029
