0 453.672
1 449.95
2 435.397
3 421.595
4 415.734
5 398.552
6 392.938
7 387.885
8 380.335
9 377.301
10 371.954
11 370.287
12 365.142
13 362.987
14 355.98
15 353.681
16 351.508
17 346.171
18 344.743
19 342.791
20 338.215
21 338.215
22 332.602
23 330.486
24 330.486
25 324.482
26 321.621
27 321.621
28 321.621
29 316.824
30 316.824
31 316.824
32 314.358
33 314.358
34 313.972
35 307.761
36 306.991
37 305.581
38 305.581
39 302.032
40 299.868
41 299.868
42 299.177
43 296.711
44 296.711
45 296.711
46 289.941
47 288.181
48 288.181
49 279.753
50 279.753
51 264.433
52 264.433
53 263.558
54 260.583
55 259.112
56 259.112
57 258.822
58 257.202
59 254.728
60 254.728
61 254.627
62 254.382
63 252.267
64 246.421
65 244.168
66 242.063
67 242.063
68 241.525
69 239.86
70 234.277
71 232.074
72 231.955
73 230.062
74 227.923
75 227.923
76 227.714
77 225.575
78 224.401
79 220.709
80 220.709
81 219.612
82 216.847
83 213.222
84 209.859
85 208.857
86 208.129
87 205.522
88 205.522
89 203.385
90 203.262
91 200.492
92 200.492
93 199.428
94 198.517
95 198.135
96 197.54
97 197.54
98 196.187
99 196.097
100 196.097
101 196.097
102 196.097
103 196.097
104 194.511
105 193.711
106 193.424
107 189.129
108 189.129
109 188.241
110 188.241
111 188.119
112 186.199
113 184.329
114 184.329
115 184.329
116 184.329
117 183.266
118 183.266
119 181.237
120 179.557
121 179.557
122 179.278
123 179.278
124 179.278
125 179.278
126 178.404
127 177.391
128 176.975
129 176.646
130 173.908
131 173.213
132 172.627
133 172.627
134 172.627
135 172.627
136 172.627
137 172.56
138 169.355
139 169.261
140 167.229
141 167.162
142 167.162
143 167.162
144 164.124
145 161.965
146 159.933
147 159.815
148 157.949
149 157.949
150 157.949
151 157.949
152 157.733
153 157.733
154 157.644
155 157.577
156 157.577
157 156.742
158 156.119
159 156.119
160 155.963
161 154.674
162 154.051
163 153.895
164 153.895
165 153.895
166 153.895
167 153.895
168 153.895
169 153.777
170 153.777
171 153.777
172 153.777
173 152.942
174 152.532
175 152.532
176 152.532
177 151.572
178 149.646
179 149.646
180 149.646
181 148.818
182 148.818
183 148.511
184 148.045
185 148.045
186 147.737
187 145.54
188 145.45
189 144.99
190 144.99
191 144.99
192 144.477
193 144.017
194 143.99
195 143.845
196 143.819
197 142.751
198 142.751
199 142.751
200 142.296
201 142.296
202 141.514
203 137.462
204 137.462
205 136.489
206 136.034
207 134.693
208 134.693
209 134.17
210 133.082
211 132.891
212 132.891
213 132.891
214 132.891
215 132.891
216 132.024
217 130.732
218 130.732
219 130.732
220 130.732
221 130.664
222 130.664
223 130.624
224 130.322
225 130.215
226 130.215
227 130.215
228 130.215
229 130.215
230 130.215
231 130.215
232 130.215
233 130.215
234 130.215
235 129.716
236 129.716
237 129.716
238 129.716
239 129.716
240 129.716
241 129.716
242 129.716
243 129.216
244 129.216
245 129.216
246 129.216
247 129.216
248 129.216
249 129.216
250 129.216
251 129.103
252 129.103
253 129.103
254 129.103
255 129.103
256 129.103
257 129.103
258 129.103
259 129.103
260 129.058
261 128.756
262 128.756
263 128.756
264 128.756
265 128.756
266 128.756
267 128.756
268 128.756
269 128.756
270 128.756
271 127.617
272 127.617
273 127.303
274 127.155
275 127.155
276 126.873
277 126.853
278 125.733
279 125.733
280 125.733
281 125.733
282 125.733
283 125.733
284 125.733
285 125.733
286 125.733
287 125.733
288 125.733
289 125.699
290 122.96
291 122.96
292 122.96
293 122.559
294 122.559
295 122.559
296 121.361
297 120.656
298 120.09
299 119.594
300 119.594
301 119.594
302 118.929
303 118.575
304 118.575
305 118.575
306 118.575
307 118.575
308 118.575
309 118.575
310 118.575
311 118.575
312 118.575
313 118.575
314 118.575
315 118.575
316 118.575
317 118.575
318 118.575
319 118.575
320 118.378
321 118.378
322 118.378
323 118.378
324 118.378
325 118.378
326 118.08
327 118.08
328 118.08
329 118.08
330 118.08
331 118.08
332 117.553
333 117.553
334 117.489
335 117.432
336 117.432
337 117.432
338 117.432
339 117.432
340 117.432
341 117.432
342 117.432
343 117.432
344 117.353
345 117.353
346 117.353
347 117.353
348 117.353
349 117.353
350 117.353
351 114.786
352 114.786
353 114.786
354 114.786
355 114.786
356 114.786
357 114.582
358 114.582
359 114.582
360 114.582
361 114.199
362 114.199
363 114.199
364 114.199
365 114.199
366 114.199
367 113.724
368 113.724
369 113.14
370 113.14
371 113.14
372 113.071
373 112.708
374 112.708
375 112.708
376 112.708
377 112.708
378 112.708
379 112.622
380 111.994
381 111.994
382 111.994
383 111.994
384 111.994
385 111.994
386 111.994
387 111.994
388 111.994
389 111.994
390 111.928
391 111.918
392 111.918
393 111.851
394 111.851
395 111.432
396 111.432
397 110.944
398 110.944
399 110.944
400 110.944
401 106.385
402 106.385
403 106.385
404 106.385
405 105.801
406 105.801
407 105.801
408 105.704
409 105.704
410 105.704
411 105.704
412 105.704
413 105.704
414 105.704
415 105.704
416 105.704
417 105.704
418 105.03
419 105.03
420 104.497
421 104.497
422 104.497
423 103.167
424 103.167
425 103.167
426 103.167
427 102.877
428 102.877
429 102.877
430 102.877
431 102.877
432 102.65
433 102.461
434 102.234
435 102.234
436 102.234
437 102.234
438 102.234
439 101.667
440 101.667
441 101.667
442 101.667
443 101.667
444 101.667
445 101.667
446 101.667
447 101.667
448 101.667
449 101.667
450 101.667
451 96.4031
452 96.4031
453 95.9359
454 95.9359
455 95.9359
456 95.0654
457 95.0654
458 94.172
459 94.172
460 94.172
461 94.172
462 94.172
463 94.172
464 94.1623
465 94.1623
466 94.1623
467 94.1623
468 94.1623
469 94.1623
470 94.1623
471 94.1623
472 94.1623
473 94.1623
474 94.1623
475 94.1623
476 94.1623
477 94.1623
478 94.1623
479 94.1623
480 94.1623
481 94.105
482 94.105
483 94.105
484 93.8302
485 93.746
486 93.746
487 93.746
488 93.5916
489 93.5916
490 93.5916
491 93.5244
492 93.5244
493 93.5244
494 93.5244
495 93.5244
496 93.5244
497 93.5244
498 93.5244
499 93.5244
500 93.5244
501 93.5244
502 93.5244
503 93.5244
504 93.5244
505 93.5244
506 93.5244
507 93.5244
508 93.5244
509 93.5244
510 93.1458
511 93.1458
512 93.1458
513 93.1458
514 93.1458
515 93.1458
516 93.1458
517 93.1458
518 93.1458
519 93.1458
520 93.1458
521 93.1458
522 93.1458
523 93.1458
524 93.1458
525 93.1458
526 93.1458
527 93.1458
528 93.1458
529 93.1458
530 93.1458
531 93.1458
532 93.1458
533 93.1458
534 93.1458
535 93.1458
536 93.1458
537 93.1458
538 93.1458
539 93.1458
540 93.1458
541 93.1458
542 93.1458
543 93.1458
544 93.1458
545 93.1458
546 93.1458
547 92.9289
548 92.4532
549 92.4532
550 92.4532
551 90.7598
552 90.7598
553 90.7598
554 90.7598
555 90.7598
556 90.7598
557 90.7598
558 90.7598
559 90.7598
560 90.7598
561 90.705
562 90.705
563 90.705
564 90.526
565 90.4711
566 90.3897
567 90.3897
568 90.3897
569 90.3897
570 90.3897
571 90.3897
572 90.3897
573 90.3897
574 90.3897
575 90.3897
576 90.3897
577 90.3897
578 90.3897
579 89.6175
580 89.6175
581 89.6175
582 89.6175
583 89.5096
584 89.5096
585 89.5096
586 89.5096
587 89.5096
588 89.5096
589 89.5096
590 89.5096
591 89.5096
592 88.6177
593 88.6177
594 88.1382
595 87.9782
596 87.4988
597 87.4988
598 87.4988
599 87.4988
600 87.4988
601 86.9723
602 86.9723
603 86.9723
604 86.9723
605 86.9723
606 86.9723
607 86.9723
608 86.9723
609 86.9723
610 86.9723
611 86.9723
612 86.9723
613 86.9723
614 86.9723
615 86.9723
616 86.9723
617 86.9723
618 86.9723
619 86.9723
620 86.9723
621 86.9723
622 86.9723
623 86.9723
624 86.9723
625 86.9723
626 86.9723
627 86.9723
628 86.9723
629 86.9723
630 86.9723
631 86.9723
632 86.9723
633 86.9723
634 86.9723
635 86.8445
636 86.8445
637 86.8445
638 86.8445
639 86.8445
640 86.8445
641 86.8445
642 86.8445
643 86.8445
644 86.8445
645 86.8445
646 86.8445
647 86.8445
648 86.8445
649 86.6252
650 86.6252
651 85.8387
652 85.8387
653 85.8387
654 85.8387
655 85.6481
656 85.6481
657 85.6481
658 85.6481
659 85.6481
660 85.6481
661 85.6481
662 85.6481
663 85.6481
664 85.6481
665 85.6481
666 85.6481
667 85.6481
668 85.6481
669 85.6481
670 85.6481
671 85.6481
672 85.6481
673 85.6481
674 85.6481
675 85.6481
676 85.6481
677 85.6481
678 85.1268
679 85.1268
680 85.1268
681 85.1268
682 85.1268
683 85.1268
684 85.1268
685 85.1268
686 85.1268
687 85.1268
688 85.1268
689 85.1268
690 85.1268
691 85.1268
692 85.1268
693 85.1268
694 85.1268
695 85.1268
696 85.1268
697 85.1268
698 85.1268
699 85.1268
700 85.1268
701 84.8974
702 84.5299
703 84.5299
704 84.4323
705 84.4323
706 83.4592
707 83.4592
708 83.3054
709 83.3054
710 83.3054
711 83.3054
712 83.3054
713 83.3054
714 83.3054
715 83.2219
716 83.2219
717 83.1196
718 83.1196
719 83.1196
720 83.1196
721 83.1196
722 83.1196
723 83.1196
724 82.968
725 82.968
726 82.968
727 82.968
728 82.968
729 82.968
730 82.968
731 82.968
732 82.968
733 82.968
734 82.968
735 82.968
736 82.968
737 82.968
738 82.968
739 82.968
740 82.968
741 82.464
742 82.464
743 82.464
744 82.464
745 82.464
746 82.464
747 82.464
748 82.464
749 82.464
750 82.464
751 76.0383
752 76.0383
753 76.0383
754 76.0383
755 76.0383
756 76.0383
757 76.0383
758 76.0383
759 76.0383
760 76.0383
761 76.0383
762 76.0383
763 76.0383
764 76.0383
765 76.0383
766 76.0383
767 76.0383
768 76.0383
769 76.0383
770 76.0383
771 76.0383
772 76.0383
773 76.0374
774 76.0374
775 76.0374
776 76.0374
777 76.0374
778 76.0374
779 76.0374
780 76.0374
781 76.0374
782 76.0374
783 76.0211
784 76.0211
785 76.0211
786 76.0211
787 76.0211
788 76.0211
789 76.0211
790 76.0211
791 76.0211
792 76.0211
793 76.0211
794 76.0211
795 76.0211
796 76.0211
797 76.0211
798 76.0211
799 76.0211
800 76.0211
801 76.0211
802 76.0211
803 76.0211
804 76.0211
805 76.0211
806 76.0211
807 76.0211
808 76.0211
809 76.0211
810 76.0211
811 76.0211
812 76.0211
813 76.0211
814 76.0211
815 76.0211
816 76.0211
817 76.0211
818 76.0211
819 76.0211
820 76.0211
821 76.0211
822 76.0211
823 76.0211
824 76.0211
825 76.0211
826 76.0211
827 76.0211
828 76.0211
829 76.0211
830 76.0211
831 76.0211
832 76.0211
833 76.0211
834 76.0211
835 76.0211
836 76.0211
837 76.0211
838 75.9752
839 75.9752
840 75.9752
841 75.9752
842 75.9752
843 75.9752
844 75.7588
845 75.7588
846 75.7588
847 75.7588
848 75.7588
849 75.7588
850 75.7588
851 74.8474
852 74.8474
853 74.8474
854 74.8474
855 74.8474
856 74.8474
857 74.8474
858 74.8474
859 74.8474
860 74.8474
861 74.8474
862 74.8474
863 74.8474
864 74.8474
865 74.8474
866 74.8474
867 74.8474
868 74.8474
869 74.8474
870 74.8474
871 74.8474
872 74.8474
873 74.8474
874 74.8474
875 74.8474
876 74.8474
877 74.8474
878 74.8474
879 74.8474
880 74.8474
881 74.1466
882 74.1466
883 74.1466
884 74.1466
885 74.1466
886 74.1466
887 74.1466
888 74.1466
889 74.1466
890 74.1466
891 74.1466
892 74.1466
893 74.1466
894 74.1466
895 74.1466
896 74.1466
897 74.1466
898 74.1466
899 74.1466
900 74.1466
901 74.0702
902 74.0702
903 74.0702
904 74.0702
905 74.0702
906 74.0702
907 74.0702
908 74.0702
909 74.0702
910 74.0702
911 74.0702
912 74.0702
913 74.0702
914 74.0702
915 74.0702
916 74.0702
917 74.0702
918 74.0702
919 74.0702
920 74.0702
921 74.0702
922 74.0702
923 74.0702
924 74.0702
925 74.0702
926 74.0702
927 74.0702
928 74.0702
929 74.0702
930 74.0702
931 74.0702
932 74.0702
933 74.0702
934 74.0702
935 74.0702
936 74.0702
937 74.0702
938 74.0702
939 74.0702
940 74.0702
941 74.0702
942 74.0702
943 74.0702
944 74.0702
945 74.0702
946 74.0702
947 74.0702
948 74.0702
949 74.0702
950 74.0702
951 73.9854
952 73.9854
953 73.9854
954 73.9854
955 73.9854
956 73.9854
957 73.9854
958 73.9854
959 73.9854
960 73.9854
961 73.9854
962 73.9854
963 73.9854
964 73.9854
965 73.9854
966 73.9854
967 73.9854
968 73.9854
969 73.9854
970 73.9854
971 73.9854
972 73.9854
973 73.9854
974 73.9854
975 73.9854
976 73.9854
977 73.9854
978 73.9854
979 73.9854
980 73.9854
981 73.9854
982 73.9854
983 73.9854
984 73.9854
985 73.9854
986 73.9854
987 73.9854
988 73.9854
989 73.9854
990 73.9854
991 73.9854
992 73.9854
993 73.9854
994 73.9854
995 73.9854
996 73.9854
997 73.9854
998 73.9854
999 73.9854
1000 73.9854
1001 73.9854
1002 73.9854
1003 73.9854
1004 73.9854
1005 73.9854
1006 73.9854
1007 73.9854
1008 73.9854
1009 73.9854
1010 73.9854
1011 73.9854
1012 73.9854
1013 73.9854
1014 73.9854
1015 73.9854
1016 73.9854
1017 73.9854
1018 73.9854
1019 73.9854
1020 73.9854
1021 73.9854
1022 73.9854
1023 73.9854
1024 73.9854
1025 73.9854
1026 73.9854
1027 73.9854
1028 73.9854
1029 73.9854
1030 73.9854
1031 73.9854
1032 73.9854
1033 73.9854
1034 73.9854
1035 73.9854
1036 73.9854
1037 73.9854
1038 73.4985
1039 73.4985
1040 73.1236
1041 73.1236
1042 73.1236
1043 73.1236
1044 73.1236
1045 73.1236
1046 73.1236
1047 73.1236
1048 73.1236
1049 73.1236
1050 73.1236
1051 71.5721
1052 71.2329
1053 71.2329
1054 71.2329
1055 71.2329
1056 71.2329
1057 71.2232
1058 71.2232
1059 71.2232
1060 71.2232
1061 71.2232
1062 71.2232
1063 71.2232
1064 71.2232
1065 71.2232
1066 71.2232
1067 71.2232
1068 71.2232
1069 71.2232
1070 71.2232
1071 71.2232
1072 71.2232
1073 71.2232
1074 71.2232
1075 70.9729
1076 70.9729
1077 70.9729
1078 70.9729
1079 70.9436
1080 70.9436
1081 70.9436
1082 70.9436
1083 70.9436
1084 70.9436
1085 70.9436
1086 70.9436
1087 70.9436
1088 70.9436
1089 70.9436
1090 70.9436
1091 70.9436
1092 70.9436
1093 70.9436
1094 70.9436
1095 70.9436
1096 70.9436
1097 70.9436
1098 70.9436
1099 70.9436
1100 70.9436
1101 70.9436
1102 70.9436
1103 70.9436
1104 70.9436
1105 70.9436
1106 70.9436
1107 70.9436
1108 70.9436
1109 70.9436
1110 70.9436
1111 70.9436
1112 70.9436
1113 70.9436
1114 70.9436
1115 70.9436
1116 70.9436
1117 70.9436
1118 70.9436
1119 70.9436
1120 70.9436
1121 70.9436
1122 70.9436
1123 70.9436
1124 70.9436
1125 70.9436
1126 70.9436
1127 70.9436
1128 70.9436
1129 70.9436
1130 70.9436
1131 70.9436
1132 70.9436
1133 70.9436
1134 70.9436
1135 70.9436
1136 70.9436
1137 70.9436
1138 70.9436
1139 70.9436
1140 70.9436
1141 70.9436
1142 70.9436
1143 70.9436
1144 70.9436
1145 70.9436
1146 70.9436
1147 70.9436
1148 70.9436
1149 70.9436
1150 70.9436
1151 70.3896
1152 70.3896
1153 70.3896
1154 70.3896
1155 70.3896
1156 70.3896
1157 70.3896
1158 70.3896
1159 70.3896
1160 70.3896
1161 70.3896
1162 70.3896
1163 70.3896
1164 70.3788
1165 70.1739
1166 70.1739
1167 70.1631
1168 70.1631
1169 70.0404
1170 70.0404
1171 70.0404
1172 70.0404
1173 70.0404
1174 70.0404
1175 70.0404
1176 70.0404
1177 70.0404
1178 70.0404
1179 70.0404
1180 70.0404
1181 70.0404
1182 70.0404
1183 70.0238
1184 70.0238
1185 70.0238
1186 70.0238
1187 70.0238
1188 70.0238
1189 70.0238
1190 70.0238
1191 70.0238
1192 69.6898
1193 69.6898
1194 69.6898
1195 69.6898
1196 69.6898
1197 69.6898
1198 69.6898
1199 69.6898
1200 69.6898
1201 69.6898
1202 69.6898
1203 69.6898
1204 69.6898
1205 69.6898
1206 69.6898
1207 69.6898
1208 69.6898
1209 69.6898
1210 69.6898
1211 69.6898
1212 69.6898
1213 69.6898
1214 69.6898
1215 69.6898
1216 69.6898
1217 69.6898
1218 69.6898
1219 69.6898
1220 69.6898
1221 69.6898
1222 69.4112
1223 69.4112
1224 69.4112
1225 69.4112
1226 69.4112
1227 69.4112
1228 69.4112
1229 69.4112
1230 69.4112
1231 69.4112
1232 69.4112
1233 69.4112
1234 69.4112
1235 69.4112
1236 69.4112
1237 69.4112
1238 69.4112
1239 69.2942
1240 69.2942
1241 69.2942
1242 69.2942
1243 69.2942
1244 69.2942
1245 69.2942
1246 69.2942
1247 69.2942
1248 69.1954
1249 69.1954
1250 69.1954
1251 69.1954
1252 69.1954
1253 69.1954
1254 69.1954
1255 69.1954
1256 69.1954
1257 69.1954
1258 69.1954
1259 69.1954
1260 69.1954
1261 69.1954
1262 69.1954
1263 69.1954
1264 69.1954
1265 69.1954
1266 69.1954
1267 69.1954
1268 69.1954
1269 69.1954
1270 69.1954
1271 69.1954
1272 69.1954
1273 69.1954
1274 69.1954
1275 69.1954
1276 69.1954
1277 69.1954
1278 69.1954
1279 69.1954
1280 69.1954
1281 69.1954
1282 69.1954
1283 69.1954
1284 69.1954
1285 69.1954
1286 69.1191
1287 69.1191
1288 69.1191
1289 69.1191
1290 69.1191
1291 69.1191
1292 69.1191
1293 69.1191
1294 69.1191
1295 69.1191
1296 69.1191
1297 69.1191
1298 69.1191
1299 69.1191
1300 69.1191
1301 69.1191
1302 69.1191
1303 69.1191
1304 69.1191
1305 69.1191
1306 69.1191
1307 69.1191
1308 69.1191
1309 69.1191
1310 69.1191
1311 69.1191
1312 69.1191
1313 69.1191
1314 69.1191
1315 69.1191
1316 69.1191
1317 69.1191
1318 69.1191
1319 69.1191
1320 69.1191
1321 69.1191
1322 69.1191
1323 69.1191
1324 69.1191
1325 69.1191
1326 69.1191
1327 69.1191
1328 69.1191
1329 69.1191
1330 69.1191
1331 69.1191
1332 69.1191
1333 69.1191
1334 69.1191
1335 69.1191
1336 69.1191
1337 69.1191
1338 69.1191
1339 69.1191
1340 69.1191
1341 69.1191
1342 69.1191
1343 69.1191
1344 69.1191
1345 69.1191
1346 69.1191
1347 69.1191
1348 69.1191
1349 69.1191
1350 69.1191
1351 69.1191
1352 69.1191
1353 69.1191
1354 69.1191
1355 69.1191
1356 69.1191
1357 69.1191
1358 69.1191
1359 69.1191
1360 69.1191
1361 69.1191
1362 69.1191
1363 69.1191
1364 69.1191
1365 69.1191
1366 69.1191
1367 69.1191
1368 69.1191
1369 69.1191
1370 69.1191
1371 69.1191
1372 69.1191
1373 69.1191
1374 69.1191
1375 69.1191
1376 69.1191
1377 69.1191
1378 69.1191
1379 69.1191
1380 69.1191
1381 69.1191
1382 69.1191
1383 69.1191
1384 69.1191
1385 69.1191
1386 69.1191
1387 69.1191
1388 69.1191
1389 69.1191
1390 69.1191
1391 69.1191
1392 69.1191
1393 69.1191
1394 69.1191
1395 69.1191
1396 69.1191
1397 69.1191
1398 69.1191
1399 69.1191
1400 69.1191
1401 69.1191
1402 69.1191
1403 69.1191
1404 69.1191
1405 69.1191
1406 69.1191
1407 69.1191
1408 69.1191
1409 69.1191
1410 69.1191
1411 69.1191
1412 69.1191
1413 69.1191
1414 69.1191
1415 69.1191
1416 69.1191
1417 69.1191
1418 69.1191
1419 69.1191
1420 69.1191
1421 69.1191
1422 69.1191
1423 69.1191
1424 69.1191
1425 69.1191
1426 69.1191
1427 69.1191
1428 69.1191
1429 69.1191
1430 69.1191
1431 69.1191
1432 69.1191
1433 69.1191
1434 69.1191
1435 69.1191
1436 69.1191
1437 69.1191
1438 69.1191
1439 69.1191
1440 68.8973
1441 68.8973
1442 68.8973
1443 68.8973
1444 68.8973
1445 68.8973
1446 68.8973
1447 68.8973
1448 68.8973
1449 68.8973
1450 68.8973
1451 68.7164
1452 68.7164
1453 68.7164
1454 68.7164
1455 68.7164
1456 68.7164
1457 68.7164
1458 68.7164
1459 68.7164
1460 68.7164
1461 68.7164
1462 68.7164
1463 68.7164
1464 68.7164
1465 68.7164
1466 68.7164
1467 68.7164
1468 68.7164
1469 68.7164
1470 68.7164
1471 68.7164
1472 68.7164
1473 68.7164
1474 68.7164
1475 68.7164
1476 68.7164
1477 68.7164
1478 68.7164
1479 68.7164
1480 68.7164
1481 68.7164
1482 68.7164
1483 68.7164
1484 68.7164
1485 68.7164
1486 68.7164
1487 68.7164
1488 68.7164
1489 68.7164
1490 68.7164
1491 68.7164
1492 68.7164
1493 68.7164
1494 68.7164
1495 68.7164
1496 68.7164
1497 68.7164
1498 68.7164
1499 68.7164
1500 68.7164
1501 68.7164
1502 68.7164
1503 68.7164
1504 68.7164
1505 68.7164
1506 68.7164
1507 68.7164
1508 68.7164
1509 68.7164
1510 68.7164
1511 68.7164
1512 68.7164
1513 68.7164
1514 68.7164
1515 68.7164
1516 68.7164
1517 68.7164
1518 68.7164
1519 68.7164
1520 68.7164
1521 68.7164
1522 68.7164
1523 68.7164
1524 68.7164
1525 68.7164
1526 68.7164
1527 68.7164
1528 68.7164
1529 68.7164
1530 68.7164
1531 68.7164
1532 68.7164
1533 68.7164
1534 68.7164
1535 68.7164
1536 68.7164
1537 68.7164
1538 68.7164
1539 68.7164
1540 68.7164
1541 68.7164
1542 68.7164
1543 68.7164
1544 68.7164
1545 68.7164
1546 68.7164
1547 68.7164
1548 68.7164
1549 68.7164
1550 68.7164
1551 68.7164
1552 68.7164
1553 68.4964
1554 68.4964
1555 68.4964
1556 68.4964
1557 68.4964
1558 68.4964
1559 68.4964
1560 68.4964
1561 68.4964
1562 68.4964
1563 68.4964
1564 68.4964
1565 68.4964
1566 68.4964
1567 68.4964
1568 68.4964
1569 68.4964
1570 68.4964
1571 68.4964
1572 68.4964
1573 68.4964
1574 68.4964
1575 68.4964
1576 68.4964
1577 68.4964
1578 68.4964
1579 68.4964
1580 68.4964
1581 68.4964
1582 68.4964
1583 68.4964
1584 68.4964
1585 68.4964
1586 68.4964
1587 68.4964
1588 68.4964
1589 68.4964
1590 68.4964
1591 68.4964
1592 68.4964
1593 68.4964
1594 68.4964
1595 68.4964
1596 68.4964
1597 68.4964
1598 68.4964
1599 68.4964
1600 68.4964
1601 68.4964
1602 68.4964
1603 68.4964
1604 68.4964
1605 68.4964
1606 68.4964
1607 68.4964
1608 68.4964
1609 68.4964
1610 68.4964
1611 68.4964
1612 68.4964
1613 68.4964
1614 68.4964
1615 68.4964
1616 68.4964
1617 68.4964
1618 68.4964
1619 68.4964
1620 68.4964
1621 68.4964
1622 68.4964
1623 68.4964
1624 68.4964
1625 68.4964
1626 68.4964
1627 68.4964
1628 68.4964
1629 68.4964
1630 68.4964
1631 68.4964
1632 68.4964
1633 68.4964
1634 68.4964
1635 68.4964
1636 68.4964
1637 68.4964
1638 68.4964
1639 68.4964
1640 68.4964
1641 68.4964
1642 68.4964
1643 68.4964
1644 68.4964
1645 68.4964
1646 68.4964
1647 68.4964
1648 68.4964
1649 68.4964
1650 68.4964
1651 68.4964
1652 68.466
1653 68.4179
1654 68.4179
1655 68.4179
1656 68.4179
1657 68.4179
1658 68.4179
1659 68.4179
1660 68.4179
1661 68.4179
1662 68.4179
1663 68.4179
1664 68.4179
1665 68.4179
1666 68.2646
1667 68.2646
1668 68.2646
1669 68.2646
1670 68.2646
1671 68.2646
1672 68.2646
1673 68.2646
1674 68.2646
1675 68.2646
1676 68.2646
1677 68.2646
1678 68.2646
1679 68.2646
1680 68.2646
1681 68.2646
1682 68.2646
1683 68.2646
1684 68.2646
1685 68.2646
1686 68.2646
1687 68.2646
1688 68.2646
1689 68.2646
1690 68.2646
1691 68.2646
1692 68.2646
1693 68.2646
1694 68.2646
1695 68.2646
1696 68.2646
1697 68.2646
1698 68.2646
1699 68.2646
1700 68.2646
1701 68.2646
1702 68.2646
1703 68.2646
1704 68.2646
1705 68.2646
1706 68.2646
1707 68.2646
1708 68.2646
1709 68.2646
1710 68.2646
1711 68.2646
1712 68.2646
1713 68.2646
1714 68.2646
1715 68.2646
1716 68.2646
1717 68.2646
1718 68.2646
1719 68.2646
1720 68.2646
1721 68.2646
1722 68.2646
1723 68.2646
1724 68.2646
1725 68.2646
1726 68.2646
1727 68.2646
1728 68.2646
1729 68.2646
1730 68.2646
1731 68.2646
1732 68.2646
1733 68.2646
1734 68.2646
1735 68.2646
1736 68.2646
1737 68.2646
1738 68.2646
1739 68.2646
1740 68.2646
1741 68.2646
1742 68.2646
1743 68.2646
1744 68.2646
1745 68.2646
1746 68.2646
1747 68.2646
1748 68.2646
1749 68.2646
1750 68.2646
1751 67.7399
1752 67.7399
1753 67.7399
1754 67.7399
1755 67.7399
1756 67.7399
1757 67.7399
1758 67.7399
1759 67.7399
1760 67.7399
1761 67.7399
1762 67.7399
1763 67.7399
1764 67.7399
1765 67.7399
1766 67.7399
1767 67.7399
1768 67.7399
1769 67.7399
1770 67.7399
1771 67.7399
1772 67.7399
1773 67.7399
1774 67.7399
1775 67.7399
1776 67.7399
1777 67.7399
1778 67.7399
1779 67.7399
1780 67.7399
1781 67.7399
1782 67.7399
1783 67.7399
1784 67.7399
1785 67.7399
1786 67.7399
1787 67.7399
1788 67.7399
1789 67.7399
1790 67.7399
1791 67.7399
1792 67.7399
1793 67.7399
1794 67.7399
1795 67.7399
1796 67.7399
1797 67.7399
1798 67.7399
1799 67.7399
1800 67.7399
1801 67.7399
1802 67.7399
1803 67.7399
1804 67.7399
1805 67.7399
1806 67.7399
1807 67.7399
1808 67.7399
1809 67.7399
1810 67.7399
1811 67.7399
1812 67.7399
1813 67.7399
1814 67.7399
1815 67.7399
1816 67.7399
1817 67.7399
1818 67.7399
1819 67.7399
1820 67.7399
1821 67.7399
1822 67.7399
1823 67.7399
1824 67.7399
1825 67.7399
1826 67.7399
1827 67.7399
1828 67.7399
1829 67.7399
1830 67.7399
1831 67.7399
1832 67.7399
1833 67.7399
1834 67.7399
1835 67.7399
1836 67.7399
1837 67.7399
1838 67.7399
1839 67.7399
1840 67.7399
1841 67.7399
1842 67.7399
1843 67.7399
1844 67.7399
1845 67.7399
1846 67.7399
1847 67.7399
1848 67.7399
1849 67.7399
1850 67.7399
1851 67.7399
1852 67.7399
1853 67.7399
1854 67.7399
1855 67.7399
1856 67.7399
1857 67.7399
1858 67.7399
1859 67.7399
1860 67.7399
1861 67.7399
1862 67.7399
1863 67.7399
1864 67.7399
1865 67.7399
1866 67.7399
1867 67.7399
1868 67.7399
1869 67.7399
1870 67.7399
1871 67.7399
1872 67.7399
1873 67.7399
1874 67.7399
1875 67.7399
1876 67.7399
1877 67.7399
1878 67.7399
1879 67.7399
1880 67.7399
1881 67.7399
1882 67.7399
1883 67.7399
1884 67.7399
1885 67.7399
1886 67.7399
1887 67.7399
1888 67.7399
1889 67.7399
1890 67.7399
1891 67.7399
1892 67.7399
1893 67.7399
1894 67.7399
1895 67.7399
1896 67.7399
1897 67.7399
1898 67.7399
1899 67.7399
1900 67.7399
1901 67.7399
1902 67.7399
1903 67.7399
1904 67.7399
1905 67.7399
1906 67.7399
1907 67.7399
1908 67.7399
1909 67.7399
1910 67.7399
1911 67.7399
1912 67.7399
1913 67.7399
1914 67.7399
1915 67.7399
1916 67.7399
1917 67.7399
1918 67.7399
1919 67.7399
1920 67.7399
1921 67.7399
1922 67.7399
1923 67.7399
1924 67.7399
1925 67.7399
1926 67.7399
1927 67.7399
1928 67.7399
1929 67.7399
1930 67.7399
1931 67.7399
1932 67.7399
1933 67.7399
1934 67.7399
1935 67.7399
1936 67.7399
1937 67.7399
1938 67.7399
1939 67.7399
1940 67.7399
1941 67.7399
1942 67.7399
1943 67.7399
1944 67.7399
1945 67.7399
1946 67.7399
1947 67.7399
1948 67.7399
1949 67.7399
1950 67.7399
1951 67.7399
1952 67.7399
1953 67.7399
1954 67.7399
1955 67.7399
1956 67.7399
1957 67.7399
1958 67.7399
1959 67.7399
1960 67.7399
1961 67.7399
1962 67.7399
1963 67.7399
1964 67.7399
1965 67.7399
1966 67.7399
1967 67.7399
1968 67.7399
1969 67.7399
1970 67.7399
1971 67.7399
1972 67.7399
1973 67.7399
1974 67.7399
1975 67.7399
1976 67.7399
1977 67.7399
1978 67.7399
1979 67.7399
1980 67.7399
1981 67.7399
1982 67.7399
1983 67.7399
1984 67.7399
1985 67.7399
1986 67.7399
1987 67.7399
1988 67.7399
1989 67.7399
1990 67.7399
1991 67.7399
1992 67.7399
1993 67.7399
1994 67.7399
1995 67.7399
1996 67.7399
1997 67.7399
1998 67.7399
1999 67.7399
2000 67.7399
2001 67.7399
2002 67.7399
2003 67.7399
2004 67.7399
2005 67.7399
2006 67.7399
2007 67.7399
2008 67.7399
2009 67.7399
2010 67.7399
2011 67.7399
2012 67.7399
2013 67.7399
2014 67.7399
2015 67.7399
2016 67.7399
2017 67.7399
2018 67.7399
2019 67.7399
2020 67.7399
2021 67.7399
2022 67.7399
2023 67.7399
2024 67.7399
2025 67.7399
2026 67.7399
2027 67.7399
2028 67.7399
2029 67.7399
2030 67.7399
2031 67.7399
2032 67.7399
2033 67.7399
2034 67.7399
2035 67.7399
2036 67.7399
2037 67.7399
2038 67.7399
2039 67.7399
2040 67.7399
2041 67.7399
2042 67.7399
2043 67.7399
2044 67.7399
2045 67.7399
2046 67.7399
2047 67.7399
2048 67.7399
2049 67.7399
2050 67.7399
2051 67.7399
2052 67.7399
2053 67.7399
2054 67.7399
2055 67.7399
2056 67.7399
2057 67.7399
2058 67.7399
2059 67.7399
2060 67.7399
2061 67.7399
2062 67.7399
2063 67.7399
2064 67.7399
2065 67.7399
2066 67.7399
2067 67.7399
2068 67.7399
2069 67.7399
2070 67.7399
2071 67.7399
2072 67.7399
2073 67.7399
2074 67.7399
2075 67.7399
2076 67.7399
2077 67.7399
2078 67.7399
2079 67.7399
2080 67.7399
2081 67.7399
2082 67.7399
2083 67.7399
2084 67.7399
2085 67.7399
2086 67.7399
2087 67.7399
2088 67.7399
2089 67.7399
2090 67.7399
2091 67.7399
2092 67.7399
2093 67.7399
2094 67.7399
2095 67.7399
2096 67.7399
2097 67.7399
2098 67.7399
2099 67.7399
2100 67.7399
2101 67.7399
2102 67.7399
2103 67.7399
2104 67.7399
2105 67.7399
2106 67.7399
2107 67.7399
2108 67.7399
2109 67.7399
2110 67.7399
2111 67.7399
2112 67.7399
2113 67.7399
2114 67.7399
2115 67.7399
2116 67.7399
2117 67.7399
2118 67.7399
2119 67.7399
2120 67.7399
2121 67.7399
2122 67.7399
2123 67.7399
2124 67.7399
2125 67.7399
2126 67.7399
2127 67.7399
2128 67.7399
2129 67.7399
2130 67.7399
2131 67.7399
2132 67.7399
2133 67.7399
2134 67.7399
2135 67.7399
2136 67.7399
2137 67.7399
2138 67.7399
2139 67.7399
2140 67.7399
2141 67.7399
2142 67.7399
2143 67.7399
2144 67.7399
2145 67.7399
2146 67.7399
2147 67.7399
2148 67.7399
2149 67.7399
2150 67.7399
2151 67.7399
2152 67.7399
2153 67.7399
2154 67.7399
2155 67.7399
2156 67.7399
2157 67.7399
2158 67.7399
2159 67.7399
2160 67.7399
2161 67.7399
2162 67.7399
2163 67.7399
2164 67.7399
2165 67.7399
2166 67.7399
2167 67.7399
2168 67.7399
2169 67.7399
2170 67.7399
2171 67.7399
2172 67.7399
2173 67.7399
2174 67.7399
2175 67.7399
2176 67.7399
2177 67.7399
2178 67.7399
2179 67.7399
2180 67.7399
2181 67.7399
2182 67.7399
2183 67.7399
2184 67.7399
2185 67.7399
2186 67.7399
2187 67.7399
2188 67.7399
2189 67.7399
2190 67.7399
2191 67.7399
2192 67.7399
2193 67.7399
2194 67.7399
2195 67.7399
2196 67.7399
2197 67.7399
2198 67.7399
2199 67.7399
2200 67.7399
2201 67.7399
2202 67.7399
2203 67.7399
2204 67.7399
2205 67.7399
2206 67.7399
2207 67.7399
2208 67.7399
2209 67.7399
2210 67.7399
2211 67.7399
2212 67.7399
2213 67.7399
2214 67.7399
2215 67.7399
2216 67.7399
2217 67.7399
2218 67.7399
2219 67.7399
2220 67.7399
2221 67.7399
2222 67.7399
2223 67.7399
2224 67.7399
2225 67.7399
2226 67.7399
2227 67.7399
2228 67.7399
2229 67.7399
2230 67.7399
2231 67.7399
2232 67.7399
2233 67.7399
2234 67.7399
2235 67.7399
2236 67.7399
2237 67.7399
2238 67.7399
2239 67.7399
2240 67.7399
2241 67.7399
2242 67.7399
2243 67.7399
2244 67.7399
2245 67.7399
2246 67.7399
2247 67.7399
2248 67.7399
2249 67.7399
2250 67.7399
2251 67.7399
2252 67.7399
2253 67.7399
2254 67.7399
2255 67.7399
2256 67.7399
2257 67.7399
2258 67.7399
2259 67.7399
2260 67.7399
2261 67.7399
2262 67.7399
2263 67.7399
2264 67.7399
2265 67.7399
2266 67.7399
2267 67.7399
2268 67.7399
2269 67.7399
2270 67.7399
2271 67.7399
2272 67.7399
2273 67.7399
2274 67.7399
2275 67.7399
2276 67.7399
2277 67.7399
2278 67.7399
2279 67.7399
2280 67.7399
2281 67.7399
2282 67.7399
2283 67.7399
2284 67.7399
2285 67.7399
2286 67.7399
2287 67.7399
2288 67.7399
2289 67.7399
2290 67.7399
2291 67.7399
2292 67.7399
2293 67.7399
2294 67.7399
2295 67.7399
2296 67.7399
2297 67.7399
2298 67.7399
2299 67.7399
2300 67.7399
2301 67.7399
2302 67.7399
2303 67.7399
2304 67.7399
2305 67.7399
2306 67.7399
2307 67.7399
2308 67.7399
2309 67.7399
2310 67.7399
2311 67.7399
2312 67.7399
2313 67.7399
2314 67.7399
2315 67.7399
2316 67.7399
2317 67.7399
2318 67.7399
2319 67.7399
2320 67.7399
2321 67.7399
2322 67.7399
2323 67.7399
2324 67.7399
2325 67.7399
2326 67.7399
2327 67.7399
2328 67.7399
2329 67.7399
2330 67.7399
2331 67.7399
2332 67.7399
2333 67.7399
2334 67.7399
2335 67.7399
2336 67.7399
2337 67.7399
2338 67.7399
2339 67.7399
2340 67.7399
2341 67.7399
2342 67.7399
2343 67.7399
2344 67.7399
2345 67.7399
2346 67.7399
2347 67.7399
2348 67.7399
2349 67.7399
2350 67.7399
2351 67.432
2352 67.432
2353 67.432
2354 67.432
2355 67.432
2356 67.432
2357 67.432
2358 67.432
2359 67.432
2360 67.432
2361 67.432
2362 67.432
2363 67.432
2364 67.432
2365 67.432
2366 67.432
2367 67.432
2368 67.432
2369 67.432
2370 67.432
2371 67.432
2372 67.432
2373 67.432
2374 67.432
2375 67.432
2376 67.432
2377 67.432
2378 67.432
2379 67.432
2380 67.432
2381 67.432
2382 67.432
2383 67.432
2384 67.432
2385 67.432
2386 67.432
2387 67.432
2388 67.432
2389 67.432
2390 67.432
2391 67.432
2392 67.432
2393 67.432
2394 67.432
2395 67.432
2396 67.432
2397 67.432
2398 67.432
2399 67.432
2400 67.432
2401 67.432
2402 67.432
2403 67.432
2404 67.432
2405 67.432
2406 67.432
2407 67.432
2408 67.432
2409 67.432
2410 67.432
2411 67.432
2412 67.432
2413 67.432
2414 67.432
2415 67.432
2416 67.432
2417 67.432
2418 67.432
2419 67.432
2420 67.432
2421 67.432
2422 67.432
2423 67.432
2424 67.432
2425 67.432
2426 67.432
2427 67.432
2428 67.432
2429 67.432
2430 67.432
2431 67.432
2432 67.432
2433 67.432
2434 67.432
2435 67.432
2436 67.432
2437 67.432
2438 67.432
2439 67.432
2440 67.432
2441 67.432
2442 67.432
2443 67.432
2444 67.432
2445 67.432
2446 67.432
2447 67.432
2448 67.432
2449 67.432
2450 67.432
2451 67.432
2452 67.432
2453 67.432
2454 67.432
2455 67.432
2456 67.432
2457 67.432
2458 67.432
2459 67.432
2460 67.432
2461 67.432
2462 67.432
2463 67.432
2464 67.432
2465 67.432
2466 67.432
2467 67.432
2468 67.432
2469 67.432
2470 67.432
2471 67.432
2472 67.432
2473 67.432
2474 67.432
2475 67.432
2476 67.432
2477 67.432
2478 67.432
2479 67.432
2480 67.432
2481 67.432
2482 67.432
2483 67.432
2484 67.432
2485 67.432
2486 67.432
2487 67.432
2488 67.432
2489 67.432
2490 67.432
2491 67.432
2492 67.432
2493 67.432
2494 67.432
2495 67.432
2496 67.432
2497 67.432
2498 67.432
2499 67.432
2500 67.432
2501 67.432
2502 67.432
2503 67.432
2504 67.432
2505 67.432
2506 67.432
2507 67.432
2508 67.432
2509 67.432
2510 67.432
2511 67.432
2512 67.432
2513 67.432
2514 67.432
2515 67.432
2516 67.432
2517 67.432
2518 67.432
2519 67.432
2520 67.432
2521 67.432
2522 67.432
2523 67.432
2524 67.432
2525 67.432
2526 67.432
2527 67.432
2528 67.432
2529 67.432
2530 67.432
2531 67.432
2532 67.432
2533 67.432
2534 67.432
2535 67.432
2536 67.432
2537 67.432
2538 67.432
2539 67.432
2540 67.432
2541 67.432
2542 67.432
2543 67.432
2544 67.432
2545 67.432
2546 67.432
2547 67.432
2548 67.432
2549 67.432
2550 67.432
2551 67.432
2552 67.432
2553 67.432
2554 67.432
2555 67.432
2556 67.432
2557 67.432
2558 67.432
2559 67.432
2560 67.432
2561 67.432
2562 67.432
2563 67.432
2564 67.432
2565 67.432
2566 67.432
2567 67.432
2568 67.432
2569 67.432
2570 67.432
2571 67.432
2572 67.432
2573 67.432
2574 67.432
2575 67.432
2576 67.432
2577 67.432
2578 67.432
2579 67.432
2580 67.432
2581 67.432
2582 67.432
2583 67.432
2584 67.432
2585 67.432
2586 67.432
2587 67.432
2588 67.432
2589 67.432
2590 67.432
2591 67.432
2592 67.432
2593 67.432
2594 67.432
2595 67.432
2596 67.432
2597 67.432
2598 67.432
2599 67.432
2600 67.432
2601 67.432
2602 67.432
2603 67.432
2604 67.432
2605 67.432
2606 67.432
2607 67.432
2608 67.432
2609 67.432
2610 67.432
2611 67.432
2612 67.432
2613 67.432
2614 67.432
2615 67.432
2616 67.432
2617 67.432
2618 67.432
2619 67.432
2620 67.432
2621 67.432
2622 67.432
2623 67.432
2624 67.432
2625 67.432
2626 67.432
2627 67.432
2628 67.432
2629 67.432
2630 67.432
2631 67.432
2632 67.432
2633 67.432
2634 67.432
2635 67.432
2636 67.432
2637 67.432
2638 67.432
2639 67.432
2640 67.432
2641 67.432
2642 67.432
2643 67.432
2644 67.432
2645 67.432
2646 67.432
2647 67.432
2648 67.432
2649 67.432
2650 67.432
2651 67.432
2652 67.432
2653 67.432
2654 67.432
2655 67.432
2656 67.432
2657 67.432
2658 67.432
2659 67.432
2660 67.432
2661 67.432
2662 67.432
2663 67.432
2664 67.432
2665 67.432
2666 67.432
2667 67.432
2668 67.432
2669 67.432
2670 67.432
2671 67.432
2672 67.432
2673 67.432
2674 67.432
2675 67.432
2676 67.432
2677 67.432
2678 67.432
2679 67.432
2680 67.432
2681 67.432
2682 67.432
2683 67.432
2684 67.432
2685 67.432
2686 67.432
2687 67.432
2688 67.432
2689 67.432
2690 67.432
2691 67.432
2692 67.432
2693 67.432
2694 67.432
2695 67.432
2696 67.432
2697 67.432
2698 67.432
2699 67.432
2700 67.432
2701 67.432
2702 67.432
2703 67.432
2704 67.432
2705 67.432
2706 67.432
2707 67.432
2708 67.432
2709 67.432
2710 67.432
2711 67.432
2712 67.432
2713 67.432
2714 67.432
2715 67.432
2716 67.432
2717 67.432
2718 67.432
2719 67.432
2720 67.432
2721 67.432
2722 67.432
2723 67.432
2724 67.432
2725 67.432
2726 67.432
2727 67.432
2728 67.432
2729 67.432
2730 67.432
2731 67.432
2732 67.432
2733 67.432
2734 67.432
2735 67.432
2736 67.432
2737 67.432
2738 67.432
2739 67.432
2740 67.432
2741 67.432
2742 67.432
2743 67.432
2744 67.432
2745 67.432
2746 67.432
2747 67.432
2748 67.432
2749 67.432
2750 67.432
2751 67.432
2752 67.432
2753 67.432
2754 67.432
2755 67.432
2756 67.432
2757 67.432
2758 67.432
2759 67.432
2760 67.432
2761 67.432
2762 67.432
2763 67.432
2764 67.432
2765 67.432
2766 67.432
2767 67.432
2768 67.432
2769 67.432
2770 67.432
2771 67.432
2772 67.432
2773 67.432
2774 67.432
2775 67.432
2776 67.432
2777 67.432
2778 67.432
2779 67.432
2780 67.432
2781 67.432
2782 67.432
2783 67.432
2784 67.432
2785 67.432
2786 67.432
2787 67.432
2788 67.432
2789 67.432
2790 67.432
2791 67.432
2792 67.432
2793 67.432
2794 67.432
2795 67.432
2796 67.432
2797 67.432
2798 67.432
2799 67.432
2800 67.432
2801 67.432
2802 67.432
2803 67.432
2804 67.432
2805 67.432
2806 67.432
2807 67.432
2808 67.432
2809 67.432
2810 67.432
2811 67.432
2812 67.432
2813 67.432
2814 67.432
2815 67.432
2816 67.432
2817 67.432
2818 67.432
2819 67.432
2820 67.432
2821 67.432
2822 67.432
2823 67.432
2824 67.432
2825 67.432
2826 67.432
2827 67.432
2828 67.432
2829 67.432
2830 67.432
2831 67.432
2832 67.432
2833 67.432
2834 67.432
2835 67.432
2836 67.432
2837 67.432
2838 67.432
2839 67.432
2840 67.432
2841 67.432
2842 67.432
2843 67.432
2844 67.432
2845 67.432
2846 67.432
2847 67.432
2848 67.432
2849 67.432
2850 67.432
2851 67.432
2852 67.432
2853 67.432
2854 67.432
2855 67.432
2856 67.432
2857 67.432
2858 67.432
2859 67.432
2860 67.432
2861 67.432
2862 67.432
2863 67.432
2864 67.432
2865 67.432
2866 67.432
2867 67.432
2868 67.432
2869 67.432
2870 67.432
2871 67.432
2872 67.432
2873 67.432
2874 67.432
2875 67.432
2876 67.432
2877 67.432
2878 67.432
2879 67.432
2880 67.432
2881 67.432
2882 67.432
2883 67.432
2884 67.432
2885 67.432
2886 67.432
2887 67.432
2888 67.432
2889 67.432
2890 67.432
2891 67.432
2892 67.432
2893 67.432
2894 67.432
2895 67.432
2896 67.432
2897 67.432
2898 67.432
2899 67.432
2900 67.432
2901 67.432
2902 67.432
2903 67.432
2904 67.432
2905 67.432
2906 67.432
2907 67.432
2908 67.432
2909 67.432
2910 67.432
2911 67.432
2912 67.432
2913 67.432
2914 67.432
2915 67.432
2916 67.432
2917 67.432
2918 67.432
2919 67.432
2920 67.432
2921 67.432
2922 67.432
2923 67.432
2924 67.432
2925 67.432
2926 67.432
2927 67.432
2928 67.432
2929 67.432
2930 67.432
2931 67.432
2932 67.432
2933 67.432
2934 67.432
2935 67.432
2936 67.432
2937 67.432
2938 67.432
2939 67.432
2940 67.432
2941 67.432
2942 67.432
2943 67.432
2944 67.432
2945 67.432
2946 67.432
2947 67.432
2948 67.432
2949 67.432
2950 67.432
2951 67.432
2952 67.432
2953 67.432
2954 67.432
2955 67.432
2956 67.432
2957 67.432
2958 67.432
2959 67.432
2960 67.432
2961 67.432
2962 67.432
2963 67.432
2964 67.432
2965 67.432
2966 67.432
2967 67.432
2968 67.432
2969 67.432
2970 67.432
2971 67.432
2972 67.432
2973 67.432
2974 67.432
2975 67.432
2976 67.432
2977 67.432
2978 67.432
2979 67.432
2980 67.432
2981 67.432
2982 67.432
2983 67.432
2984 67.432
2985 67.432
2986 67.432
2987 67.432
2988 67.432
2989 67.432
2990 67.432
2991 67.432
2992 67.432
2993 67.432
2994 67.432
2995 67.432
2996 67.432
2997 67.432
2998 67.432
2999 67.432
3000 67.432
3001 67.432
3002 67.432
3003 67.432
3004 67.432
3005 67.432
3006 67.432
3007 67.432
3008 67.432
3009 67.432
3010 67.432
3011 67.432
3012 67.432
3013 67.432
3014 67.432
3015 67.432
3016 67.432
3017 67.432
3018 67.432
3019 67.432
3020 67.432
3021 67.432
3022 67.432
3023 67.432
3024 67.432
3025 67.432
3026 67.432
3027 67.432
3028 67.432
3029 67.432
3030 67.432
3031 67.432
3032 67.432
3033 67.432
3034 67.432
3035 67.432
3036 67.432
3037 67.432
3038 67.432
3039 67.432
3040 67.432
3041 67.432
3042 67.432
3043 67.432
3044 67.432
3045 67.432
3046 67.432
3047 67.432
3048 67.432
3049 67.432
3050 67.432
3051 67.432
3052 67.432
3053 67.432
3054 67.432
3055 67.432
3056 67.432
3057 67.432
3058 67.432
3059 67.432
3060 67.432
3061 67.432
3062 67.432
3063 67.432
3064 67.432
3065 67.432
3066 67.432
3067 67.432
3068 67.432
3069 67.432
3070 67.432
3071 67.432
3072 67.432
3073 67.432
3074 67.432
3075 67.432
3076 67.432
3077 67.432
3078 67.432
3079 67.432
3080 67.432
3081 67.432
3082 67.432
3083 67.432
3084 67.432
3085 67.432
3086 67.432
3087 67.432
3088 67.432
3089 67.432
3090 67.432
3091 67.432
3092 67.432
3093 67.432
3094 67.432
3095 67.432
3096 67.432
3097 67.432
3098 67.432
3099 67.432
3100 67.432
3101 67.432
3102 67.432
3103 67.432
3104 67.432
3105 67.432
3106 67.432
3107 67.432
3108 67.432
3109 67.432
3110 67.432
3111 67.432
3112 67.432
3113 67.432
3114 67.432
3115 67.432
3116 67.432
3117 67.432
3118 67.432
3119 67.432
3120 67.432
3121 67.432
3122 67.432
3123 67.432
3124 67.432
3125 67.432
3126 67.432
3127 67.432
3128 67.432
3129 67.432
3130 67.432
3131 67.432
3132 67.432
3133 67.432
3134 67.432
3135 67.432
3136 67.432
3137 67.432
3138 67.432
3139 67.432
3140 67.432
3141 67.432
3142 67.432
3143 67.432
3144 67.432
3145 67.432
3146 67.432
3147 67.432
3148 67.432
3149 67.432
3150 67.432
3151 67.432
3152 67.432
3153 67.432
3154 67.432
3155 67.432
3156 67.432
3157 67.432
3158 67.432
3159 67.432
3160 67.432
3161 67.432
3162 67.432
3163 67.432
3164 67.432
3165 67.432
3166 67.432
3167 67.432
3168 67.432
3169 67.432
3170 67.432
3171 67.432
3172 67.432
3173 67.432
3174 67.432
3175 67.432
3176 67.432
3177 67.432
3178 67.432
3179 67.432
3180 67.432
3181 67.432
3182 67.432
3183 67.432
3184 67.432
3185 67.432
3186 67.432
3187 67.432
3188 67.432
3189 67.432
3190 67.432
3191 67.432
3192 67.432
3193 67.432
3194 67.432
3195 67.432
3196 67.432
3197 67.432
3198 67.432
3199 67.432
3200 67.432
3201 67.432
3202 67.432
3203 67.432
3204 67.432
3205 67.432
3206 67.432
3207 67.432
3208 67.432
3209 67.432
3210 67.432
3211 67.432
3212 67.432
3213 67.432
3214 67.432
3215 67.432
3216 67.432
3217 67.432
3218 67.432
3219 67.432
3220 67.432
3221 67.432
3222 67.432
3223 67.432
3224 67.432
3225 67.432
3226 67.432
3227 67.432
3228 67.432
3229 67.432
3230 67.432
3231 67.432
3232 67.432
3233 67.432
3234 67.432
3235 67.432
3236 67.432
3237 67.432
3238 67.432
3239 67.432
3240 67.432
3241 67.432
3242 67.432
3243 67.432
3244 67.432
3245 67.432
3246 67.432
3247 67.432
3248 67.432
3249 67.432
3250 67.432
3251 67.432
3252 67.432
3253 67.432
3254 67.432
3255 67.432
3256 67.432
3257 67.432
3258 67.432
3259 67.432
3260 67.432
3261 67.432
3262 67.432
3263 67.432
3264 67.432
3265 67.432
3266 67.432
3267 67.432
3268 67.432
3269 67.432
3270 67.432
3271 67.432
3272 67.432
3273 67.432
3274 67.432
3275 67.432
3276 67.432
3277 67.432
3278 67.432
3279 67.432
3280 67.432
3281 67.432
3282 67.432
3283 67.432
3284 67.432
3285 67.432
3286 67.432
3287 67.432
3288 67.432
3289 67.432
3290 67.432
3291 67.432
3292 67.432
3293 67.432
3294 67.432
3295 67.432
3296 67.432
3297 67.432
3298 67.432
3299 67.432
3300 67.432
3301 67.432
3302 67.432
3303 67.432
3304 67.432
3305 67.432
3306 67.432
3307 67.432
3308 67.432
3309 67.432
3310 67.432
3311 67.432
3312 67.432
3313 67.432
3314 67.432
3315 67.432
3316 67.432
3317 67.432
3318 67.432
3319 67.432
3320 67.432
3321 67.432
3322 67.432
3323 67.432
3324 67.432
3325 67.432
3326 67.432
3327 67.432
3328 67.432
3329 67.432
3330 67.432
3331 67.432
3332 67.432
3333 67.432
3334 67.432
3335 67.432
3336 67.432
3337 67.432
3338 67.432
3339 67.432
3340 67.432
3341 67.432
3342 67.432
3343 67.432
3344 67.432
3345 67.432
3346 67.432
3347 67.432
3348 67.432
3349 67.432
3350 67.432
3351 67.432
3352 67.432
3353 67.432
3354 67.432
3355 67.432
3356 67.432
3357 67.432
3358 67.432
3359 67.432
3360 67.432
3361 67.432
3362 67.432
3363 67.432
3364 67.432
3365 67.432
3366 67.432
3367 67.432
3368 67.432
3369 67.432
3370 67.432
3371 67.432
3372 67.432
3373 67.432
3374 67.432
3375 67.432
3376 67.432
3377 67.432
3378 67.432
3379 67.432
3380 67.432
3381 67.432
3382 67.432
3383 67.432
3384 67.432
3385 67.432
3386 67.432
3387 67.432
3388 67.432
3389 67.432
3390 67.432
3391 67.432
3392 67.432
3393 67.432
3394 67.432
3395 67.432
3396 67.432
3397 67.432
3398 67.432
3399 67.432
3400 67.432
3401 67.432
3402 67.432
3403 67.432
3404 67.432
3405 67.432
3406 67.432
3407 67.432
3408 67.432
3409 67.432
3410 67.432
3411 67.432
3412 67.432
3413 67.432
3414 67.432
3415 67.432
3416 67.432
3417 67.432
3418 67.432
3419 67.432
3420 67.432
3421 67.432
3422 67.432
3423 67.432
3424 67.432
3425 67.432
3426 67.432
3427 67.432
3428 67.432
3429 67.432
3430 67.432
3431 67.432
3432 67.432
3433 67.432
3434 67.432
3435 67.432
3436 67.432
3437 67.432
3438 67.432
3439 67.432
3440 67.432
3441 67.432
3442 67.432
3443 67.432
3444 67.432
3445 67.432
3446 67.432
3447 67.432
3448 67.432
3449 67.432
3450 67.432
3451 67.432
3452 67.432
3453 67.432
3454 67.432
3455 67.432
3456 67.432
3457 67.432
3458 67.432
3459 67.432
3460 67.432
3461 67.432
3462 67.432
3463 67.432
3464 67.432
3465 67.432
3466 67.432
3467 67.432
3468 67.432
3469 67.432
3470 67.432
3471 67.432
3472 67.432
3473 67.432
3474 67.432
3475 67.432
3476 67.432
3477 67.432
3478 67.432
3479 67.432
3480 67.432
3481 67.432
3482 67.432
3483 67.432
3484 67.432
3485 67.432
3486 67.432
3487 67.432
3488 67.432
3489 67.432
3490 67.432
3491 67.432
3492 67.432
3493 67.432
3494 67.432
3495 67.432
3496 67.432
3497 67.432
3498 67.432
3499 67.432
3500 67.432
3501 67.432
3502 67.432
3503 67.432
3504 67.432
3505 67.432
3506 67.432
3507 67.432
3508 67.432
3509 67.432
3510 67.432
3511 67.432
3512 67.432
3513 67.432
3514 67.432
3515 67.432
3516 67.432
3517 67.432
3518 67.432
3519 67.432
3520 67.432
3521 67.432
3522 67.432
3523 67.432
3524 67.432
3525 67.432
3526 67.432
3527 67.432
3528 67.432
3529 67.432
3530 67.432
3531 67.432
3532 67.432
3533 67.432
3534 67.432
3535 67.432
3536 67.432
3537 67.432
3538 67.432
3539 67.432
3540 67.432
3541 67.432
3542 67.432
3543 67.432
3544 67.432
3545 67.432
3546 67.432
3547 67.432
3548 67.432
3549 67.432
3550 67.432
3551 67.432
3552 67.432
3553 67.432
3554 67.432
3555 67.432
3556 67.432
3557 67.432
3558 67.432
3559 67.432
3560 67.432
3561 67.432
3562 67.432
3563 67.432
3564 67.432
3565 67.432
3566 67.432
3567 67.432
3568 67.432
3569 67.432
3570 67.432
3571 67.432
3572 67.432
3573 67.432
3574 67.432
3575 67.432
3576 67.432
3577 67.432
3578 67.432
3579 67.432
3580 67.432
3581 67.432
3582 67.432
3583 67.432
3584 67.432
3585 67.432
3586 67.432
3587 67.432
3588 67.432
3589 67.432
3590 67.432
3591 67.432
3592 67.432
3593 67.432
3594 67.432
3595 67.432
3596 67.432
3597 67.432
3598 67.432
3599 67.432
3600 67.432
3601 67.432
3602 67.432
3603 67.432
3604 67.432
3605 67.432
3606 67.432
3607 67.432
3608 67.432
3609 67.432
3610 67.432
3611 67.432
3612 67.432
3613 67.432
3614 67.432
3615 67.432
3616 67.432
3617 67.432
3618 67.432
3619 67.432
3620 67.432
3621 67.432
3622 67.432
3623 67.432
3624 67.432
3625 67.432
3626 67.432
3627 67.432
3628 67.432
3629 67.432
3630 67.432
3631 67.432
3632 67.432
3633 67.432
3634 67.432
3635 67.432
3636 67.432
3637 67.432
3638 67.432
3639 67.432
3640 67.432
3641 67.432
3642 67.432
3643 67.432
3644 67.432
3645 67.432
3646 67.432
3647 67.432
3648 67.432
3649 67.432
3650 67.432
3651 67.432
3652 67.432
3653 67.432
3654 67.432
3655 67.432
3656 67.432
3657 67.432
3658 67.432
3659 67.432
3660 67.432
3661 67.432
3662 67.432
3663 67.432
3664 67.432
3665 67.432
3666 67.432
3667 67.432
3668 67.432
3669 67.432
3670 67.432
3671 67.432
3672 67.432
3673 67.432
3674 67.432
3675 67.432
3676 67.432
3677 67.432
3678 67.432
3679 67.432
3680 67.432
3681 67.432
3682 67.432
3683 67.432
3684 67.432
3685 67.432
3686 67.432
3687 67.432
3688 67.432
3689 67.432
3690 67.432
3691 67.432
3692 67.432
3693 67.432
3694 67.432
3695 67.432
3696 67.432
3697 67.432
3698 67.432
3699 67.432
3700 67.432
3701 67.432
3702 67.432
3703 67.432
3704 67.432
3705 67.432
3706 67.432
3707 67.432
3708 67.432
3709 67.432
3710 67.432
3711 67.432
3712 67.432
3713 67.432
3714 67.432
3715 67.432
3716 67.432
3717 67.432
3718 67.432
3719 67.432
3720 67.432
3721 67.432
3722 67.432
3723 67.432
3724 67.432
3725 67.432
3726 67.432
3727 67.432
3728 67.432
3729 67.432
3730 67.432
3731 67.432
3732 67.432
3733 67.432
3734 67.432
3735 67.432
3736 67.432
3737 67.432
3738 67.432
3739 67.432
3740 67.432
3741 67.432
3742 67.432
3743 67.432
3744 67.432
3745 67.432
3746 67.432
3747 67.432
3748 67.432
3749 67.432
3750 67.432
3751 67.432
3752 67.432
3753 67.432
3754 67.432
3755 67.432
3756 67.432
3757 67.432
3758 67.432
3759 67.432
3760 67.432
3761 67.432
3762 67.432
3763 67.432
3764 67.432
3765 67.432
3766 67.432
3767 67.432
3768 67.432
3769 67.432
3770 67.432
3771 67.432
3772 67.432
3773 67.432
3774 67.432
3775 67.432
3776 67.432
3777 67.432
3778 67.432
3779 67.432
3780 67.432
3781 67.432
3782 67.432
3783 67.432
3784 67.432
3785 67.432
3786 67.432
3787 67.432
3788 67.432
3789 67.432
3790 67.432
3791 67.432
3792 67.432
3793 67.432
3794 67.432
3795 67.432
3796 67.432
3797 67.432
3798 67.432
3799 67.432
3800 67.432
3801 67.432
3802 67.432
3803 67.432
3804 67.432
3805 67.432
3806 67.432
3807 67.432
3808 67.432
3809 67.432
3810 67.432
3811 67.432
3812 67.432
3813 67.432
3814 67.432
3815 67.432
3816 67.432
3817 67.432
3818 67.432
3819 67.432
3820 67.432
3821 67.432
3822 67.432
3823 67.432
3824 67.432
3825 67.432
3826 67.432
3827 67.432
3828 67.432
3829 67.432
3830 67.432
3831 67.432
3832 67.432
3833 67.432
3834 67.432
3835 67.432
3836 67.432
3837 67.432
3838 67.432
3839 67.432
3840 67.432
3841 67.432
3842 67.432
3843 67.432
3844 67.432
3845 67.432
3846 67.432
3847 67.432
3848 67.432
3849 67.432
3850 67.432
3851 67.432
3852 67.432
3853 67.432
3854 67.432
3855 67.432
3856 67.432
3857 67.432
3858 67.432
3859 67.432
3860 67.432
3861 67.432
3862 67.432
3863 67.432
3864 67.432
3865 67.432
3866 67.432
3867 67.432
3868 67.432
3869 67.432
3870 67.432
3871 67.432
3872 67.432
3873 67.432
3874 67.432
3875 67.432
3876 67.432
3877 67.432
3878 67.432
3879 67.432
3880 67.432
3881 67.432
3882 67.432
3883 67.432
3884 67.432
3885 67.432
3886 67.432
3887 67.432
3888 67.432
3889 67.432
3890 67.432
3891 67.432
3892 67.432
3893 67.432
3894 67.432
3895 67.432
3896 67.432
3897 67.432
3898 67.432
3899 67.432
3900 67.432
3901 67.432
3902 67.432
3903 67.432
3904 67.432
3905 67.432
3906 67.432
3907 67.432
3908 67.432
3909 67.432
3910 67.432
3911 67.432
3912 67.432
3913 67.432
3914 67.432
3915 67.432
3916 67.432
3917 67.432
3918 67.432
3919 67.432
3920 67.432
3921 67.432
3922 67.432
3923 67.432
3924 67.432
3925 67.432
3926 67.432
3927 67.432
3928 67.432
3929 67.432
3930 67.432
3931 67.432
3932 67.432
3933 67.432
3934 67.432
3935 67.432
3936 67.432
3937 67.432
3938 67.432
3939 67.432
3940 67.432
3941 67.432
3942 67.432
3943 67.432
3944 67.432
3945 67.432
3946 67.432
3947 67.432
3948 67.432
3949 67.432
3950 67.432
3951 67.432
3952 67.432
3953 67.432
3954 67.432
3955 67.432
3956 67.432
3957 67.432
3958 67.432
3959 67.432
3960 67.432
3961 67.432
3962 67.432
3963 67.432
3964 67.432
3965 67.432
3966 67.432
3967 67.432
3968 67.432
3969 67.432
3970 67.432
3971 67.432
3972 67.432
3973 67.432
3974 67.432
3975 67.432
3976 67.432
3977 67.432
3978 67.432
3979 67.432
3980 67.432
3981 67.432
3982 67.432
3983 67.432
3984 67.432
3985 67.432
3986 67.432
3987 67.432
3988 67.432
3989 67.432
3990 67.432
3991 67.432
3992 67.432
3993 67.432
3994 67.432
3995 67.432
3996 67.432
3997 67.432
3998 67.432
3999 67.432
4000 67.432
4001 67.432
4002 67.432
4003 67.432
4004 67.432
4005 67.432
4006 67.432
4007 67.432
4008 67.432
4009 67.432
4010 67.432
4011 67.432
4012 67.432
4013 67.432
4014 67.432
4015 67.432
4016 67.432
4017 67.432
4018 67.432
4019 67.432
4020 67.432
4021 67.432
4022 67.432
4023 67.432
4024 67.432
4025 67.432
4026 67.432
4027 67.432
4028 67.432
4029 67.432
4030 67.432
4031 67.432
4032 67.432
4033 67.432
4034 67.432
4035 67.432
4036 67.432
4037 67.432
4038 67.432
4039 67.432
4040 67.432
4041 67.432
4042 67.432
4043 67.432
4044 67.432
4045 67.432
4046 67.432
4047 67.432
4048 67.432
4049 67.432
4050 67.432
4051 67.432
4052 67.432
4053 67.432
4054 67.432
4055 67.432
4056 67.432
4057 67.432
4058 67.432
4059 67.432
4060 67.432
4061 67.432
4062 67.432
4063 67.432
4064 67.432
4065 67.432
4066 67.432
4067 67.432
4068 67.432
4069 67.432
4070 67.432
4071 67.432
4072 67.432
4073 67.432
4074 67.432
4075 67.432
4076 67.432
4077 67.432
4078 67.432
4079 67.432
4080 67.432
4081 67.432
4082 67.432
4083 67.432
4084 67.432
4085 67.432
4086 67.432
4087 67.432
4088 67.432
4089 67.432
4090 67.432
4091 67.432
4092 67.432
4093 67.432
4094 67.432
4095 67.432
4096 67.432
4097 67.432
4098 67.432
4099 67.432
4100 67.432
4101 66.89
4102 66.89
4103 66.89
4104 66.89
4105 66.89
4106 66.89
4107 66.89
4108 66.89
4109 66.89
4110 66.89
4111 66.89
4112 66.89
4113 66.89
4114 66.89
4115 66.89
4116 66.89
4117 66.89
4118 66.89
4119 66.89
4120 66.89
4121 66.89
4122 66.89
4123 66.89
4124 66.89
4125 66.89
4126 66.89
4127 66.89
4128 66.89
4129 66.89
4130 66.89
4131 66.89
4132 66.89
4133 66.89
4134 66.89
4135 66.89
4136 66.89
4137 66.89
4138 66.89
4139 66.89
4140 66.89
4141 66.89
4142 66.89
4143 66.89
4144 66.89
4145 66.89
4146 66.89
4147 66.89
4148 66.89
4149 66.89
4150 66.89
4151 66.89
4152 66.89
4153 66.89
4154 66.89
4155 66.89
4156 66.89
4157 66.89
4158 66.89
4159 66.89
4160 66.89
4161 66.89
4162 66.89
4163 66.89
4164 66.89
4165 66.89
4166 66.89
4167 66.89
4168 66.89
4169 66.89
4170 66.89
4171 66.89
4172 66.89
4173 66.89
4174 66.89
4175 66.89
4176 66.89
4177 66.89
4178 66.89
4179 66.89
4180 66.89
4181 66.89
4182 66.89
4183 66.89
4184 66.89
4185 66.89
4186 66.89
4187 66.89
4188 66.89
4189 66.89
4190 66.89
4191 66.89
4192 66.89
4193 66.89
4194 66.89
4195 66.89
4196 66.89
4197 66.89
4198 66.89
4199 66.89
4200 66.89
4201 66.89
4202 66.89
4203 66.89
4204 66.89
4205 66.89
4206 66.89
4207 66.89
4208 66.89
4209 66.89
4210 66.89
4211 66.89
4212 66.89
4213 66.89
4214 66.89
4215 66.89
4216 66.89
4217 66.89
4218 66.89
4219 66.89
4220 66.89
4221 66.89
4222 66.89
4223 66.89
4224 66.89
4225 66.89
4226 66.89
4227 66.89
4228 66.89
4229 66.89
4230 66.89
4231 66.89
4232 66.89
4233 66.89
4234 66.89
4235 66.89
4236 66.89
4237 66.89
4238 66.89
4239 66.89
4240 66.89
4241 66.89
4242 66.89
4243 66.89
4244 66.89
4245 66.89
4246 66.89
4247 66.89
4248 66.89
4249 66.89
4250 66.89
4251 66.89
4252 66.89
4253 66.89
4254 66.89
4255 66.89
4256 66.89
4257 66.89
4258 66.89
4259 66.89
4260 66.89
4261 66.89
4262 66.89
4263 66.89
4264 66.89
4265 66.89
4266 66.89
4267 66.89
4268 66.89
4269 66.89
4270 66.89
4271 66.89
4272 66.89
4273 66.89
4274 66.89
4275 66.89
4276 66.89
4277 66.89
4278 66.89
4279 66.89
4280 66.89
4281 66.89
4282 66.89
4283 66.89
4284 66.89
4285 66.89
4286 66.89
4287 66.89
4288 66.89
4289 66.89
4290 66.89
4291 66.89
4292 66.89
4293 66.89
4294 66.89
4295 66.89
4296 66.89
4297 66.89
4298 66.89
4299 66.89
4300 66.89
4301 66.89
4302 66.89
4303 66.89
4304 66.89
4305 66.89
4306 66.89
4307 66.89
4308 66.89
4309 66.89
4310 66.89
4311 66.89
4312 66.89
4313 66.89
4314 66.89
4315 66.89
4316 66.89
4317 66.89
4318 66.89
4319 66.89
4320 66.89
4321 66.89
4322 66.89
4323 66.89
4324 66.89
4325 66.89
4326 66.89
4327 66.89
4328 66.89
4329 66.89
4330 66.89
4331 66.89
4332 66.89
4333 66.89
4334 66.89
4335 66.89
4336 66.89
4337 66.89
4338 66.89
4339 66.89
4340 66.89
4341 66.89
4342 66.89
4343 66.89
4344 66.89
4345 66.89
4346 66.89
4347 66.89
4348 66.89
4349 66.89
4350 66.89
4351 66.89
4352 66.89
4353 66.89
4354 66.89
4355 66.89
4356 66.89
4357 66.89
4358 66.89
4359 66.89
4360 66.89
4361 66.89
4362 66.89
4363 66.89
4364 66.89
4365 66.89
4366 66.89
4367 66.89
4368 66.89
4369 66.89
4370 66.89
4371 66.89
4372 66.89
4373 66.89
4374 66.89
4375 66.89
4376 66.89
4377 66.89
4378 66.89
4379 66.89
4380 66.89
4381 66.89
4382 66.89
4383 66.89
4384 66.89
4385 66.89
4386 66.89
4387 66.89
4388 66.89
4389 66.89
4390 66.89
4391 66.89
4392 66.89
4393 66.89
4394 66.89
4395 66.89
4396 66.89
4397 66.89
4398 66.89
4399 66.89
4400 66.89
4401 66.89
4402 66.89
4403 66.89
4404 66.89
4405 66.89
4406 66.89
4407 66.89
4408 66.89
4409 66.89
4410 66.89
4411 66.89
4412 66.89
4413 66.89
4414 66.89
4415 66.89
4416 66.89
4417 66.89
4418 66.89
4419 66.89
4420 66.89
4421 66.89
4422 66.89
4423 66.89
4424 66.89
4425 66.89
4426 66.89
4427 66.89
4428 66.89
4429 66.89
4430 66.89
4431 66.89
4432 66.89
4433 66.89
4434 66.89
4435 66.89
4436 66.89
4437 66.89
4438 66.89
4439 66.89
4440 66.89
4441 66.89
4442 66.89
4443 66.89
4444 66.89
4445 66.89
4446 66.89
4447 66.89
4448 66.89
4449 66.89
4450 66.89
4451 66.89
4452 66.89
4453 66.89
4454 66.89
4455 66.89
4456 66.89
4457 66.89
4458 66.89
4459 66.89
4460 66.89
4461 66.89
4462 66.89
4463 66.89
4464 66.89
4465 66.89
4466 66.89
4467 66.89
4468 66.89
4469 66.89
4470 66.89
4471 66.89
4472 66.89
4473 66.89
4474 66.89
4475 66.89
4476 66.89
4477 66.89
4478 66.89
4479 66.89
4480 66.89
4481 66.89
4482 66.89
4483 66.89
4484 66.89
4485 66.89
4486 66.89
4487 66.89
4488 66.89
4489 66.89
4490 66.89
4491 66.89
4492 66.89
4493 66.89
4494 66.89
4495 66.89
4496 66.89
4497 66.89
4498 66.89
4499 66.89
4500 66.89
4501 66.89
4502 66.89
4503 66.89
4504 66.89
4505 66.89
4506 66.89
4507 66.89
4508 66.89
4509 66.89
4510 66.89
4511 66.89
4512 66.89
4513 66.89
4514 66.89
4515 66.89
4516 66.89
4517 66.89
4518 66.89
4519 66.89
4520 66.89
4521 66.89
4522 66.89
4523 66.89
4524 66.89
4525 66.89
4526 66.89
4527 66.89
4528 66.89
4529 66.89
4530 66.89
4531 66.89
4532 66.89
4533 66.89
4534 66.89
4535 66.89
4536 66.89
4537 66.89
4538 66.89
4539 66.89
4540 66.89
4541 66.89
4542 66.89
4543 66.89
4544 66.89
4545 66.89
4546 66.89
4547 66.89
4548 66.89
4549 66.89
4550 66.89
4551 66.89
4552 66.89
4553 66.89
4554 66.89
4555 66.89
4556 66.89
4557 66.89
4558 66.89
4559 66.89
4560 66.89
4561 66.89
4562 66.89
4563 66.89
4564 66.89
4565 66.89
4566 66.89
4567 66.89
4568 66.89
4569 66.89
4570 66.89
4571 66.89
4572 66.89
4573 66.89
4574 66.89
4575 66.89
4576 66.89
4577 66.89
4578 66.89
4579 66.89
4580 66.89
4581 66.89
4582 66.89
4583 66.89
4584 66.89
4585 66.89
4586 66.89
4587 66.89
4588 66.89
4589 66.89
4590 66.89
4591 66.89
4592 66.89
4593 66.89
4594 66.89
4595 66.89
4596 66.89
4597 66.89
4598 66.89
4599 66.89
4600 66.89
4601 66.89
4602 66.89
4603 66.89
4604 66.89
4605 66.89
4606 66.89
4607 66.89
4608 66.89
4609 66.89
4610 66.89
4611 66.89
4612 66.89
4613 66.89
4614 66.89
4615 66.89
4616 66.89
4617 66.89
4618 66.89
4619 66.89
4620 66.89
4621 66.89
4622 66.89
4623 66.89
4624 66.89
4625 66.89
4626 66.89
4627 66.89
4628 66.89
4629 66.89
4630 66.89
4631 66.89
4632 66.89
4633 66.89
4634 66.89
4635 66.89
4636 66.89
4637 66.89
4638 66.89
4639 66.89
4640 66.89
4641 66.89
4642 66.89
4643 66.89
4644 66.89
4645 66.89
4646 66.89
4647 66.89
4648 66.89
4649 66.89
4650 66.89
4651 66.89
4652 66.89
4653 66.89
4654 66.89
4655 66.89
4656 66.89
4657 66.89
4658 66.89
4659 66.89
4660 66.89
4661 66.89
4662 66.89
4663 66.89
4664 66.89
4665 66.89
4666 66.89
4667 66.89
4668 66.89
4669 66.89
4670 66.89
4671 66.89
4672 66.89
4673 66.89
4674 66.89
4675 66.89
4676 66.89
4677 66.89
4678 66.89
4679 66.89
4680 66.89
4681 66.89
4682 66.89
4683 66.89
4684 66.89
4685 66.89
4686 66.89
4687 66.89
4688 66.89
4689 66.89
4690 66.89
4691 66.89
4692 66.89
4693 66.89
4694 66.89
4695 66.89
4696 66.89
4697 66.89
4698 66.89
4699 66.89
4700 66.89
4701 66.89
4702 66.89
4703 66.89
4704 66.89
4705 66.89
4706 66.89
4707 66.89
4708 66.89
4709 66.89
4710 66.89
4711 66.89
4712 66.89
4713 66.89
4714 66.89
4715 66.89
4716 66.89
4717 66.89
4718 66.89
4719 66.89
4720 66.89
4721 66.89
4722 66.89
4723 66.89
4724 66.89
4725 66.89
4726 66.89
4727 66.89
4728 66.89
4729 66.89
4730 66.89
4731 66.89
4732 66.89
4733 66.89
4734 66.89
4735 66.89
4736 66.89
4737 66.89
4738 66.89
4739 66.89
4740 66.89
4741 66.89
4742 66.89
4743 66.89
4744 66.89
4745 66.89
4746 66.89
4747 66.89
4748 66.89
4749 66.89
4750 66.89
4751 66.89
4752 66.89
4753 66.89
4754 66.89
4755 66.89
4756 66.89
4757 66.89
4758 66.89
4759 66.89
4760 66.89
4761 66.89
4762 66.89
4763 66.89
4764 66.89
4765 66.89
4766 66.89
4767 66.89
4768 66.89
4769 66.89
4770 66.89
4771 66.89
4772 66.89
4773 66.89
4774 66.89
4775 66.89
4776 66.89
4777 66.89
4778 66.89
4779 66.89
4780 66.89
4781 66.89
4782 66.89
4783 66.89
4784 66.89
4785 66.89
4786 66.89
4787 66.89
4788 66.89
4789 66.89
4790 66.89
4791 66.89
4792 66.89
4793 66.89
4794 66.89
4795 66.89
4796 66.89
4797 66.89
4798 66.89
4799 66.89
4800 66.89
4801 66.89
4802 66.89
4803 66.89
4804 66.89
4805 66.89
4806 66.89
4807 66.89
4808 66.89
4809 66.89
4810 66.89
4811 66.89
4812 66.89
4813 66.89
4814 66.89
4815 66.89
4816 66.89
4817 66.89
4818 66.89
4819 66.89
4820 66.89
4821 66.89
4822 66.89
4823 66.89
4824 66.89
4825 66.89
4826 66.89
4827 66.89
4828 66.89
4829 66.89
4830 66.89
4831 66.89
4832 66.89
4833 66.89
4834 66.89
4835 66.89
4836 66.89
4837 66.89
4838 66.89
4839 66.89
4840 66.89
4841 66.89
4842 66.89
4843 66.89
4844 66.89
4845 66.89
4846 66.89
4847 66.89
4848 66.89
4849 66.89
4850 66.89
4851 66.89
4852 66.89
4853 66.89
4854 66.89
4855 66.89
4856 66.89
4857 66.89
4858 66.89
4859 66.89
4860 66.89
4861 66.89
4862 66.89
4863 66.89
4864 66.89
4865 66.89
4866 66.89
4867 66.89
4868 66.89
4869 66.89
4870 66.89
4871 66.89
4872 66.89
4873 66.89
4874 66.89
4875 66.89
4876 66.89
4877 66.89
4878 66.89
4879 66.89
4880 66.89
4881 66.89
4882 66.89
4883 66.89
4884 66.89
4885 66.89
4886 66.89
4887 66.89
4888 66.89
4889 66.89
4890 66.89
4891 66.89
4892 66.89
4893 66.89
4894 66.89
4895 66.89
4896 66.89
4897 66.89
4898 66.89
4899 66.89
4900 66.89
4901 66.89
4902 66.89
4903 66.89
4904 66.89
4905 66.89
4906 66.89
4907 66.89
4908 66.89
4909 66.89
4910 66.89
4911 66.89
4912 66.89
4913 66.89
4914 66.89
4915 66.89
4916 66.89
4917 66.89
4918 66.89
4919 66.89
4920 66.89
4921 66.89
4922 66.89
4923 66.89
4924 66.89
4925 66.89
4926 66.89
4927 66.89
4928 66.89
4929 66.89
4930 66.89
4931 66.89
4932 66.89
4933 66.89
4934 66.89
4935 66.89
4936 66.89
4937 66.89
4938 66.89
4939 66.89
4940 66.89
4941 66.89
4942 66.89
4943 66.89
4944 66.89
4945 66.89
4946 66.89
4947 66.89
4948 66.89
4949 66.89
4950 66.89
4951 66.89
4952 66.89
4953 66.89
4954 66.89
4955 66.89
4956 66.89
4957 66.89
4958 66.89
4959 66.89
4960 66.89
4961 66.89
4962 66.89
4963 66.89
4964 66.89
4965 66.89
4966 66.89
4967 66.89
4968 66.89
4969 66.89
4970 66.89
4971 66.89
4972 66.89
4973 66.89
4974 66.89
4975 66.89
4976 66.89
4977 66.89
4978 66.89
4979 66.89
4980 66.89
4981 66.89
4982 66.89
4983 66.89
4984 66.89
4985 66.89
4986 66.89
4987 66.89
4988 66.89
4989 66.89
4990 66.89
4991 66.89
4992 66.89
4993 66.89
4994 66.89
4995 66.89
4996 66.89
4997 66.89
4998 66.89
4999 66.89
5000 66.89
5001 66.89
5002 66.89
5003 66.89
5004 66.89
5005 66.89
5006 66.89
5007 66.89
5008 66.89
5009 66.89
5010 66.89
5011 66.89
5012 66.89
5013 66.89
5014 66.89
5015 66.89
5016 66.89
5017 66.89
5018 66.89
5019 66.89
5020 66.89
5021 66.89
5022 66.89
5023 66.89
5024 66.89
5025 66.89
5026 66.89
5027 66.89
5028 66.89
5029 66.89
5030 66.89
5031 66.89
5032 66.89
5033 66.89
5034 66.89
5035 66.89
5036 66.89
5037 66.89
5038 66.89
5039 66.89
5040 66.89
5041 66.89
5042 66.89
5043 66.89
5044 66.89
5045 66.89
5046 66.89
5047 66.89
5048 66.89
5049 66.89
5050 66.89
5051 66.89
5052 66.89
5053 66.89
5054 66.89
5055 66.89
5056 66.89
5057 66.89
5058 66.89
5059 66.89
5060 66.89
5061 66.89
5062 66.89
5063 66.89
5064 66.89
5065 66.89
5066 66.89
5067 66.89
5068 66.89
5069 66.89
5070 66.89
5071 66.89
5072 66.89
5073 66.89
5074 66.89
5075 66.89
5076 66.89
5077 66.89
5078 66.89
5079 66.89
5080 66.89
5081 66.89
5082 66.89
5083 66.89
5084 66.89
5085 66.89
5086 66.89
5087 66.89
5088 66.89
5089 66.89
5090 66.89
5091 66.89
5092 66.89
5093 66.89
5094 66.89
5095 66.89
5096 66.89
5097 66.89
5098 66.89
5099 66.89
5100 66.89
5101 66.89
5102 66.89
5103 66.89
5104 66.89
5105 66.89
5106 66.89
5107 66.89
5108 66.89
5109 66.89
5110 66.89
5111 66.89
5112 66.89
5113 66.89
5114 66.89
5115 66.89
5116 66.89
5117 66.89
5118 66.89
5119 66.89
5120 66.89
5121 66.89
5122 66.89
5123 66.89
5124 66.89
5125 66.89
5126 66.89
5127 66.89
5128 66.89
5129 66.89
5130 66.89
5131 66.89
5132 66.89
5133 66.89
5134 66.89
5135 66.89
5136 66.89
5137 66.89
5138 66.89
5139 66.89
5140 66.89
5141 66.89
5142 66.89
5143 66.89
5144 66.89
5145 66.89
5146 66.89
5147 66.89
5148 66.89
5149 66.89
5150 66.89
5151 66.89
5152 66.89
5153 66.89
5154 66.89
5155 66.89
5156 66.89
5157 66.89
5158 66.89
5159 66.89
5160 66.89
5161 66.89
5162 66.89
5163 66.89
5164 66.89
5165 66.89
5166 66.89
5167 66.89
5168 66.89
5169 66.89
5170 66.89
5171 66.89
5172 66.89
5173 66.89
5174 66.89
5175 66.89
5176 66.89
5177 66.89
5178 66.89
5179 66.89
5180 66.89
5181 66.89
5182 66.89
5183 66.89
5184 66.89
5185 66.89
5186 66.89
5187 66.89
5188 66.89
5189 66.89
5190 66.89
5191 66.89
5192 66.89
5193 66.89
5194 66.89
5195 66.89
5196 66.89
5197 66.89
5198 66.89
5199 66.89
5200 66.89
5201 66.89
5202 66.89
5203 66.89
5204 66.89
5205 66.89
5206 66.89
5207 66.89
5208 66.89
5209 66.89
5210 66.89
5211 66.89
5212 66.89
5213 66.89
5214 66.89
5215 66.89
5216 66.89
5217 66.89
5218 66.89
5219 66.89
5220 66.89
5221 66.89
5222 66.89
5223 66.89
5224 66.89
5225 66.89
5226 66.89
5227 66.89
5228 66.89
5229 66.89
5230 66.89
5231 66.89
5232 66.89
5233 66.89
5234 66.89
5235 66.89
5236 66.89
5237 66.89
5238 66.89
5239 66.89
5240 66.89
5241 66.89
5242 66.89
5243 66.89
5244 66.89
5245 66.89
5246 66.89
5247 66.89
5248 66.89
5249 66.89
5250 66.89
5251 66.89
5252 66.89
5253 66.89
5254 66.89
5255 66.89
5256 66.89
5257 66.89
5258 66.89
5259 66.89
5260 66.89
5261 66.89
5262 66.89
5263 66.89
5264 66.89
5265 66.89
5266 66.89
5267 66.89
5268 66.89
5269 66.89
5270 66.89
5271 66.89
5272 66.89
5273 66.89
5274 66.89
5275 66.89
5276 66.89
5277 66.89
5278 66.89
5279 66.89
5280 66.89
5281 66.89
5282 66.89
5283 66.89
5284 66.89
5285 66.89
5286 66.89
5287 66.89
5288 66.89
5289 66.89
5290 66.89
5291 66.89
5292 66.89
5293 66.89
5294 66.89
5295 66.89
5296 66.89
5297 66.89
5298 66.89
5299 66.89
5300 66.89
5301 66.89
5302 66.89
5303 66.89
5304 66.89
5305 66.89
5306 66.89
5307 66.89
5308 66.89
5309 66.89
5310 66.89
5311 66.89
5312 66.89
5313 66.89
5314 66.89
5315 66.89
5316 66.89
5317 66.89
5318 66.89
5319 66.89
5320 66.89
5321 66.89
5322 66.89
5323 66.89
5324 66.89
5325 66.89
5326 66.89
5327 66.89
5328 66.89
5329 66.89
5330 66.89
5331 66.89
5332 66.89
5333 66.89
5334 66.89
5335 66.89
5336 66.89
5337 66.89
5338 66.89
5339 66.89
5340 66.89
5341 66.89
5342 66.89
5343 66.89
5344 66.89
5345 66.89
5346 66.89
5347 66.89
5348 66.89
5349 66.89
5350 66.89
5351 66.89
5352 66.89
5353 66.89
5354 66.89
5355 66.89
5356 66.89
5357 66.89
5358 66.89
5359 66.89
5360 66.89
5361 66.89
5362 66.89
5363 66.89
5364 66.89
5365 66.89
5366 66.89
5367 66.89
5368 66.89
5369 66.89
5370 66.89
5371 66.89
5372 66.89
5373 66.89
5374 66.89
5375 66.89
5376 66.89
5377 66.89
5378 66.89
5379 66.89
5380 66.89
5381 66.89
5382 66.89
5383 66.89
5384 66.89
5385 66.89
5386 66.89
5387 66.89
5388 66.89
5389 66.89
5390 66.89
5391 66.89
5392 66.89
5393 66.89
5394 66.89
5395 66.89
5396 66.89
5397 66.89
5398 66.89
5399 66.89
5400 66.89
5401 66.89
5402 66.89
5403 66.89
5404 66.89
5405 66.89
5406 66.89
5407 66.89
5408 66.89
5409 66.89
5410 66.89
5411 66.89
5412 66.89
5413 66.89
5414 66.89
5415 66.89
5416 66.89
5417 66.89
5418 66.89
5419 66.89
5420 66.89
5421 66.89
5422 66.89
5423 66.89
5424 66.89
5425 66.89
5426 66.89
5427 66.89
5428 66.89
5429 66.89
5430 66.89
5431 66.89
5432 66.89
5433 66.89
5434 66.89
5435 66.89
5436 66.89
5437 66.89
5438 66.89
5439 66.89
5440 66.89
5441 66.89
5442 66.89
5443 66.89
5444 66.89
5445 66.89
5446 66.89
5447 66.89
5448 66.89
5449 66.89
5450 66.89
5451 66.89
5452 66.89
5453 66.89
5454 66.89
5455 66.89
5456 66.89
5457 66.89
5458 66.89
5459 66.89
5460 66.89
5461 66.89
5462 66.89
5463 66.89
5464 66.89
5465 66.89
5466 66.89
5467 66.89
5468 66.89
5469 66.89
5470 66.89
5471 66.89
5472 66.89
5473 66.89
5474 66.89
5475 66.89
5476 66.89
5477 66.89
5478 66.89
5479 66.89
5480 66.89
5481 66.89
5482 66.89
5483 66.89
5484 66.89
5485 66.89
5486 66.89
5487 66.89
5488 66.89
5489 66.89
5490 66.89
5491 66.89
5492 66.89
5493 66.89
5494 66.89
5495 66.89
5496 66.89
5497 66.89
5498 66.89
5499 66.89
5500 66.89
5501 66.89
5502 66.89
5503 66.89
5504 66.89
5505 66.89
5506 66.89
5507 66.89
5508 66.89
5509 66.89
5510 66.89
5511 66.89
5512 66.89
5513 66.89
5514 66.89
5515 66.89
5516 66.89
5517 66.89
5518 66.89
5519 66.89
5520 66.89
5521 66.89
5522 66.89
5523 66.89
5524 66.89
5525 66.89
5526 66.89
5527 66.89
5528 66.89
5529 66.89
5530 66.89
5531 66.89
5532 66.89
5533 66.89
5534 66.89
5535 66.89
5536 66.89
5537 66.89
5538 66.89
5539 66.89
5540 66.89
5541 66.89
5542 66.89
5543 66.89
5544 66.89
5545 66.89
5546 66.89
5547 66.89
5548 66.89
5549 66.89
5550 66.89
5551 66.89
5552 66.89
5553 66.89
5554 66.89
5555 66.89
5556 66.89
5557 66.89
5558 66.89
5559 66.89
5560 66.89
5561 66.89
5562 66.89
5563 66.89
5564 66.89
5565 66.89
5566 66.89
5567 66.89
5568 66.89
5569 66.89
5570 66.89
5571 66.89
5572 66.89
5573 66.89
5574 66.89
5575 66.89
5576 66.89
5577 66.89
5578 66.89
5579 66.89
5580 66.89
5581 66.89
5582 66.89
5583 66.89
5584 66.89
5585 66.89
5586 66.89
5587 66.89
5588 66.89
5589 66.89
5590 66.89
5591 66.89
5592 66.89
5593 66.89
5594 66.89
5595 66.89
5596 66.89
5597 66.89
5598 66.89
5599 66.89
5600 66.89
5601 66.89
5602 66.89
5603 66.89
5604 66.89
5605 66.89
5606 66.89
5607 66.89
5608 66.89
5609 66.89
5610 66.89
5611 66.89
5612 66.89
5613 66.89
5614 66.89
5615 66.89
5616 66.89
5617 66.89
5618 66.89
5619 66.89
5620 66.89
5621 66.89
5622 66.89
5623 66.89
5624 66.89
5625 66.89
5626 66.89
5627 66.89
5628 66.89
5629 66.89
5630 66.89
5631 66.89
5632 66.89
5633 66.89
5634 66.89
5635 66.89
5636 66.89
5637 66.89
5638 66.89
5639 66.89
5640 66.89
5641 66.89
5642 66.89
5643 66.89
5644 66.89
5645 66.89
5646 66.89
5647 66.89
5648 66.89
5649 66.89
5650 66.89
5651 66.89
5652 66.89
5653 66.89
5654 66.89
5655 66.89
5656 66.89
5657 66.89
5658 66.89
5659 66.89
5660 66.89
5661 66.89
5662 66.89
5663 66.89
5664 66.89
5665 66.89
5666 66.89
5667 66.89
5668 66.89
5669 66.89
5670 66.89
5671 66.89
5672 66.89
5673 66.89
5674 66.89
5675 66.89
5676 66.89
5677 66.89
5678 66.89
5679 66.89
5680 66.89
5681 66.89
5682 66.89
5683 66.89
5684 66.89
5685 66.89
5686 66.89
5687 66.89
5688 66.89
5689 66.89
5690 66.89
5691 66.89
5692 66.89
5693 66.89
5694 66.89
5695 66.89
5696 66.89
5697 66.89
5698 66.89
5699 66.89
5700 66.89
5701 66.89
5702 66.89
5703 66.89
5704 66.89
5705 66.89
5706 66.89
5707 66.89
5708 66.89
5709 66.89
5710 66.89
5711 66.89
5712 66.89
5713 66.89
5714 66.89
5715 66.89
5716 66.89
5717 66.89
5718 66.89
5719 66.89
5720 66.89
5721 66.89
5722 66.89
5723 66.89
5724 66.89
5725 66.89
5726 66.89
5727 66.89
5728 66.89
5729 66.89
5730 66.89
5731 66.89
5732 66.89
5733 66.89
5734 66.89
5735 66.89
5736 66.89
5737 66.89
5738 66.89
5739 66.89
5740 66.89
5741 66.89
5742 66.89
5743 66.89
5744 66.89
5745 66.89
5746 66.89
5747 66.89
5748 66.89
5749 66.89
5750 66.89
5751 66.89
5752 66.89
5753 66.89
5754 66.89
5755 66.89
5756 66.89
5757 66.89
5758 66.89
5759 66.89
5760 66.89
5761 66.89
5762 66.89
5763 66.89
5764 66.89
5765 66.89
5766 66.89
5767 66.89
5768 66.89
5769 66.89
5770 66.89
5771 66.89
5772 66.89
5773 66.89
5774 66.89
5775 66.89
5776 66.89
5777 66.89
5778 66.89
5779 66.89
5780 66.89
5781 66.89
5782 66.89
5783 66.89
5784 66.89
5785 66.89
5786 66.89
5787 66.89
5788 66.89
5789 66.89
5790 66.89
5791 66.89
5792 66.89
5793 66.89
5794 66.89
5795 66.89
5796 66.89
5797 66.89
5798 66.89
5799 66.89
5800 66.89
5801 66.89
5802 66.89
5803 66.89
5804 66.89
5805 66.89
5806 66.89
5807 66.89
5808 66.89
5809 66.89
5810 66.89
5811 66.89
5812 66.89
5813 66.89
5814 66.89
5815 66.89
5816 66.89
5817 66.89
5818 66.89
5819 66.89
5820 66.89
5821 66.89
5822 66.89
5823 66.89
5824 66.89
5825 66.89
5826 66.89
5827 66.89
5828 66.89
5829 66.89
5830 66.89
5831 66.89
5832 66.89
5833 66.89
5834 66.89
5835 66.89
5836 66.89
5837 66.89
5838 66.89
5839 66.89
5840 66.89
5841 66.89
5842 66.89
5843 66.89
5844 66.89
5845 66.89
5846 66.89
5847 66.89
5848 66.89
5849 66.89
5850 66.89
5851 66.89
5852 66.89
5853 66.89
5854 66.89
5855 66.89
5856 66.89
5857 66.89
5858 66.89
5859 66.89
5860 66.89
5861 66.89
5862 66.89
5863 66.89
5864 66.89
5865 66.89
5866 66.89
5867 66.89
5868 66.89
5869 66.89
5870 66.89
5871 66.89
5872 66.89
5873 66.89
5874 66.89
5875 66.89
5876 66.89
5877 66.89
5878 66.89
5879 66.89
5880 66.89
5881 66.89
5882 66.89
5883 66.89
5884 66.89
5885 66.89
5886 66.89
5887 66.89
5888 66.89
5889 66.89
5890 66.89
5891 66.89
5892 66.89
5893 66.89
5894 66.89
5895 66.89
5896 66.89
5897 66.89
5898 66.89
5899 66.89
5900 66.89
5901 66.89
5902 66.89
5903 66.89
5904 66.89
5905 66.89
5906 66.89
5907 66.89
5908 66.89
5909 66.89
5910 66.89
5911 66.89
5912 66.89
5913 66.89
5914 66.89
5915 66.89
5916 66.89
5917 66.89
5918 66.89
5919 66.89
5920 66.89
5921 66.89
5922 66.89
5923 66.89
5924 66.89
5925 66.89
5926 66.89
5927 66.89
5928 66.89
5929 66.89
5930 66.89
5931 66.89
5932 66.89
5933 66.89
5934 66.89
5935 66.89
5936 66.89
5937 66.89
5938 66.89
5939 66.89
5940 66.89
5941 66.89
5942 66.89
5943 66.89
5944 66.89
5945 66.89
5946 66.89
5947 66.89
5948 66.89
5949 66.89
5950 66.89
5951 66.89
5952 66.89
5953 66.89
5954 66.89
5955 66.89
5956 66.89
5957 66.89
5958 66.89
5959 66.89
5960 66.89
5961 66.89
5962 66.89
5963 66.89
5964 66.89
5965 66.89
5966 66.89
5967 66.89
5968 66.89
5969 66.89
5970 66.89
5971 66.89
5972 66.89
5973 66.89
5974 66.89
5975 66.89
5976 66.89
5977 66.89
5978 66.89
5979 66.89
5980 66.89
5981 66.89
5982 66.89
5983 66.89
5984 66.89
5985 66.89
5986 66.89
5987 66.89
5988 66.89
5989 66.89
5990 66.89
5991 66.89
5992 66.89
5993 66.89
5994 66.89
5995 66.89
5996 66.89
5997 66.89
5998 66.89
5999 66.89
