0 427.894
1 426.572
2 412.819
3 411.556
4 406.848
5 406.8
6 403.484
7 395.199
8 390.267
9 386.194
10 378.98
11 377.571
12 371.388
13 365.507
14 360.15
15 353.437
16 350.091
17 347.227
18 342.795
19 342.795
20 339.757
21 336.931
22 333.342
23 323.766
24 323.541
25 321.996
26 317.059
27 309.533
28 306.495
29 303.394
30 301.528
31 294.939
32 293.821
33 293.821
34 293.591
35 292.472
36 291.713
37 290.928
38 290.928
39 288.171
40 288.171
41 286.409
42 283.848
43 280.406
44 274.013
45 270.276
46 269.841
47 269.841
48 266.776
49 264.433
50 264.433
51 263.517
52 263.517
53 258.727
54 256.562
55 254.04
56 252.818
57 246.69
58 246.466
59 246.466
60 246.466
61 246.466
62 246.415
63 241.526
64 237.28
65 235.442
66 235.442
67 235.077
68 231.075
69 229.264
70 227.273
71 226.101
72 225.526
73 222.976
74 222.976
75 222.976
76 222.976
77 222.976
78 220.604
79 220.351
80 218.449
81 215.244
82 213.375
83 213.375
84 213.375
85 212.99
86 212.551
87 211.955
88 211.131
89 208.293
90 206.92
91 206.52
92 204.642
93 201.625
94 200.829
95 200.829
96 200.829
97 199.888
98 199.888
99 199.888
100 199.888
101 199.888
102 198.557
103 198.557
104 198.379
105 197.306
106 197.306
107 196.794
108 196.794
109 196.794
110 195.913
111 195.913
112 195.913
113 193.634
114 193.634
115 193.634
116 193.634
117 193.634
118 191.266
119 191.007
120 189.783
121 189.523
122 188.786
123 188.048
124 186.892
125 183.376
126 183.376
127 183.376
128 183.21
129 183.21
130 183.21
131 182.914
132 182.807
133 182.51
134 182.059
135 181.822
136 180.353
137 179.084
138 178.633
139 178.227
140 177.67
141 174.929
142 174.929
143 174.929
144 174.808
145 174.808
146 174.808
147 174.41
148 172.761
149 172.613
150 170.416
151 170.416
152 170.416
153 167.753
154 167.753
155 167.398
156 167.398
157 167.398
158 165.397
159 165.397
160 165.397
161 165.397
162 165.397
163 165.397
164 164.446
165 164.446
166 164.446
167 163.527
168 163.247
169 163.247
170 163.247
171 162.201
172 160.502
173 159.65
174 159.65
175 159.552
176 159.552
177 159.171
178 158.57
179 157.993
180 157.993
181 157.45
182 156.823
183 156.653
184 156.653
185 156.653
186 156.332
187 156.332
188 156.332
189 156.332
190 155.369
191 154.954
192 154.954
193 154.954
194 154.954
195 154.954
196 154.954
197 154.954
198 154.227
199 154.227
200 153.412
201 153.254
202 153.254
203 152.43
204 152.43
205 152.233
206 150.758
207 150.758
208 150.758
209 150.758
210 150.758
211 149.774
212 149.774
213 149.774
214 149.774
215 149.774
216 149.466
217 149.466
218 149.466
219 149.466
220 149.035
221 149.035
222 149.035
223 149.035
224 149.035
225 148.196
226 147.765
227 145.849
228 145.849
229 145.849
230 145.453
231 145.453
232 145.049
233 145.049
234 144.792
235 144.792
236 144.792
237 144.09
238 138.698
239 138.698
240 138.698
241 138.595
242 138.595
243 138.595
244 138.595
245 138.595
246 138.442
247 138.442
248 138.442
249 138.442
250 138.442
251 138.442
252 138.442
253 137.088
254 137.088
255 137.088
256 137.088
257 137.088
258 137.088
259 137.088
260 136.308
261 136.308
262 136.294
263 136.294
264 136.294
265 136.294
266 136.294
267 136.294
268 136.294
269 136.294
270 136.294
271 136.294
272 136.294
273 135.497
274 135.497
275 135.497
276 135.497
277 135.497
278 135.243
279 135.243
280 135.243
281 134.839
282 134.839
283 133.764
284 133.764
285 133.764
286 133.591
287 133.591
288 133.591
289 133.591
290 133.591
291 133.591
292 133.591
293 133.591
294 132.27
295 132.27
296 132.27
297 132.27
298 132.105
299 132.105
300 132.105
301 131.342
302 131.099
303 131.099
304 131.099
305 131.099
306 131.043
307 131.043
308 131.043
309 131.043
310 131.043
311 131.043
312 131.043
313 130.548
314 130.548
315 130.548
316 129.887
317 129.887
318 129.887
319 129.173
320 129.173
321 129.146
322 129.146
323 128.255
324 128.255
325 128.255
326 128.255
327 127.854
328 127.854
329 127.854
330 127.854
331 127.854
332 127.854
333 127.854
334 127.854
335 127.854
336 127.854
337 127.854
338 127.854
339 127.854
340 127.854
341 127.854
342 127.854
343 126.901
344 126.901
345 126.491
346 126.076
347 125.666
348 124.328
349 124.328
350 124.328
351 124.328
352 123.962
353 123.962
354 123.962
355 123.962
356 123.56
357 123.56
358 123.56
359 123.56
360 123.481
361 123.295
362 122.804
363 122.801
364 122.801
365 122.235
366 119.633
367 119.633
368 119.368
369 119.368
370 119.368
371 118.906
372 118.906
373 118.906
374 118.906
375 118.165
376 118.165
377 118.165
378 118.165
379 118.165
380 118.165
381 117.654
382 117.654
383 117.654
384 117.654
385 117.197
386 117.197
387 116.368
388 116.368
389 116.368
390 116.368
391 116.368
392 116.368
393 116.368
394 116.368
395 115.603
396 115.603
397 115.603
398 115.603
399 115.102
400 115.102
401 115.102
402 115.102
403 115.102
404 114.786
405 114.786
406 114.786
407 114.786
408 114.786
409 114.786
410 114.786
411 114.786
412 114.786
413 114.78
414 114.651
415 114.645
416 114.645
417 114.342
418 114.042
419 114.042
420 113.739
421 113.739
422 113.739
423 113.491
424 113.41
425 113.162
426 113.162
427 112.745
428 112.745
429 112.745
430 112.745
431 112.745
432 111.68
433 111.68
434 111.523
435 111.523
436 111.523
437 111.523
438 111.523
439 111.523
440 110.114
441 110.114
442 110.114
443 110.114
444 110.114
445 110.114
446 110.114
447 110.114
448 110.069
449 109.71
450 109.665
451 109.646
452 109.646
453 108.532
454 108.469
455 108.469
456 108.145
457 108.145
458 108.145
459 108.145
460 108.145
461 108.145
462 107.288
463 107.288
464 107.288
465 107.288
466 107.288
467 107.288
468 107.288
469 107.288
470 107.288
471 107.288
472 105.42
473 105.42
474 105.42
475 105.42
476 105.42
477 104.891
478 104.891
479 104.891
480 104.69
481 103.986
482 103.986
483 103.986
484 103.263
485 103.263
486 103.263
487 102.896
488 102.896
489 102.896
490 102.32
491 102.32
492 102.32
493 102.32
494 102.32
495 102.32
496 102.32
497 102.32
498 101.987
499 101.987
500 101.987
501 101.987
502 101.987
503 101.987
504 101.987
505 101.987
506 101.987
507 101.987
508 101.987
509 101.987
510 101.987
511 101.987
512 101.987
513 101.987
514 101.886
515 101.886
516 101.749
517 101.66
518 101.505
519 101.505
520 101.505
521 101.378
522 101.272
523 100.82
524 100.587
525 100.46
526 100.46
527 100.46
528 100.46
529 100.46
530 100.46
531 100.275
532 100.275
533 100.275
534 100.275
535 100.275
536 100.275
537 100.11
538 100.11
539 100.11
540 99.9724
541 99.9724
542 99.9724
543 99.9724
544 99.9724
545 99.9724
546 99.9724
547 99.9724
548 99.8282
549 99.8282
550 99.8282
551 99.8282
552 99.8282
553 99.2912
554 98.6048
555 98.6048
556 98.6048
557 98.6048
558 98.6048
559 98.6048
560 98.6048
561 98.6048
562 98.6048
563 98.6048
564 98.6048
565 98.6048
566 98.6048
567 98.6048
568 98.6048
569 98.6048
570 98.6048
571 98.6048
572 98.3213
573 98.3213
574 98.1687
575 98.1687
576 98.1687
577 98.1687
578 98.1687
579 98.1687
580 98.1687
581 98.1687
582 98.1687
583 98.1687
584 98.1687
585 98.1687
586 98.1687
587 98.1687
588 98.1687
589 98.1687
590 98.1687
591 98.1687
592 98.1687
593 98.1687
594 98.1687
595 98.1687
596 98.1687
597 98.1687
598 98.1687
599 98.1687
600 98.1687
601 98.0361
602 98.0361
603 98.0361
604 98.0361
605 96.9515
606 96.9515
607 96.9515
608 96.9515
609 96.9515
610 96.9515
611 96.9515
612 96.9515
613 96.9515
614 96.771
615 96.771
616 96.771
617 96.771
618 96.771
619 96.3922
620 96.3922
621 96.3922
622 96.3922
623 96.3922
624 96.3922
625 96.3922
626 96.3922
627 96.3922
628 96.3922
629 96.3922
630 96.2036
631 96.2036
632 95.7689
633 95.7689
634 95.7689
635 95.7689
636 95.7689
637 95.7689
638 95.7689
639 95.7689
640 95.0411
641 95.0411
642 94.546
643 94.546
644 94.546
645 93.3168
646 93.3168
647 93.3168
648 93.3168
649 93.3168
650 93.2704
651 93.2704
652 93.2704
653 93.2704
654 93.2704
655 93.2704
656 93.2704
657 93.2704
658 93.228
659 93.228
660 93.228
661 93.228
662 93.228
663 93.228
664 93.228
665 93.228
666 93.228
667 93.228
668 93.228
669 93.228
670 93.228
671 93.228
672 93.228
673 93.228
674 93.228
675 93.228
676 93.228
677 93.228
678 93.228
679 93.228
680 93.228
681 93.228
682 93.228
683 93.228
684 93.228
685 93.228
686 93.228
687 93.228
688 93.228
689 93.228
690 93.228
691 93.228
692 93.228
693 93.228
694 93.228
695 93.228
696 93.228
697 93.228
698 93.228
699 93.228
700 93.228
701 93.228
702 93.228
703 93.228
704 93.228
705 93.228
706 93.228
707 93.228
708 93.1717
709 93.1717
710 93.1717
711 93.1717
712 93.1717
713 93.1717
714 92.7236
715 92.7236
716 92.7236
717 92.7236
718 92.7236
719 92.7236
720 92.7236
721 92.7236
722 92.7236
723 92.7236
724 92.7236
725 92.7236
726 92.7236
727 92.7236
728 92.7236
729 92.7236
730 92.7236
731 92.7236
732 92.7236
733 92.7236
734 92.7236
735 92.7236
736 92.7236
737 92.7236
738 92.7236
739 92.65
740 92.65
741 92.65
742 92.65
743 92.65
744 92.65
745 92.65
746 92.65
747 92.65
748 92.65
749 92.5084
750 92.5084
751 92.5084
752 92.5084
753 92.5084
754 92.5084
755 92.5084
756 92.4783
757 92.4783
758 92.4783
759 92.4783
760 92.4783
761 92.4783
762 92.4783
763 92.4783
764 92.4783
765 92.4783
766 92.4783
767 92.4783
768 90.8541
769 90.8541
770 90.8541
771 90.8541
772 90.8541
773 90.8541
774 90.8541
775 90.8541
776 90.8541
777 90.8541
778 90.8541
779 90.8541
780 90.8541
781 90.8541
782 90.8541
783 90.8541
784 90.8541
785 90.8541
786 90.8541
787 90.8541
788 90.8541
789 90.118
790 90.118
791 89.9153
792 89.9153
793 89.9153
794 89.9153
795 89.9153
796 89.9153
797 89.9153
798 89.9153
799 89.9153
800 89.9153
801 89.9153
802 89.9153
803 89.9153
804 89.9153
805 89.9153
806 89.9153
807 89.9153
808 89.9153
809 89.9153
810 89.9153
811 89.9153
812 89.9153
813 89.9153
814 89.9153
815 89.9153
816 89.9153
817 89.9153
818 89.9153
819 89.9153
820 89.9153
821 89.9153
822 89.9153
823 89.9153
824 89.9153
825 89.9153
826 89.5227
827 89.5227
828 89.5227
829 89.5227
830 89.5227
831 89.0706
832 89.0706
833 89.0706
834 89.0706
835 89.0706
836 89.0706
837 89.0706
838 89.0706
839 89.0706
840 88.7803
841 88.7803
842 88.4062
843 88.4062
844 88.1159
845 88.1159
846 88.1159
847 88.1159
848 88.1159
849 88.1159
850 88.1159
851 88.1159
852 88.1159
853 88.1159
854 88.1159
855 88.1159
856 88.1159
857 88.1159
858 88.1159
859 88.1159
860 88.1159
861 88.1159
862 88.1159
863 88.1159
864 88.1159
865 88.1159
866 88.1159
867 88.1159
868 87.8212
869 87.8212
870 87.8212
871 87.8212
872 87.8212
873 87.8212
874 87.8212
875 87.8212
876 87.8212
877 87.8212
878 87.8212
879 87.8212
880 87.8212
881 87.8212
882 87.8212
883 87.8212
884 87.8212
885 87.8212
886 87.8212
887 87.8212
888 87.8212
889 87.8212
890 87.8212
891 87.8212
892 87.8212
893 87.8212
894 87.8212
895 87.8212
896 87.8212
897 87.8212
898 87.8212
899 87.8212
900 87.8212
901 87.8212
902 87.8212
903 87.8212
904 87.8212
905 87.8212
906 87.8212
907 87.8212
908 87.8212
909 87.8212
910 87.8212
911 87.8212
912 87.8212
913 87.8212
914 87.8212
915 87.8212
916 87.8212
917 87.8212
918 87.8212
919 87.8212
920 87.8212
921 87.8212
922 87.8212
923 87.8212
924 87.188
925 87.188
926 87.188
927 87.188
928 87.188
929 87.1238
930 87.0213
931 87.0213
932 87.0213
933 87.0213
934 87.0213
935 87.0213
936 87.0213
937 87.0213
938 87.0213
939 87.0213
940 87.0213
941 87.0213
942 87.0213
943 87.0213
944 87.0213
945 87.0213
946 87.0213
947 87.0213
948 87.0213
949 87.0213
950 86.8092
951 86.8092
952 86.8092
953 86.8092
954 86.8092
955 86.8092
956 86.8092
957 86.8092
958 86.8092
959 86.8092
960 86.8092
961 86.8092
962 86.4967
963 86.4967
964 86.4967
965 86.4967
966 86.4967
967 86.4967
968 86.4967
969 86.4967
970 86.4742
971 86.4742
972 86.4742
973 86.4742
974 86.4742
975 86.4742
976 86.4742
977 86.4742
978 86.4742
979 86.4742
980 86.4742
981 86.4742
982 86.4742
983 86.4742
984 86.4742
985 86.4742
986 86.4742
987 86.4742
988 86.4742
989 86.4742
990 86.4742
991 86.4742
992 86.4742
993 86.4742
994 86.4742
995 86.4742
996 86.4742
997 86.4742
998 86.4742
999 86.4742
1000 86.4742
1001 86.4742
1002 86.4742
1003 86.4742
1004 86.4742
1005 86.4742
1006 86.4742
1007 86.4742
1008 86.4742
1009 86.4742
1010 86.4742
1011 86.4742
1012 86.4742
1013 86.4742
1014 86.4742
1015 86.4742
1016 86.4742
1017 86.4742
1018 86.4742
1019 86.4742
1020 86.4742
1021 86.4742
1022 86.4742
1023 86.4742
1024 86.4742
1025 86.4742
1026 86.4742
1027 86.4742
1028 86.4742
1029 86.4742
1030 86.4742
1031 86.4742
1032 86.4742
1033 86.4742
1034 86.4742
1035 86.4742
1036 86.4742
1037 86.4742
1038 86.4742
1039 86.4742
1040 86.4742
1041 86.4742
1042 86.4742
1043 86.4742
1044 86.4742
1045 86.4742
1046 86.4742
1047 86.4742
1048 86.4742
1049 86.4742
1050 86.4742
1051 86.4742
1052 86.4742
1053 86.4742
1054 86.4742
1055 86.4742
1056 86.4742
1057 86.4742
1058 86.4742
1059 86.4742
1060 86.4742
1061 86.4742
1062 86.4742
1063 86.4742
1064 86.4742
1065 86.4742
1066 86.4742
1067 86.4742
1068 86.4742
1069 86.4742
1070 86.4742
1071 86.4742
1072 86.4742
1073 86.4432
1074 86.4432
1075 86.4432
1076 86.4432
1077 86.4432
1078 86.4432
1079 86.4432
1080 86.4432
1081 86.4432
1082 86.4432
1083 86.4432
1084 86.4432
1085 86.4432
1086 86.4432
1087 86.4432
1088 86.4432
1089 86.4432
1090 86.4432
1091 86.4432
1092 86.4432
1093 86.4432
1094 86.4432
1095 86.4432
1096 86.4432
1097 86.409
1098 86.409
1099 86.409
1100 86.409
1101 86.409
1102 86.409
1103 86.409
1104 86.409
1105 86.409
1106 86.409
1107 86.409
1108 86.409
1109 86.409
1110 86.409
1111 86.409
1112 86.409
1113 86.409
1114 86.409
1115 86.409
1116 86.409
1117 86.409
1118 86.409
1119 85.7824
1120 85.7824
1121 85.7824
1122 85.7824
1123 85.7824
1124 85.7824
1125 85.7824
1126 85.7824
1127 85.7824
1128 85.7824
1129 85.7824
1130 85.7824
1131 85.7824
1132 85.7824
1133 85.7824
1134 85.7824
1135 85.7824
1136 85.7824
1137 85.7824
1138 85.7824
1139 85.7824
1140 85.7824
1141 85.7824
1142 85.7824
1143 85.7824
1144 85.7824
1145 85.7824
1146 85.7456
1147 85.7456
1148 85.7456
1149 85.7456
1150 85.7456
1151 85.7456
1152 85.7456
1153 85.7456
1154 83.54
1155 83.54
1156 83.54
1157 83.54
1158 83.54
1159 83.54
1160 83.54
1161 83.54
1162 83.54
1163 83.54
1164 83.54
1165 83.54
1166 83.54
1167 83.54
1168 83.54
1169 83.54
1170 83.54
1171 83.54
1172 83.54
1173 83.54
1174 83.54
1175 83.54
1176 83.54
1177 83.54
1178 83.54
1179 83.54
1180 83.54
1181 83.54
1182 83.54
1183 83.54
1184 83.54
1185 83.54
1186 83.54
1187 83.54
1188 83.54
1189 83.54
1190 83.54
1191 83.54
1192 83.54
1193 83.54
1194 83.54
1195 83.54
1196 83.54
1197 83.54
1198 83.54
1199 83.54
1200 83.54
1201 83.54
1202 83.54
1203 83.54
1204 83.54
1205 83.54
1206 83.54
1207 83.54
1208 83.54
1209 83.54
1210 83.54
1211 83.54
1212 83.54
1213 83.54
1214 83.54
1215 83.54
1216 83.54
1217 83.54
1218 83.54
1219 83.54
1220 83.54
1221 83.0339
1222 83.0339
1223 83.0339
1224 83.0339
1225 83.0339
1226 83.0339
1227 83.0339
1228 83.0339
1229 83.0339
1230 83.0339
1231 83.0339
1232 83.0339
1233 83.0339
1234 83.0339
1235 83.0339
1236 83.0339
1237 83.0339
1238 83.0339
1239 83.0339
1240 83.0339
1241 83.0339
1242 83.0339
1243 83.0339
1244 83.0339
1245 83.0339
1246 83.0339
1247 81.8015
1248 81.3725
1249 79.3958
1250 79.3958
1251 78.816
1252 78.816
1253 78.816
1254 78.816
1255 78.816
1256 78.816
1257 78.816
1258 78.816
1259 78.816
1260 78.816
1261 78.816
1262 78.816
1263 78.816
1264 78.816
1265 78.816
1266 78.816
1267 78.816
1268 78.816
1269 78.816
1270 78.816
1271 78.816
1272 78.816
1273 78.816
1274 78.816
1275 78.816
1276 78.816
1277 78.816
1278 78.816
1279 78.816
1280 78.816
1281 78.816
1282 78.816
1283 78.816
1284 78.816
1285 78.816
1286 78.816
1287 78.816
1288 78.816
1289 78.816
1290 78.816
1291 78.816
1292 78.816
1293 78.816
1294 78.816
1295 78.816
1296 78.816
1297 78.816
1298 78.816
1299 78.816
1300 78.816
1301 78.816
1302 78.816
1303 78.816
1304 78.816
1305 78.816
1306 78.816
1307 78.816
1308 78.816
1309 78.816
1310 78.816
1311 78.816
1312 78.816
1313 78.816
1314 78.816
1315 78.816
1316 78.816
1317 78.816
1318 78.816
1319 78.816
1320 78.816
1321 78.7612
1322 78.7612
1323 78.7612
1324 78.7612
1325 78.7612
1326 78.7612
1327 78.7612
1328 78.7612
1329 78.7612
1330 78.7612
1331 78.7612
1332 78.7612
1333 78.7612
1334 78.7612
1335 78.7612
1336 78.7612
1337 78.7612
1338 78.7612
1339 78.7612
1340 78.7612
1341 78.7612
1342 78.7612
1343 78.7612
1344 78.7612
1345 78.7612
1346 78.7612
1347 78.7612
1348 78.7612
1349 78.7612
1350 78.7612
1351 78.7612
1352 78.7612
1353 78.7612
1354 78.7612
1355 78.7612
1356 78.7612
1357 78.7612
1358 78.7612
1359 78.7612
1360 78.7612
1361 78.7612
1362 78.7612
1363 78.7612
1364 78.7612
1365 78.7612
1366 78.7612
1367 78.7612
1368 78.7612
1369 78.7612
1370 78.7612
1371 78.7612
1372 78.7612
1373 78.7612
1374 78.7612
1375 78.7612
1376 78.7612
1377 78.7612
1378 78.7612
1379 78.7612
1380 78.7612
1381 78.7612
1382 78.7612
1383 78.7612
1384 78.7612
1385 78.7612
1386 78.7612
1387 78.7612
1388 78.7612
1389 78.7612
1390 78.7612
1391 78.7612
1392 78.7612
1393 78.7612
1394 78.7612
1395 78.7612
1396 78.7612
1397 78.7612
1398 78.7612
1399 78.7612
1400 78.7612
1401 78.7612
1402 78.7612
1403 78.7612
1404 78.7612
1405 78.7612
1406 78.7612
1407 78.7612
1408 78.7612
1409 78.7612
1410 78.7612
1411 78.7612
1412 78.7612
1413 78.7612
1414 78.7612
1415 78.7612
1416 78.7612
1417 78.7612
1418 78.7612
1419 78.7612
1420 78.7612
1421 78.7612
1422 78.7612
1423 78.7612
1424 78.7612
1425 78.7612
1426 78.7612
1427 78.7612
1428 78.7612
1429 78.7612
1430 78.7612
1431 78.7612
1432 78.7612
1433 78.7612
1434 78.7612
1435 78.7612
1436 78.7612
1437 78.7612
1438 78.7612
1439 78.7612
1440 78.7612
1441 78.7612
1442 78.7612
1443 78.7612
1444 78.7612
1445 78.7612
1446 78.7612
1447 78.7612
1448 78.7612
1449 78.7612
1450 78.7612
1451 78.7612
1452 78.7612
1453 78.7612
1454 78.7612
1455 78.7612
1456 78.7612
1457 78.7612
1458 78.7612
1459 78.7612
1460 78.7612
1461 78.7612
1462 78.7612
1463 78.7612
1464 78.7612
1465 78.7612
1466 78.7612
1467 78.7612
1468 78.7612
1469 78.7612
1470 78.7612
1471 78.7612
1472 78.7612
1473 78.7612
1474 78.7612
1475 78.7612
1476 78.7612
1477 78.7612
1478 78.7612
1479 78.7612
1480 78.7612
1481 78.7612
1482 78.7612
1483 78.7612
1484 78.7612
1485 78.7612
1486 78.7612
1487 78.7612
1488 78.7612
1489 78.7612
1490 78.7612
1491 78.7612
1492 78.7612
1493 78.7612
1494 78.7612
1495 78.7612
1496 78.7612
1497 78.7612
1498 78.7612
1499 78.7612
1500 78.7612
1501 78.7612
1502 78.7612
1503 78.7612
1504 78.7612
1505 78.7612
1506 78.7612
1507 78.7612
1508 78.7612
1509 78.7612
1510 78.7612
1511 78.7612
1512 78.7612
1513 78.7612
1514 78.7612
1515 78.7612
1516 78.7612
1517 78.7612
1518 78.7612
1519 77.9766
1520 77.9766
1521 77.9766
1522 77.9766
1523 77.9766
1524 77.9766
1525 77.9766
1526 77.9766
1527 77.9766
1528 77.9766
1529 77.9766
1530 77.9766
1531 77.9766
1532 77.9766
1533 77.9766
1534 77.9766
1535 77.9766
1536 77.9766
1537 77.9766
1538 77.9766
1539 77.9766
1540 77.9766
1541 77.9766
1542 77.9766
1543 77.9766
1544 77.9766
1545 77.9766
1546 77.7493
1547 77.7493
1548 77.7493
1549 77.7493
1550 77.3619
1551 77.3619
1552 77.3619
1553 76.9127
1554 76.9127
1555 76.9127
1556 76.9127
1557 76.9127
1558 76.9127
1559 76.9127
1560 76.9127
1561 76.9127
1562 76.9127
1563 76.9127
1564 76.9127
1565 76.9127
1566 76.9127
1567 76.9127
1568 76.9127
1569 76.9127
1570 76.9127
1571 76.9127
1572 76.9127
1573 76.9127
1574 76.9127
1575 76.9127
1576 76.9127
1577 76.664
1578 76.664
1579 76.664
1580 76.664
1581 76.664
1582 76.664
1583 76.664
1584 76.664
1585 76.664
1586 76.664
1587 76.664
1588 76.664
1589 76.664
1590 76.664
1591 76.6575
1592 76.6575
1593 76.6575
1594 76.6575
1595 76.6575
1596 76.6575
1597 76.6575
1598 76.6575
1599 76.6575
1600 76.6575
1601 76.6575
1602 76.6575
1603 76.6575
1604 76.6575
1605 76.6575
1606 76.6575
1607 76.6575
1608 76.6575
1609 76.6575
1610 76.6575
1611 76.6575
1612 76.6575
1613 76.6575
1614 76.6575
1615 76.5274
1616 76.5274
1617 76.5274
1618 76.5274
1619 76.5274
1620 76.5274
1621 76.5274
1622 76.5274
1623 76.5274
1624 76.5274
1625 76.5274
1626 76.5274
1627 76.5274
1628 76.5274
1629 76.5274
1630 76.5274
1631 76.5274
1632 76.5274
1633 76.5274
1634 76.5274
1635 76.5274
1636 76.5274
1637 76.5274
1638 76.5274
1639 76.5274
1640 76.4715
1641 76.4715
1642 76.4715
1643 76.4715
1644 76.4715
1645 76.4715
1646 76.4715
1647 76.4715
1648 76.4715
1649 76.4715
1650 76.4715
1651 76.4715
1652 76.4715
1653 76.4715
1654 76.4715
1655 76.4715
1656 76.4715
1657 76.4715
1658 76.4715
1659 76.4715
1660 76.4715
1661 76.4715
1662 76.4715
1663 76.4715
1664 76.4715
1665 76.4715
1666 76.4715
1667 76.4715
1668 76.4715
1669 76.4715
1670 76.4715
1671 76.4715
1672 76.4715
1673 76.4715
1674 76.4715
1675 76.4715
1676 76.4715
1677 76.4715
1678 76.4715
1679 76.4715
1680 76.4715
1681 76.4715
1682 76.4715
1683 76.4715
1684 76.4715
1685 76.4715
1686 76.4715
1687 76.4715
1688 76.4715
1689 76.4715
1690 76.4715
1691 76.4715
1692 76.4715
1693 76.4715
1694 76.4715
1695 76.4715
1696 76.4715
1697 76.4715
1698 76.4715
1699 76.4715
1700 76.4715
1701 76.4715
1702 76.4715
1703 76.4715
1704 76.4715
1705 76.4715
1706 76.4715
1707 76.4715
1708 76.4715
1709 76.4715
1710 76.4715
1711 76.4715
1712 76.4715
1713 76.4715
1714 76.4715
1715 76.4715
1716 76.4715
1717 76.4715
1718 76.4715
1719 76.4715
1720 76.4715
1721 76.4715
1722 76.4715
1723 76.4715
1724 76.4715
1725 76.4715
1726 76.4715
1727 76.4715
1728 76.4715
1729 76.4715
1730 76.4715
1731 76.4715
1732 76.4715
1733 76.4715
1734 76.4715
1735 76.4715
1736 76.4715
1737 76.4715
1738 76.4715
1739 76.4715
1740 76.4715
1741 76.4715
1742 76.4715
1743 76.4715
1744 76.4715
1745 76.4715
1746 76.4715
1747 76.4715
1748 76.4715
1749 76.4715
1750 76.4715
1751 76.4715
1752 76.4715
1753 76.4715
1754 76.4715
1755 76.4715
1756 76.4715
1757 76.4715
1758 76.4715
1759 76.4715
1760 76.4715
1761 76.4715
1762 76.4715
1763 76.4715
1764 76.4715
1765 76.4715
1766 76.4715
1767 76.4715
1768 76.4715
1769 76.4715
1770 76.4715
1771 76.4715
1772 76.4715
1773 76.4715
1774 76.4715
1775 76.4715
1776 76.4715
1777 76.4715
1778 76.4715
1779 76.4715
1780 76.3638
1781 76.3638
1782 76.3638
1783 76.3638
1784 76.3638
1785 76.3638
1786 76.3638
1787 76.3638
1788 76.3638
1789 76.3638
1790 76.3638
1791 76.3638
1792 76.3638
1793 76.3638
1794 76.3638
1795 76.3638
1796 76.3638
1797 76.3638
1798 76.3638
1799 76.3638
1800 76.3638
1801 76.3638
1802 76.3638
1803 76.3638
1804 76.3638
1805 76.3638
1806 76.3638
1807 76.3638
1808 76.3638
1809 76.3638
1810 76.3638
1811 76.3638
1812 76.3638
1813 76.3638
1814 76.3638
1815 76.3638
1816 76.3638
1817 76.3638
1818 76.3638
1819 76.3638
1820 76.3638
1821 76.3638
1822 76.3638
1823 76.3638
1824 76.3638
1825 76.3638
1826 76.3638
1827 76.3638
1828 76.3638
1829 76.3638
1830 76.3638
1831 76.3638
1832 76.3638
1833 76.3638
1834 76.3638
1835 76.3638
1836 76.3638
1837 76.3638
1838 76.3638
1839 76.3638
1840 76.3638
1841 76.3638
1842 76.3638
1843 76.3638
1844 76.3638
1845 76.3638
1846 76.3638
1847 76.3638
1848 76.3638
1849 76.3638
1850 76.3638
1851 76.3638
1852 76.3638
1853 76.3638
1854 76.3638
1855 76.3638
1856 76.3638
1857 76.3638
1858 76.3638
1859 76.3638
1860 76.3638
1861 76.3638
1862 76.3638
1863 76.3638
1864 76.3638
1865 75.675
1866 75.675
1867 75.675
1868 75.675
1869 75.675
1870 75.675
1871 75.675
1872 75.675
1873 75.675
1874 75.675
1875 75.675
1876 75.675
1877 75.675
1878 75.675
1879 75.675
1880 75.675
1881 75.675
1882 75.675
1883 75.675
1884 75.675
1885 75.675
1886 75.675
1887 75.675
1888 75.675
1889 75.675
1890 75.675
1891 75.675
1892 75.675
1893 75.675
1894 75.675
1895 75.675
1896 75.675
1897 75.675
1898 75.675
1899 75.675
1900 75.675
1901 75.675
1902 75.675
1903 75.675
1904 75.675
1905 75.675
1906 75.675
1907 75.675
1908 75.675
1909 75.675
1910 75.675
1911 75.675
1912 75.675
1913 75.675
1914 75.675
1915 75.675
1916 75.675
1917 75.675
1918 75.675
1919 75.675
1920 75.675
1921 75.675
1922 75.675
1923 75.675
1924 75.675
1925 75.675
1926 75.675
1927 75.675
1928 75.675
1929 75.675
1930 75.675
1931 75.675
1932 75.675
1933 75.675
1934 75.675
1935 75.675
1936 75.675
1937 75.675
1938 75.675
1939 75.675
1940 75.675
1941 75.675
1942 75.675
1943 75.675
1944 75.675
1945 75.675
1946 75.675
1947 75.675
1948 75.675
1949 75.675
1950 75.675
1951 75.675
1952 75.675
1953 75.675
1954 75.675
1955 75.675
1956 75.675
1957 75.675
1958 75.675
1959 75.675
1960 75.675
1961 75.675
1962 75.675
1963 75.675
1964 75.675
1965 75.675
1966 75.675
1967 75.675
1968 75.675
1969 75.675
1970 75.675
1971 75.675
1972 75.675
1973 75.675
1974 75.675
1975 75.675
1976 75.675
1977 75.675
1978 75.675
1979 75.675
1980 75.675
1981 75.675
1982 75.675
1983 75.675
1984 75.675
1985 75.675
1986 75.675
1987 75.675
1988 75.675
1989 75.675
1990 75.675
1991 75.675
1992 75.675
1993 75.675
1994 75.675
1995 75.675
1996 75.675
1997 75.675
1998 75.675
1999 75.675
2000 75.675
2001 75.675
2002 75.675
2003 75.675
2004 75.675
2005 75.675
2006 75.675
2007 75.675
2008 75.675
2009 75.675
2010 75.675
2011 75.675
2012 75.675
2013 75.675
2014 75.675
2015 75.675
2016 75.675
2017 75.675
2018 75.675
2019 75.675
2020 75.675
2021 75.675
2022 75.675
2023 75.675
2024 75.675
2025 75.675
2026 75.675
2027 75.675
2028 75.675
2029 75.675
2030 75.675
2031 75.675
2032 75.675
2033 75.675
2034 75.675
2035 75.675
2036 75.675
2037 75.675
2038 75.675
2039 75.675
2040 75.675
2041 75.675
2042 75.675
2043 75.675
2044 75.675
2045 75.675
2046 75.675
2047 75.675
2048 75.675
2049 75.675
2050 75.675
2051 75.675
2052 75.675
2053 75.675
2054 75.675
2055 75.675
2056 75.675
2057 75.675
2058 75.675
2059 75.675
2060 75.675
2061 75.675
2062 75.3692
2063 75.3692
2064 75.3692
2065 75.3692
2066 75.3692
2067 75.3692
2068 75.3692
2069 75.3692
2070 75.3692
2071 75.3692
2072 75.3692
2073 75.3692
2074 75.3692
2075 75.3692
2076 75.3692
2077 75.3692
2078 75.3692
2079 75.3692
2080 75.3692
2081 75.3692
2082 75.3692
2083 74.9778
2084 74.9778
2085 74.9778
2086 74.9778
2087 74.9778
2088 74.9778
2089 74.9778
2090 74.9778
2091 74.9778
2092 74.9778
2093 74.9778
2094 74.9778
2095 74.9778
2096 74.9778
2097 74.9778
2098 74.9778
2099 74.9778
2100 74.9778
2101 74.9778
2102 74.9778
2103 74.9778
2104 74.9778
2105 74.9778
2106 74.9778
2107 74.9778
2108 74.9778
2109 74.9778
2110 74.9778
2111 74.9778
2112 74.9778
2113 74.9778
2114 74.9778
2115 74.9778
2116 74.9778
2117 74.9778
2118 74.9778
2119 74.9778
2120 74.9778
2121 74.9778
2122 74.9778
2123 74.9778
2124 74.9778
2125 74.9778
2126 74.9778
2127 74.9778
2128 74.8461
2129 74.8461
2130 74.8461
2131 74.8461
2132 74.8461
2133 74.8461
2134 74.8461
2135 74.8461
2136 74.8461
2137 74.8461
2138 74.8461
2139 74.8461
2140 74.8461
2141 74.8461
2142 74.8461
2143 74.8461
2144 74.8461
2145 74.8461
2146 74.8461
2147 74.8461
2148 74.8461
2149 74.8461
2150 74.8461
2151 74.8461
2152 74.8461
2153 74.8461
2154 74.8461
2155 74.8461
2156 74.8461
2157 74.8461
2158 74.8461
2159 74.8461
2160 74.8461
2161 74.8461
2162 74.8461
2163 74.8461
2164 74.8461
2165 74.8461
2166 74.8461
2167 74.8461
2168 74.8461
2169 74.8461
2170 74.8461
2171 74.8461
2172 74.8461
2173 74.8461
2174 74.8461
2175 74.8461
2176 74.8461
2177 74.8461
2178 74.8461
2179 74.8461
2180 74.8461
2181 74.8461
2182 74.8461
2183 74.8461
2184 74.8461
2185 74.8461
2186 74.8461
2187 74.8461
2188 74.8461
2189 74.8461
2190 74.8461
2191 74.8461
2192 74.8461
2193 74.8461
2194 74.8461
2195 74.8461
2196 74.8461
2197 74.8461
2198 74.8461
2199 74.8461
2200 74.8461
2201 74.8461
2202 74.8461
2203 74.7698
2204 74.7698
2205 74.7698
2206 74.7698
2207 74.7698
2208 74.7698
2209 74.7698
2210 74.7698
2211 74.7698
2212 74.7698
2213 74.7698
2214 74.7698
2215 74.7698
2216 74.7698
2217 74.7698
2218 74.7698
2219 74.7698
2220 74.7698
2221 74.7698
2222 74.7698
2223 74.7698
2224 74.7698
2225 74.7698
2226 74.7698
2227 74.7698
2228 74.7698
2229 74.7698
2230 74.7698
2231 74.7698
2232 74.7698
2233 74.7698
2234 74.7698
2235 74.7698
2236 74.7698
2237 74.7698
2238 74.7698
2239 74.7698
2240 74.7698
2241 74.7698
2242 74.7698
2243 74.4179
2244 74.4179
2245 74.4179
2246 74.4179
2247 74.4179
2248 74.4179
2249 74.4179
2250 74.4179
2251 74.4179
2252 74.4179
2253 74.4179
2254 74.4179
2255 74.4179
2256 74.4179
2257 74.4179
2258 74.4179
2259 74.4179
2260 74.4179
2261 74.4179
2262 74.4179
2263 74.4179
2264 74.4179
2265 74.4179
2266 74.4179
2267 74.4179
2268 74.4179
2269 74.4179
2270 74.4179
2271 74.4179
2272 74.4179
2273 74.4179
2274 74.4179
2275 74.4179
2276 74.4179
2277 74.4179
2278 74.4179
2279 74.4179
2280 74.4179
2281 74.4179
2282 74.4179
2283 74.4179
2284 74.4179
2285 74.4179
2286 74.4179
2287 74.4179
2288 74.4179
2289 74.4179
2290 74.4179
2291 74.4179
2292 74.4179
2293 74.4179
2294 74.4179
2295 74.4179
2296 74.4179
2297 74.4179
2298 74.4179
2299 74.4179
2300 74.4179
2301 74.4179
2302 74.4179
2303 74.4179
2304 74.4179
2305 74.4179
2306 74.4179
2307 74.4179
2308 74.4179
2309 74.4179
2310 74.4179
2311 74.4179
2312 74.4179
2313 74.4179
2314 74.4179
2315 74.4179
2316 74.4179
2317 74.4179
2318 74.4179
2319 74.4179
2320 74.4179
2321 74.4179
2322 74.4179
2323 74.4179
2324 74.4179
2325 74.4179
2326 74.4179
2327 74.4179
2328 74.4179
2329 74.4179
2330 74.4179
2331 74.4179
2332 74.4179
2333 74.4179
2334 74.4179
2335 74.4179
2336 74.4179
2337 74.4179
2338 74.4179
2339 74.4179
2340 74.4179
2341 74.4179
2342 74.4179
2343 74.4179
2344 74.4179
2345 74.4179
2346 74.4179
2347 74.4179
2348 74.4179
2349 74.4179
2350 74.4179
2351 74.4179
2352 74.1219
2353 74.1219
2354 74.1219
2355 74.1219
2356 74.1219
2357 74.1219
2358 74.1219
2359 74.1219
2360 74.1219
2361 74.1219
2362 74.1219
2363 74.1219
2364 74.1219
2365 74.1219
2366 74.1219
2367 74.1219
2368 74.1219
2369 74.1219
2370 74.1219
2371 74.1219
2372 74.1219
2373 74.1219
2374 74.1219
2375 74.1219
2376 74.1219
2377 74.1219
2378 74.1219
2379 74.1219
2380 74.1219
2381 74.1219
2382 74.1219
2383 74.1219
2384 74.1219
2385 74.1219
2386 74.1219
2387 74.1219
2388 74.1219
2389 74.1219
2390 74.1219
2391 74.1219
2392 74.1219
2393 74.1219
2394 74.1219
2395 74.1038
2396 74.1038
2397 74.1038
2398 74.1038
2399 74.1038
2400 74.1038
2401 74.1038
2402 74.1038
2403 74.1038
2404 74.1038
2405 74.1038
2406 74.1038
2407 74.1038
2408 74.1038
2409 74.1038
2410 74.1038
2411 74.1038
2412 74.1038
2413 74.1038
2414 74.1038
2415 74.1038
2416 74.1038
2417 74.1038
2418 74.1038
2419 74.1038
2420 74.1038
2421 74.1038
2422 74.1038
2423 74.1038
2424 74.1038
2425 74.1038
2426 74.1038
2427 74.1038
2428 74.1038
2429 74.1038
2430 74.019
2431 74.019
2432 74.019
2433 74.019
2434 74.019
2435 74.019
2436 74.019
2437 74.019
2438 74.019
2439 74.019
2440 74.019
2441 74.019
2442 74.019
2443 74.019
2444 74.019
2445 74.019
2446 74.019
2447 74.019
2448 74.019
2449 74.019
2450 74.019
2451 74.019
2452 74.019
2453 74.019
2454 73.4532
2455 73.4532
2456 73.4532
2457 73.4532
2458 73.4532
2459 73.4532
2460 73.4532
2461 73.4532
2462 73.4532
2463 73.4532
2464 73.4532
2465 73.4532
2466 73.4532
2467 73.4532
2468 73.4532
2469 73.4532
2470 73.4532
2471 73.4532
2472 73.4532
2473 73.4532
2474 73.4532
2475 73.4532
2476 73.4532
2477 73.4532
2478 73.4532
2479 73.4532
2480 73.4532
2481 73.4532
2482 73.4532
2483 73.4532
2484 73.4532
2485 73.4532
2486 73.4532
2487 73.4532
2488 73.4532
2489 73.4532
2490 73.4532
2491 73.4532
2492 73.4532
2493 73.4532
2494 73.4532
2495 73.4532
2496 73.4532
2497 73.4532
2498 73.4532
2499 73.4532
2500 73.4532
2501 73.4532
2502 73.4532
2503 73.4532
2504 73.4532
2505 73.4532
2506 73.4532
2507 73.4532
2508 73.4532
2509 73.4532
2510 73.4532
2511 73.4532
2512 73.4532
2513 73.4532
2514 73.4532
2515 73.4532
2516 73.4532
2517 73.4532
2518 73.4532
2519 73.4532
2520 73.4532
2521 73.4532
2522 73.4532
2523 73.4532
2524 73.4532
2525 73.4532
2526 73.4532
2527 73.4532
2528 73.4532
2529 73.4532
2530 73.4532
2531 73.4532
2532 73.4532
2533 73.4532
2534 73.4532
2535 73.4532
2536 73.4532
2537 73.4532
2538 73.4532
2539 73.4532
2540 73.4532
2541 73.4532
2542 73.4532
2543 73.4532
2544 73.4532
2545 73.4532
2546 73.4532
2547 73.4532
2548 73.4532
2549 73.4532
2550 73.4532
2551 73.4532
2552 73.4532
2553 73.4532
2554 73.4532
2555 73.4532
2556 73.4532
2557 73.4532
2558 73.4532
2559 73.4532
2560 73.4532
2561 73.4532
2562 73.4532
2563 73.4532
2564 73.4532
2565 73.4532
2566 73.4532
2567 73.4532
2568 73.4532
2569 73.4532
2570 73.4532
2571 73.4532
2572 73.4532
2573 73.4532
2574 73.4532
2575 73.4532
2576 73.4532
2577 73.4532
2578 73.4532
2579 73.4532
2580 73.4532
2581 73.4532
2582 73.4532
2583 73.4532
2584 73.4532
2585 73.4532
2586 73.4532
2587 73.4532
2588 73.4532
2589 73.4532
2590 73.4532
2591 73.4532
2592 73.4532
2593 73.4532
2594 73.4532
2595 73.4532
2596 73.4532
2597 73.4532
2598 73.4532
2599 73.4532
2600 73.4532
2601 73.4532
2602 73.4532
2603 73.4532
2604 73.4532
2605 73.4532
2606 73.4532
2607 73.4532
2608 73.4532
2609 73.4532
2610 73.4532
2611 73.4532
2612 73.4532
2613 73.4532
2614 73.4532
2615 73.4532
2616 73.4532
2617 73.4532
2618 73.4532
2619 73.4532
2620 73.4532
2621 73.4532
2622 73.4532
2623 73.4532
2624 73.4532
2625 73.4532
2626 73.4532
2627 73.4532
2628 73.4532
2629 73.4532
2630 73.4532
2631 73.4532
2632 73.4532
2633 73.4532
2634 73.4532
2635 73.4532
2636 73.4532
2637 73.4532
2638 73.4532
2639 73.4532
2640 73.4532
2641 73.4532
2642 73.4532
2643 73.4532
2644 73.4532
2645 73.4532
2646 73.4532
2647 73.4532
2648 73.4532
2649 73.4532
2650 73.4532
2651 73.4532
2652 73.4532
2653 73.4532
2654 73.4532
2655 73.4532
2656 73.4532
2657 73.4532
2658 73.4532
2659 73.4532
2660 73.4532
2661 73.4532
2662 73.4532
2663 73.4532
2664 73.4532
2665 73.4532
2666 73.4532
2667 73.4532
2668 73.4532
2669 73.4532
2670 73.4532
2671 73.4532
2672 73.4532
2673 73.4532
2674 73.4532
2675 73.4532
2676 73.4532
2677 73.4532
2678 73.4532
2679 73.4532
2680 73.4532
2681 73.4532
2682 73.4532
2683 73.4532
2684 73.4532
2685 73.4532
2686 73.4532
2687 73.4532
2688 73.4532
2689 73.4532
2690 73.4532
2691 73.4532
2692 73.4532
2693 73.4532
2694 73.4532
2695 73.4532
2696 73.4532
2697 73.4532
2698 73.4532
2699 73.4532
2700 73.4532
2701 73.4532
2702 73.4532
2703 73.4532
2704 73.4532
2705 73.4532
2706 73.4532
2707 73.4532
2708 73.4532
2709 73.4532
2710 73.4532
2711 73.4532
2712 73.4532
2713 73.4532
2714 73.4532
2715 73.4532
2716 73.4532
2717 73.4532
2718 73.4532
2719 73.4532
2720 73.4532
2721 73.4532
2722 73.4532
2723 73.4532
2724 73.4532
2725 73.4532
2726 73.4532
2727 73.4532
2728 73.4532
2729 73.4532
2730 73.4532
2731 73.4532
2732 73.4532
2733 73.4532
2734 73.4532
2735 73.4532
2736 73.4532
2737 73.4532
2738 73.4532
2739 73.4532
2740 73.4532
2741 73.4532
2742 73.4532
2743 73.4532
2744 73.4532
2745 73.4532
2746 73.4532
2747 73.4532
2748 73.4532
2749 73.4532
2750 73.4532
2751 73.4532
2752 73.4532
2753 73.4532
2754 73.4532
2755 73.4532
2756 73.4532
2757 73.4532
2758 73.4532
2759 73.4532
2760 73.4532
2761 73.4532
2762 73.4532
2763 73.4532
2764 73.4532
2765 73.4532
2766 73.4532
2767 73.4532
2768 73.4532
2769 73.4532
2770 73.4532
2771 73.4532
2772 73.4532
2773 73.4532
2774 73.4532
2775 73.4532
2776 73.4532
2777 73.4532
2778 73.4532
2779 73.4532
2780 73.4532
2781 73.4532
2782 73.4532
2783 73.4532
2784 73.4532
2785 73.4532
2786 73.4532
2787 73.4532
2788 73.4532
2789 73.4532
2790 73.4532
2791 73.4532
2792 73.4532
2793 73.4532
2794 73.4532
2795 73.4532
2796 73.4532
2797 73.4532
2798 73.4532
2799 73.0613
2800 73.0613
2801 73.0613
2802 73.0613
2803 73.0613
2804 73.0613
2805 73.0613
2806 73.0613
2807 73.0613
2808 73.0613
2809 73.0613
2810 73.0613
2811 73.0613
2812 73.0613
2813 73.0613
2814 73.0613
2815 73.0613
2816 73.0613
2817 73.0613
2818 73.0613
2819 73.0613
2820 73.0613
2821 73.0613
2822 73.0613
2823 73.0613
2824 73.0613
2825 73.0613
2826 73.0613
2827 73.0613
2828 73.0613
2829 73.0613
2830 73.0613
2831 73.0613
2832 73.0613
2833 73.0613
2834 73.0613
2835 73.0613
2836 73.0613
2837 73.0613
2838 73.0613
2839 73.0613
2840 73.0613
2841 73.0613
2842 73.0613
2843 73.0613
2844 73.0613
2845 73.0613
2846 73.0613
2847 73.0613
2848 73.0613
2849 73.0613
2850 73.0613
2851 73.0613
2852 73.0613
2853 73.0613
2854 73.0613
2855 73.0613
2856 73.0613
2857 73.0613
2858 73.0613
2859 73.0613
2860 72.5697
2861 72.5697
2862 72.5697
2863 72.5697
2864 72.5697
2865 72.5697
2866 72.5697
2867 72.5697
2868 72.5697
2869 72.5697
2870 72.5697
2871 72.5697
2872 72.5697
2873 72.5697
2874 72.5697
2875 72.5697
2876 72.5697
2877 72.5697
2878 72.5697
2879 72.5697
2880 72.5697
2881 72.5697
2882 72.5697
2883 72.5697
2884 72.5697
2885 72.5697
2886 72.5697
2887 72.5697
2888 72.5697
2889 72.5697
2890 72.5697
2891 72.5697
2892 72.5697
2893 72.5697
2894 72.5697
2895 72.5697
2896 72.5697
2897 72.5697
2898 72.5697
2899 72.5697
2900 72.5697
2901 72.5697
2902 72.5697
2903 72.5697
2904 72.5697
2905 72.5697
2906 72.5697
2907 72.5697
2908 72.5697
2909 72.5697
2910 72.2081
2911 72.2081
2912 72.2081
2913 72.2081
2914 72.2081
2915 72.2081
2916 72.2081
2917 72.2081
2918 72.2081
2919 72.2081
2920 72.2081
2921 72.2081
2922 72.2081
2923 72.2081
2924 72.2081
2925 72.2081
2926 72.2081
2927 72.2081
2928 72.2081
2929 72.2081
2930 72.2081
2931 72.2081
2932 72.2081
2933 72.2081
2934 72.2081
2935 72.2081
2936 72.2081
2937 72.2081
2938 72.2081
2939 72.2081
2940 72.2081
2941 72.2081
2942 72.2081
2943 72.2081
2944 72.2081
2945 72.2081
2946 72.2081
2947 72.2081
2948 72.2081
2949 72.2081
2950 72.2081
2951 72.2081
2952 72.2081
2953 72.2081
2954 72.2081
2955 72.2081
2956 72.2081
2957 72.2081
2958 72.2081
2959 72.2081
2960 72.2081
2961 72.2081
2962 72.2081
2963 72.2081
2964 72.2081
2965 72.2081
2966 72.2081
2967 72.2081
2968 72.2081
2969 72.2081
2970 72.2081
2971 72.2081
2972 72.2081
2973 72.2081
2974 72.2081
2975 72.2081
2976 72.2081
2977 72.2081
2978 72.2081
2979 72.2081
2980 72.2081
2981 72.2081
2982 72.2081
2983 72.2081
2984 72.2081
2985 72.2081
2986 72.2081
2987 72.2081
2988 72.2081
2989 72.2081
2990 72.2081
2991 72.2081
2992 72.2081
2993 72.2081
2994 72.2081
2995 72.2081
2996 72.2081
2997 72.2081
2998 72.2081
2999 72.2081
3000 72.2081
3001 72.2081
3002 72.2081
3003 72.2081
3004 72.2081
3005 72.2081
3006 72.2081
3007 72.2081
3008 72.2081
3009 72.2081
3010 72.2081
3011 72.2081
3012 72.2081
3013 72.2081
3014 72.2081
3015 72.2081
3016 72.2081
3017 72.2081
3018 72.2081
3019 72.2081
3020 72.2081
3021 72.2081
3022 72.2081
3023 72.2081
3024 72.2081
3025 72.2081
3026 72.2081
3027 72.2081
3028 72.2081
3029 72.2081
3030 72.2081
3031 72.2081
3032 72.2081
3033 72.2081
3034 72.2081
3035 72.2081
3036 72.2081
3037 72.2081
3038 72.2081
3039 72.2081
3040 72.2081
3041 72.2081
3042 72.2081
3043 72.2081
3044 72.2081
3045 72.2081
3046 72.2081
3047 72.2081
3048 72.2081
3049 72.2081
3050 72.2081
3051 72.2081
3052 72.2081
3053 72.2081
3054 72.2081
3055 72.2081
3056 72.2081
3057 72.2081
3058 72.2081
3059 72.2081
3060 72.2081
3061 72.2081
3062 72.2081
3063 72.2081
3064 72.2081
3065 72.2081
3066 72.2081
3067 72.2081
3068 72.2081
3069 72.2081
3070 72.2081
3071 72.2081
3072 72.2081
3073 72.2081
3074 72.2081
3075 72.2081
3076 72.2081
3077 72.2081
3078 72.2081
3079 72.2081
3080 72.2081
3081 72.2081
3082 72.2081
3083 72.2081
3084 72.2081
3085 72.2081
3086 72.2081
3087 72.2081
3088 72.2081
3089 72.2081
3090 72.2081
3091 72.2081
3092 72.2081
3093 72.2081
3094 72.2081
3095 72.2081
3096 72.2081
3097 72.2081
3098 72.2081
3099 72.2081
3100 72.2081
3101 72.2081
3102 72.2081
3103 72.2081
3104 72.2081
3105 72.2081
3106 72.2081
3107 72.2081
3108 72.2081
3109 72.2081
3110 72.2081
3111 72.2081
3112 72.2081
3113 72.2081
3114 72.2081
3115 72.2081
3116 72.2081
3117 72.2081
3118 72.2081
3119 72.2081
3120 72.2081
3121 72.2081
3122 72.2081
3123 72.2081
3124 72.2081
3125 72.2081
3126 72.2081
3127 72.2081
3128 72.2081
3129 72.2081
3130 72.2081
3131 72.2081
3132 72.2081
3133 72.2081
3134 72.2081
3135 72.2081
3136 72.2081
3137 72.2081
3138 72.2081
3139 72.2081
3140 72.2081
3141 72.2081
3142 72.2081
3143 72.2081
3144 72.2081
3145 72.2081
3146 72.2081
3147 72.2081
3148 72.2081
3149 72.2081
3150 72.2081
3151 72.2081
3152 72.2081
3153 72.2081
3154 72.2081
3155 72.2081
3156 72.2081
3157 72.2081
3158 72.2081
3159 72.2081
3160 72.2081
3161 72.2081
3162 72.2081
3163 72.2081
3164 72.2081
3165 72.2081
3166 72.2081
3167 72.2081
3168 72.2081
3169 72.2081
3170 72.2081
3171 72.2081
3172 72.2081
3173 72.2081
3174 72.2081
3175 72.2081
3176 72.2081
3177 72.2081
3178 72.2081
3179 72.2081
3180 72.2081
3181 72.2081
3182 72.2081
3183 72.2081
3184 72.2081
3185 72.2081
3186 72.2081
3187 72.2081
3188 72.2081
3189 72.2081
3190 72.2081
3191 72.2081
3192 72.2081
3193 72.2081
3194 72.2081
3195 72.2081
3196 72.2081
3197 72.2081
3198 72.2081
3199 72.2081
3200 72.2081
3201 72.2081
3202 72.2081
3203 72.2081
3204 72.2081
3205 72.2081
3206 72.2081
3207 72.2081
3208 72.2081
3209 72.2081
3210 72.2081
3211 72.2081
3212 72.2081
3213 72.2081
3214 72.2081
3215 72.2081
3216 72.2081
3217 72.2081
3218 72.2081
3219 72.2081
3220 72.2081
3221 72.2081
3222 72.2081
3223 72.2081
3224 72.2081
3225 72.2081
3226 72.2081
3227 72.2081
3228 72.2081
3229 72.2081
3230 72.2081
3231 72.2081
3232 72.2081
3233 72.2081
3234 72.2081
3235 72.2081
3236 72.2081
3237 72.2081
3238 72.2081
3239 72.2081
3240 72.2081
3241 72.2081
3242 72.2081
3243 72.2081
3244 72.2081
3245 72.2081
3246 72.2081
3247 72.2081
3248 72.2081
3249 72.2081
3250 72.2081
3251 72.2081
3252 72.2081
3253 72.2081
3254 72.2081
3255 72.2081
3256 72.2081
3257 72.2081
3258 72.2081
3259 72.2081
3260 72.2081
3261 72.2081
3262 72.2081
3263 72.2081
3264 72.2081
3265 72.2081
3266 72.2081
3267 72.2081
3268 72.2081
3269 72.2081
3270 72.2081
3271 72.2081
3272 72.2081
3273 72.2081
3274 72.2081
3275 72.2081
3276 72.2081
3277 72.2081
3278 72.2081
3279 72.2081
3280 72.2081
3281 72.2081
3282 72.2081
3283 72.2081
3284 72.2081
3285 72.2081
3286 72.2081
3287 72.2081
3288 72.2081
3289 72.2081
3290 72.2081
3291 72.2081
3292 72.2081
3293 72.2081
3294 72.2081
3295 72.2081
3296 72.2081
3297 72.2081
3298 72.2081
3299 72.2081
3300 72.2081
3301 72.2081
3302 72.2081
3303 72.2081
3304 72.2081
3305 72.2081
3306 72.2081
3307 72.2081
3308 72.2081
3309 72.2081
3310 72.2081
3311 72.2081
3312 72.2081
3313 72.2081
3314 72.2081
3315 72.2081
3316 72.2081
3317 72.2081
3318 72.2081
3319 72.2081
3320 72.2081
3321 72.2081
3322 72.2081
3323 72.2081
3324 72.2081
3325 72.2081
3326 72.2081
3327 72.2081
3328 72.2081
3329 72.2081
3330 72.2081
3331 72.2081
3332 72.2081
3333 72.2081
3334 72.2081
3335 72.2081
3336 72.2081
3337 72.2081
3338 72.2081
3339 72.2081
3340 72.2081
3341 72.2081
3342 72.2081
3343 72.2081
3344 72.2081
3345 72.2081
3346 72.2081
3347 72.2081
3348 72.2081
3349 72.2081
3350 72.2081
3351 72.2081
3352 72.2081
3353 72.2081
3354 72.2081
3355 72.2081
3356 72.2081
3357 72.2081
3358 72.2081
3359 72.2081
3360 72.2081
3361 72.2081
3362 72.2081
3363 72.2081
3364 72.2081
3365 72.2081
3366 72.2081
3367 72.2081
3368 72.2081
3369 72.2081
3370 72.2081
3371 72.2081
3372 72.2081
3373 72.2081
3374 72.2081
3375 72.2081
3376 72.2081
3377 72.2081
3378 72.2081
3379 72.2081
3380 72.2081
3381 72.2081
3382 72.2081
3383 72.2081
3384 72.2081
3385 72.2081
3386 72.2081
3387 72.2081
3388 72.2081
3389 72.2081
3390 72.2081
3391 72.2081
3392 72.2081
3393 72.2081
3394 72.2081
3395 72.2081
3396 72.2081
3397 72.2081
3398 72.2081
3399 72.2081
3400 72.2081
3401 72.2081
3402 72.2081
3403 72.2081
3404 72.2081
3405 72.2081
3406 72.2081
3407 72.2081
3408 72.2081
3409 72.2081
3410 72.2081
3411 72.2081
3412 72.2081
3413 72.2081
3414 72.2081
3415 72.2081
3416 72.2081
3417 72.2081
3418 72.2081
3419 72.2081
3420 72.2081
3421 72.2081
3422 72.2081
3423 72.2081
3424 72.2081
3425 72.2081
3426 72.2081
3427 72.2081
3428 72.2081
3429 72.2081
3430 72.2081
3431 72.2081
3432 72.2081
3433 72.2081
3434 72.2081
3435 72.2081
3436 72.2081
3437 72.2081
3438 72.2081
3439 72.2081
3440 72.2081
3441 72.2081
3442 72.2081
3443 72.2081
3444 72.2081
3445 72.2081
3446 72.2081
3447 72.2081
3448 72.2081
3449 72.2081
3450 72.2081
3451 72.2081
3452 72.2081
3453 72.2081
3454 72.2081
3455 72.2081
3456 72.2081
3457 72.2081
3458 72.2081
3459 72.2081
3460 72.2081
3461 72.2081
3462 72.2081
3463 72.2081
3464 72.2081
3465 72.2081
3466 72.2081
3467 72.2081
3468 72.2081
3469 72.2081
3470 72.2081
3471 72.2081
3472 72.2081
3473 72.2081
3474 72.2081
3475 72.2081
3476 72.2081
3477 72.2081
3478 72.2081
3479 72.2081
3480 72.2081
3481 72.2081
3482 72.2081
3483 72.2081
3484 72.2081
3485 72.2081
3486 72.2081
3487 72.2081
3488 72.2081
3489 72.2081
3490 72.2081
3491 72.2081
3492 72.2081
3493 72.2081
3494 72.2081
3495 72.2081
3496 72.2081
3497 72.2081
3498 72.2081
3499 72.2081
3500 72.2081
3501 72.2081
3502 72.2081
3503 72.2081
3504 72.2081
3505 72.2081
3506 72.2081
3507 72.2081
3508 72.2081
3509 72.2081
3510 72.2081
3511 72.2081
3512 72.2081
3513 72.2081
3514 72.2081
3515 72.2081
3516 72.2081
3517 72.2081
3518 72.2081
3519 72.2081
3520 72.2081
3521 72.2081
3522 72.2081
3523 72.2081
3524 72.2081
3525 72.2081
3526 72.2081
3527 72.2081
3528 72.2081
3529 72.2081
3530 72.2081
3531 72.2081
3532 72.2081
3533 72.2081
3534 72.2081
3535 72.2081
3536 72.2081
3537 72.2081
3538 72.2081
3539 72.2081
3540 72.2081
3541 72.2081
3542 72.2081
3543 72.2081
3544 72.2081
3545 72.2081
3546 72.2081
3547 72.2081
3548 72.2081
3549 72.2081
3550 72.2081
3551 72.2081
3552 72.2081
3553 72.2081
3554 72.2081
3555 72.2081
3556 72.2081
3557 72.2081
3558 72.2081
3559 72.2081
3560 72.2081
3561 72.2081
3562 72.2081
3563 72.2081
3564 72.2081
3565 72.2081
3566 72.2081
3567 72.2081
3568 72.2081
3569 72.2081
3570 72.2081
3571 72.2081
3572 72.2081
3573 72.2081
3574 72.2081
3575 72.2081
3576 72.2081
3577 72.2081
3578 72.2081
3579 72.2081
3580 72.2081
3581 72.2081
3582 72.2081
3583 72.2081
3584 72.2081
3585 72.2081
3586 72.2081
3587 72.2081
3588 72.2081
3589 72.2081
3590 72.2081
3591 72.2081
3592 72.2081
3593 72.2081
3594 72.2081
3595 72.2081
3596 72.2081
3597 72.2081
3598 72.2081
3599 72.2081
3600 72.2081
3601 72.2081
3602 72.2081
3603 72.2081
3604 72.2081
3605 72.2081
3606 72.2081
3607 72.2081
3608 72.2081
3609 72.2081
3610 72.2081
3611 72.2081
3612 72.2081
3613 72.2081
3614 72.2081
3615 72.2081
3616 72.2081
3617 72.2081
3618 72.2081
3619 72.2081
3620 72.2081
3621 72.2081
3622 72.2081
3623 72.2081
3624 72.2081
3625 72.2081
3626 72.2081
3627 72.2081
3628 72.2081
3629 72.2081
3630 72.2081
3631 72.2081
3632 72.2081
3633 72.2081
3634 72.2081
3635 72.2081
3636 72.2081
3637 72.2081
3638 72.2081
3639 72.2081
3640 72.2081
3641 72.2081
3642 72.2081
3643 72.2081
3644 72.2081
3645 72.2081
3646 72.2081
3647 72.2081
3648 72.2081
3649 72.2081
3650 72.2081
3651 72.2081
3652 72.2081
3653 72.2081
3654 72.2081
3655 72.2081
3656 72.2081
3657 72.2081
3658 72.2081
3659 72.2081
3660 72.2081
3661 72.2081
3662 72.2081
3663 72.2081
3664 72.2081
3665 72.2081
3666 72.2081
3667 72.2081
3668 72.2081
3669 72.2081
3670 72.2081
3671 72.2081
3672 72.2081
3673 72.2081
3674 72.2081
3675 72.2081
3676 72.2081
3677 72.2081
3678 72.2081
3679 72.2081
3680 72.2081
3681 72.2081
3682 72.2081
3683 72.2081
3684 72.2081
3685 72.2081
3686 72.2081
3687 72.2081
3688 72.2081
3689 72.2081
3690 72.2081
3691 72.2081
3692 72.2081
3693 72.2081
3694 72.2081
3695 72.2081
3696 72.2081
3697 72.2081
3698 72.2081
3699 72.2081
3700 72.2081
3701 72.2081
3702 72.2081
3703 72.2081
3704 72.2081
3705 72.2081
3706 72.2081
3707 72.2081
3708 72.2081
3709 72.2081
3710 72.2081
3711 72.2081
3712 72.2081
3713 72.2081
3714 72.2081
3715 72.2081
3716 72.2081
3717 72.2081
3718 72.2081
3719 72.2081
3720 72.2081
3721 72.2081
3722 72.2081
3723 72.2081
3724 72.2081
3725 72.2081
3726 72.2081
3727 72.2081
3728 72.2081
3729 72.2081
3730 72.2081
3731 72.2081
3732 72.2081
3733 72.2081
3734 72.2081
3735 72.2081
3736 72.2081
3737 72.2081
3738 72.2081
3739 72.2081
3740 72.2081
3741 72.2081
3742 72.2081
3743 72.2081
3744 72.2081
3745 72.2081
3746 72.2081
3747 72.2081
3748 72.2081
3749 72.2081
3750 72.2081
3751 72.2081
3752 72.2081
3753 72.2081
3754 72.2081
3755 72.2081
3756 72.2081
3757 72.2081
3758 72.2081
3759 72.2081
3760 72.2081
3761 72.2081
3762 72.2081
3763 72.2081
3764 72.2081
3765 72.2081
3766 72.2081
3767 72.2081
3768 72.2081
3769 72.2081
3770 72.2081
3771 72.2081
3772 72.2081
3773 72.2081
3774 72.2081
3775 72.2081
3776 72.2081
3777 72.2081
3778 72.2081
3779 72.2081
3780 72.2081
3781 72.2081
3782 72.2081
3783 72.2081
3784 72.2081
3785 72.2081
3786 72.2081
3787 72.2081
3788 72.2081
3789 72.2081
3790 72.2081
3791 72.2081
3792 72.2081
3793 72.2081
3794 72.2081
3795 72.2081
3796 72.2081
3797 72.2081
3798 72.2081
3799 72.2081
3800 72.2081
3801 72.2081
3802 72.2081
3803 72.2081
3804 72.2081
3805 72.2081
3806 72.2081
3807 72.2081
3808 72.2081
3809 72.2081
3810 72.2081
3811 72.2081
3812 72.2081
3813 72.2081
3814 72.2081
3815 72.2081
3816 72.2081
3817 72.2081
3818 72.2081
3819 72.2081
3820 72.2081
3821 72.2081
3822 72.2081
3823 72.2081
3824 72.2081
3825 72.2081
3826 72.2081
3827 72.2081
3828 72.2081
3829 72.2081
3830 72.2081
3831 72.2081
3832 72.2081
3833 72.2081
3834 72.2081
3835 72.2081
3836 72.2081
3837 72.2081
3838 72.2081
3839 72.2081
3840 72.2081
3841 72.2081
3842 72.2081
3843 72.2081
3844 72.2081
3845 72.2081
3846 72.2081
3847 72.2081
3848 72.2081
3849 72.2081
3850 72.2081
3851 72.2081
3852 72.2081
3853 72.2081
3854 72.2081
3855 72.2081
3856 72.2081
3857 72.2081
3858 72.2081
3859 72.2081
3860 72.2081
3861 72.2081
3862 72.2081
3863 72.2081
3864 72.2081
3865 72.2081
3866 72.2081
3867 72.2081
3868 72.2081
3869 72.2081
3870 72.2081
3871 72.2081
3872 72.2081
3873 72.2081
3874 72.2081
3875 72.2081
3876 72.2081
3877 72.2081
3878 72.2081
3879 72.2081
3880 72.2081
3881 72.2081
3882 72.2081
3883 72.2081
3884 72.2081
3885 72.2081
3886 72.2081
3887 72.2081
3888 72.2081
3889 72.2081
3890 72.2081
3891 72.2081
3892 72.2081
3893 72.2081
3894 72.2081
3895 72.2081
3896 72.2081
3897 72.2081
3898 72.2081
3899 72.2081
3900 72.2081
3901 72.2081
3902 72.2081
3903 72.2081
3904 72.2081
3905 72.2081
3906 72.2081
3907 72.2081
3908 72.2081
3909 72.2081
3910 72.2081
3911 72.2081
3912 72.2081
3913 72.2081
3914 72.2081
3915 72.2081
3916 72.2081
3917 72.2081
3918 72.2081
3919 72.2081
3920 72.2081
3921 72.2081
3922 72.2081
3923 72.2081
3924 72.2081
3925 72.2081
3926 72.2081
3927 72.2081
3928 72.2081
3929 72.2081
3930 72.2081
3931 72.2081
3932 72.2081
3933 72.2081
3934 72.2081
3935 72.2081
3936 72.2081
3937 72.2081
3938 72.2081
3939 72.2081
3940 72.2081
3941 72.2081
3942 72.2081
3943 72.2081
3944 72.2081
3945 72.2081
3946 72.2081
3947 72.2081
3948 72.2081
3949 72.2081
3950 72.2081
3951 72.2081
3952 72.2081
3953 72.2081
3954 72.2081
3955 72.2081
3956 72.2081
3957 72.2081
3958 72.2081
3959 72.2081
3960 72.2081
3961 72.2081
3962 72.2081
3963 72.2081
3964 72.2081
3965 72.2081
3966 72.2081
3967 72.2081
3968 72.2081
3969 72.2081
3970 72.2081
3971 72.2081
3972 72.2081
3973 72.2081
3974 72.2081
3975 72.2081
3976 72.2081
3977 72.2081
3978 72.2081
3979 72.2081
3980 72.2081
3981 72.2081
3982 72.2081
3983 72.2081
3984 72.2081
3985 72.2081
3986 72.2081
3987 72.2081
3988 72.2081
3989 72.2081
3990 72.2081
3991 72.2081
3992 72.2081
3993 72.2081
3994 72.2081
3995 72.2081
3996 72.2081
3997 72.2081
3998 72.2081
3999 72.2081
4000 72.2081
4001 72.2081
4002 72.2081
4003 72.2081
4004 72.2081
4005 72.2081
4006 72.2081
4007 72.2081
4008 72.2081
4009 72.2081
4010 72.2081
4011 72.2081
4012 72.2081
4013 72.2081
4014 72.2081
4015 72.2081
4016 72.2081
4017 72.2081
4018 72.2081
4019 72.2081
4020 72.2081
4021 72.2081
4022 72.2081
4023 72.2081
4024 72.2081
4025 72.2081
4026 72.2081
4027 72.2081
4028 72.2081
4029 72.2081
4030 72.2081
4031 72.2081
4032 72.2081
4033 72.2081
4034 72.2081
4035 72.2081
4036 72.2081
4037 72.2081
4038 72.2081
4039 72.2081
4040 72.2081
4041 72.2081
4042 72.2081
4043 72.2081
4044 72.2081
4045 72.2081
4046 72.2081
4047 72.2081
4048 72.2081
4049 72.2081
4050 72.2081
4051 72.2081
4052 72.2081
4053 72.2081
4054 72.2081
4055 72.2081
4056 72.2081
4057 72.2081
4058 72.2081
4059 72.2081
4060 72.2081
4061 72.2081
4062 72.2081
4063 72.2081
4064 72.2081
4065 72.2081
4066 72.2081
4067 72.2081
4068 72.2081
4069 72.2081
4070 72.2081
4071 72.2081
4072 72.2081
4073 72.2081
4074 72.2081
4075 72.2081
4076 72.2081
4077 72.2081
4078 72.2081
4079 72.2081
4080 72.2081
4081 72.2081
4082 72.2081
4083 72.2081
4084 72.2081
4085 72.2081
4086 72.2081
4087 72.2081
4088 72.2081
4089 72.2081
4090 72.2081
4091 72.2081
4092 72.2081
4093 72.2081
4094 72.2081
4095 72.2081
4096 72.2081
4097 72.2081
4098 72.2081
4099 72.2081
4100 72.2081
4101 72.2081
4102 72.2081
4103 72.2081
4104 72.2081
4105 72.2081
4106 72.2081
4107 72.2081
4108 72.2081
4109 72.2081
4110 72.2081
4111 72.2081
4112 72.2081
4113 72.2081
4114 72.2081
4115 72.2081
4116 72.2081
4117 72.2081
4118 72.2081
4119 72.2081
4120 72.2081
4121 72.2081
4122 72.2081
4123 72.2081
4124 72.2081
4125 72.2081
4126 72.2081
4127 72.2081
4128 72.2081
4129 72.2081
4130 72.2081
4131 72.2081
4132 72.2081
4133 72.2081
4134 72.2081
4135 72.2081
4136 72.2081
4137 72.2081
4138 72.2081
4139 72.2081
4140 72.2081
4141 72.2081
4142 72.2081
4143 72.2081
4144 72.2081
4145 72.2081
4146 72.2081
4147 72.2081
4148 72.2081
4149 72.2081
4150 72.2081
4151 72.2081
4152 72.2081
4153 72.2081
4154 72.2081
4155 72.2081
4156 72.2081
4157 72.2081
4158 72.2081
4159 72.2081
4160 72.2081
4161 72.2081
4162 72.2081
4163 72.2081
4164 72.2081
4165 72.2081
4166 72.2081
4167 72.2081
4168 72.2081
4169 72.2081
4170 72.2081
4171 72.2081
4172 72.2081
4173 72.2081
4174 72.2081
4175 72.2081
4176 72.2081
4177 72.2081
4178 72.2081
4179 72.2081
4180 72.2081
4181 72.2081
4182 72.2081
4183 72.2081
4184 72.2081
4185 72.2081
4186 72.2081
4187 72.2081
4188 72.2081
4189 72.2081
4190 72.2081
4191 72.2081
4192 72.2081
4193 72.2081
4194 72.2081
4195 72.2081
4196 72.2081
4197 72.2081
4198 72.2081
4199 72.2081
4200 72.2081
4201 72.2081
4202 72.2081
4203 72.2081
4204 72.2081
4205 72.2081
4206 72.2081
4207 72.2081
4208 72.2081
4209 72.2081
4210 72.2081
4211 72.2081
4212 72.2081
4213 72.2081
4214 72.2081
4215 72.2081
4216 72.2081
4217 72.2081
4218 72.2081
4219 72.2081
4220 72.2081
4221 72.2081
4222 72.2081
4223 72.2081
4224 72.2081
4225 72.2081
4226 72.2081
4227 72.2081
4228 72.2081
4229 72.2081
4230 72.2081
4231 72.2081
4232 72.2081
4233 72.2081
4234 72.2081
4235 72.2081
4236 72.2081
4237 72.2081
4238 72.2081
4239 72.2081
4240 72.2081
4241 72.2081
4242 72.2081
4243 72.2081
4244 72.2081
4245 72.2081
4246 72.2081
4247 72.2081
4248 72.2081
4249 72.2081
4250 72.2081
4251 72.2081
4252 72.2081
4253 72.2081
4254 72.2081
4255 72.2081
4256 72.2081
4257 72.2081
4258 72.2081
4259 72.2081
4260 72.2081
4261 72.2081
4262 72.2081
4263 72.2081
4264 72.2081
4265 72.2081
4266 72.2081
4267 72.2081
4268 72.2081
4269 72.2081
4270 72.2081
4271 72.2081
4272 72.2081
4273 72.2081
4274 72.2081
4275 72.2081
4276 72.2081
4277 72.2081
4278 72.2081
4279 72.2081
4280 72.2081
4281 72.2081
4282 72.2081
4283 72.2081
4284 72.2081
4285 72.2081
4286 72.2081
4287 72.2081
4288 72.2081
4289 72.2081
4290 72.2081
4291 72.2081
4292 72.2081
4293 72.2081
4294 72.2081
4295 72.2081
4296 72.2081
4297 72.2081
4298 72.2081
4299 72.2081
4300 72.2081
4301 72.2081
4302 72.2081
4303 72.2081
4304 72.2081
4305 72.2081
4306 72.2081
4307 72.2081
4308 72.2081
4309 72.2081
4310 72.2081
4311 72.2081
4312 72.2081
4313 72.2081
4314 72.2081
4315 72.2081
4316 72.2081
4317 72.2081
4318 72.2081
4319 72.2081
4320 72.2081
4321 72.2081
4322 72.2081
4323 72.2081
4324 72.2081
4325 72.2081
4326 72.2081
4327 72.2081
4328 72.2081
4329 72.2081
4330 72.2081
4331 72.2081
4332 72.2081
4333 72.2081
4334 72.2081
4335 72.2081
4336 72.2081
4337 72.2081
4338 72.2081
4339 72.2081
4340 72.2081
4341 72.2081
4342 72.2081
4343 72.2081
4344 72.2081
4345 72.2081
4346 72.2081
4347 72.2081
4348 72.2081
4349 72.2081
4350 72.2081
4351 72.2081
4352 72.2081
4353 72.2081
4354 72.2081
4355 72.2081
4356 72.2081
4357 72.2081
4358 72.2081
4359 72.2081
4360 72.2081
4361 72.2081
4362 72.2081
4363 72.2081
4364 72.2081
4365 72.2081
4366 72.2081
4367 72.2081
4368 72.2081
4369 72.2081
4370 72.2081
4371 72.2081
4372 72.2081
4373 72.2081
4374 72.2081
4375 72.2081
4376 72.2081
4377 72.2081
4378 72.2081
4379 72.2081
4380 72.2081
4381 72.2081
4382 72.2081
4383 72.2081
4384 72.2081
4385 72.2081
4386 72.2081
4387 72.2081
4388 72.2081
4389 72.2081
4390 72.2081
4391 72.2081
4392 72.2081
4393 72.2081
4394 72.2081
4395 72.2081
4396 72.2081
4397 72.2081
4398 72.2081
4399 72.2081
4400 72.2081
4401 72.2081
4402 72.2081
4403 72.2081
4404 72.2081
4405 72.2081
4406 72.2081
4407 72.2081
4408 72.2081
4409 72.2081
4410 72.2081
4411 72.2081
4412 72.2081
4413 72.2081
4414 72.2081
4415 72.2081
4416 72.2081
4417 72.2081
4418 72.2081
4419 72.2081
4420 72.2081
4421 72.2081
4422 72.2081
4423 72.2081
4424 72.2081
4425 72.2081
4426 72.2081
4427 72.2081
4428 72.2081
4429 72.2081
4430 72.2081
4431 72.2081
4432 72.2081
4433 72.2081
4434 72.2081
4435 72.2081
4436 72.2081
4437 72.2081
4438 72.2081
4439 72.2081
4440 72.2081
4441 72.2081
4442 72.2081
4443 72.2081
4444 72.2081
4445 72.2081
4446 72.2081
4447 72.2081
4448 72.2081
4449 72.2081
4450 72.2081
4451 72.2081
4452 72.2081
4453 72.2081
4454 72.2081
4455 72.2081
4456 72.2081
4457 72.2081
4458 72.2081
4459 72.2081
4460 72.2081
4461 72.2081
4462 72.2081
4463 72.2081
4464 72.2081
4465 72.2081
4466 72.2081
4467 72.2081
4468 72.2081
4469 72.2081
4470 72.2081
4471 72.2081
4472 72.2081
4473 72.2081
4474 72.2081
4475 72.2081
4476 72.2081
4477 72.2081
4478 72.2081
4479 72.2081
4480 72.2081
4481 72.2081
4482 72.2081
4483 72.2081
4484 72.2081
4485 72.2081
4486 72.2081
4487 72.2081
4488 72.2081
4489 72.2081
4490 72.2081
4491 72.2081
4492 72.2081
4493 72.2081
4494 72.2081
4495 72.2081
4496 72.2081
4497 72.2081
4498 72.2081
4499 72.2081
4500 72.2081
4501 72.2081
4502 72.2081
4503 72.2081
4504 72.2081
4505 72.2081
4506 72.2081
4507 72.2081
4508 72.2081
4509 72.2081
4510 72.2081
4511 72.2081
4512 72.2081
4513 72.2081
4514 72.2081
4515 72.2081
4516 72.2081
4517 72.2081
4518 72.2081
4519 72.2081
4520 72.2081
4521 72.2081
4522 72.2081
4523 72.2081
4524 72.2081
4525 72.2081
4526 72.2081
4527 72.2081
4528 72.2081
4529 72.2081
4530 72.2081
4531 72.2081
4532 72.2081
4533 72.2081
4534 72.2081
4535 72.2081
4536 72.2081
4537 72.2081
4538 72.2081
4539 72.2081
4540 72.2081
4541 72.2081
4542 72.2081
4543 72.2081
4544 72.2081
4545 72.2081
4546 72.2081
4547 72.2081
4548 72.2081
4549 72.2081
4550 72.2081
4551 72.2081
4552 72.2081
4553 72.2081
4554 72.2081
4555 72.2081
4556 72.2081
4557 72.2081
4558 72.2081
4559 72.2081
4560 72.2081
4561 72.2081
4562 72.2081
4563 72.2081
4564 72.2081
4565 72.2081
4566 72.2081
4567 72.2081
4568 72.2081
4569 72.2081
4570 72.2081
4571 72.2081
4572 72.2081
4573 72.2081
4574 72.2081
4575 72.2081
4576 72.2081
4577 72.2081
4578 72.2081
4579 72.2081
4580 72.2081
4581 72.2081
4582 72.2081
4583 72.2081
4584 72.2081
4585 72.2081
4586 72.2081
4587 72.2081
4588 72.2081
4589 72.2081
4590 72.2081
4591 72.2081
4592 72.2081
4593 72.2081
4594 72.2081
4595 72.2081
4596 72.2081
4597 72.2081
4598 72.2081
4599 72.2081
4600 72.2081
4601 72.2081
4602 72.2081
4603 72.2081
4604 72.2081
4605 72.2081
4606 72.2081
4607 72.2081
4608 72.2081
4609 72.2081
4610 72.2081
4611 72.2081
4612 72.2081
4613 72.2081
4614 72.2081
4615 72.2081
4616 72.2081
4617 72.2081
4618 72.2081
4619 72.2081
4620 72.2081
4621 72.2081
4622 72.2081
4623 72.2081
4624 72.2081
4625 72.2081
4626 72.2081
4627 72.2081
4628 72.2081
4629 72.2081
4630 72.2081
4631 72.2081
4632 72.2081
4633 72.2081
4634 72.2081
4635 72.2081
4636 72.2081
4637 72.2081
4638 72.2081
4639 72.2081
4640 72.2081
4641 72.2081
4642 72.2081
4643 72.2081
4644 72.2081
4645 72.2081
4646 72.2081
4647 72.2081
4648 72.2081
4649 72.2081
4650 72.2081
4651 72.2081
4652 72.2081
4653 72.2081
4654 72.2081
4655 72.2081
4656 72.2081
4657 72.2081
4658 72.2081
4659 72.2081
4660 72.2081
4661 72.2081
4662 72.2081
4663 72.2081
4664 72.2081
4665 72.2081
4666 72.2081
4667 72.2081
4668 72.2081
4669 72.2081
4670 72.2081
4671 72.2081
4672 72.2081
4673 72.2081
4674 72.2081
4675 72.2081
4676 72.2081
4677 72.2081
4678 72.2081
4679 72.2081
4680 72.2081
4681 72.2081
4682 72.2081
4683 72.2081
4684 72.2081
4685 72.2081
4686 72.2081
4687 72.2081
4688 72.2081
4689 72.2081
4690 72.2081
4691 72.2081
4692 72.2081
4693 72.2081
4694 72.2081
4695 72.2081
4696 72.2081
4697 72.2081
4698 72.2081
4699 72.2081
4700 72.2081
4701 72.2081
4702 72.2081
4703 72.2081
4704 72.2081
4705 72.2081
4706 72.2081
4707 72.2081
4708 72.2081
4709 72.2081
4710 72.2081
4711 72.2081
4712 72.2081
4713 72.2081
4714 72.2081
4715 72.2081
4716 72.2081
4717 72.2081
4718 72.2081
4719 72.2081
4720 72.2081
4721 72.2081
4722 72.2081
4723 72.2081
4724 72.2081
4725 72.2081
4726 72.2081
4727 72.2081
4728 72.2081
4729 72.2081
4730 72.2081
4731 72.2081
4732 72.2081
4733 72.2081
4734 72.2081
4735 72.2081
4736 72.2081
4737 72.2081
4738 72.2081
4739 72.2081
4740 72.2081
4741 72.2081
4742 72.2081
4743 72.2081
4744 72.2081
4745 72.2081
4746 72.2081
4747 72.2081
4748 72.2081
4749 72.2081
4750 72.2081
4751 72.2081
4752 72.2081
4753 72.2081
4754 72.2081
4755 72.2081
4756 72.2081
4757 72.2081
4758 72.2081
4759 72.2081
4760 72.2081
4761 72.2081
4762 72.2081
4763 72.2081
4764 72.2081
4765 72.2081
4766 72.2081
4767 72.2081
4768 72.2081
4769 72.2081
4770 72.2081
4771 72.2081
4772 72.2081
4773 72.2081
4774 72.2081
4775 72.2081
4776 72.2081
4777 72.2081
4778 72.2081
4779 72.2081
4780 72.2081
4781 72.2081
4782 72.2081
4783 72.2081
4784 72.2081
4785 72.2081
4786 72.2081
4787 72.2081
4788 72.2081
4789 72.2081
4790 72.2081
4791 72.2081
4792 72.2081
4793 72.2081
4794 72.2081
4795 72.2081
4796 72.2081
4797 72.2081
4798 72.2081
4799 72.2081
4800 72.2081
4801 72.2081
4802 72.2081
4803 72.2081
4804 72.2081
4805 72.2081
4806 72.2081
4807 72.2081
4808 72.2081
4809 72.2081
4810 72.2081
4811 72.2081
4812 72.2081
4813 72.2081
4814 72.2081
4815 72.2081
4816 72.2081
4817 72.2081
4818 72.2081
4819 72.2081
4820 72.2081
4821 72.2081
4822 72.2081
4823 72.2081
4824 72.2081
4825 72.2081
4826 72.2081
4827 72.2081
4828 72.2081
4829 72.2081
4830 72.2081
4831 72.2081
4832 72.2081
4833 72.2081
4834 72.2081
4835 72.2081
4836 72.2081
4837 72.2081
4838 72.2081
4839 72.2081
4840 72.2081
4841 72.2081
4842 72.2081
4843 72.2081
4844 72.2081
4845 72.2081
4846 72.2081
4847 72.2081
4848 72.2081
4849 72.2081
4850 72.2081
4851 72.2081
4852 72.2081
4853 72.2081
4854 72.2081
4855 72.2081
4856 72.2081
4857 72.2081
4858 72.2081
4859 72.2081
4860 72.2081
4861 72.2081
4862 72.2081
4863 72.2081
4864 72.2081
4865 72.2081
4866 72.2081
4867 72.2081
4868 72.2081
4869 72.2081
4870 72.2081
4871 72.2081
4872 72.2081
4873 72.2081
4874 72.2081
4875 72.2081
4876 72.2081
4877 72.2081
4878 72.2081
4879 72.2081
4880 72.2081
4881 72.2081
4882 72.2081
4883 72.2081
4884 72.2081
4885 72.2081
4886 72.2081
4887 72.2081
4888 72.2081
4889 72.2081
4890 72.2081
4891 72.2081
4892 72.2081
4893 72.2081
4894 72.2081
4895 72.2081
4896 72.2081
4897 72.2081
4898 72.2081
4899 72.2081
4900 72.2081
4901 72.2081
4902 72.2081
4903 72.2081
4904 72.2081
4905 72.2081
4906 72.2081
4907 72.2081
4908 72.2081
4909 72.2081
4910 72.2081
4911 72.2081
4912 72.2081
4913 72.2081
4914 72.2081
4915 72.2081
4916 72.2081
4917 72.2081
4918 72.2081
4919 72.2081
4920 72.2081
4921 72.2081
4922 72.2081
4923 72.2081
4924 72.2081
4925 72.2081
4926 72.2081
4927 72.2081
4928 72.2081
4929 72.2081
4930 72.2081
4931 72.2081
4932 72.2081
4933 72.2081
4934 72.2081
4935 72.2081
4936 72.2081
4937 72.2081
4938 72.2081
4939 72.2081
4940 72.2081
4941 72.2081
4942 72.2081
4943 72.2081
4944 72.2081
4945 72.2081
4946 72.2081
4947 72.2081
4948 72.2081
4949 72.2081
4950 72.2081
4951 72.2081
4952 72.2081
4953 72.2081
4954 72.2081
4955 72.2081
4956 72.2081
4957 72.2081
4958 72.2081
4959 72.2081
4960 72.2081
4961 72.2081
4962 72.2081
4963 72.2081
4964 72.2081
4965 72.2081
4966 72.2081
4967 72.2081
4968 72.2081
4969 72.2081
4970 72.2081
4971 72.2081
4972 72.2081
4973 72.2081
4974 72.2081
4975 72.2081
4976 72.2081
4977 72.2081
4978 72.2081
4979 72.2081
4980 72.2081
4981 72.2081
4982 72.2081
4983 72.2081
4984 72.2081
4985 72.2081
4986 72.2081
4987 72.2081
4988 72.2081
4989 72.2081
4990 72.2081
4991 72.2081
4992 72.2081
4993 72.2081
4994 72.2081
4995 72.2081
4996 72.2081
4997 72.2081
4998 72.2081
4999 72.2081
5000 72.2081
5001 72.2081
5002 72.2081
5003 72.2081
5004 72.2081
5005 72.2081
5006 72.2081
5007 72.2081
5008 72.2081
5009 72.2081
5010 72.2081
5011 72.2081
5012 72.2081
5013 72.2081
5014 72.2081
5015 72.2081
5016 72.2081
5017 72.2081
5018 72.2081
5019 72.2081
5020 72.2081
5021 72.2081
5022 72.2081
5023 72.2081
5024 72.2081
5025 72.2081
5026 72.2081
5027 72.2081
5028 72.2081
5029 72.2081
5030 72.2081
5031 72.2081
5032 72.2081
5033 72.2081
5034 72.2081
5035 72.2081
5036 72.2081
5037 72.2081
5038 72.2081
5039 72.2081
5040 72.2081
5041 72.2081
5042 72.2081
5043 72.2081
5044 72.2081
5045 72.2081
5046 72.2081
5047 72.2081
5048 72.2081
5049 72.2081
5050 72.2081
5051 72.2081
5052 72.2081
5053 72.2081
5054 72.2081
5055 72.2081
5056 72.2081
5057 72.2081
5058 72.2081
5059 72.2081
5060 72.2081
5061 72.2081
5062 72.2081
5063 72.2081
5064 72.2081
5065 72.2081
5066 72.2081
5067 72.2081
5068 72.2081
5069 72.2081
5070 72.2081
5071 72.2081
5072 72.2081
5073 72.2081
5074 72.2081
5075 72.2081
5076 72.2081
5077 72.2081
5078 72.2081
5079 72.2081
5080 72.2081
5081 72.2081
5082 72.2081
5083 72.2081
5084 72.2081
5085 72.2081
5086 72.2081
5087 72.2081
5088 72.2081
5089 72.2081
5090 72.2081
5091 72.2081
5092 72.2081
5093 72.2081
5094 72.2081
5095 72.2081
5096 72.2081
5097 72.2081
5098 72.2081
5099 72.2081
5100 72.2081
5101 72.2081
5102 72.2081
5103 72.2081
5104 72.2081
5105 72.2081
5106 72.2081
5107 72.2081
5108 72.2081
5109 72.2081
5110 72.2081
5111 72.2081
5112 72.2081
5113 72.2081
5114 72.2081
5115 72.2081
5116 72.2081
5117 72.2081
5118 72.2081
5119 72.2081
5120 72.2081
5121 72.2081
5122 72.2081
5123 72.2081
5124 72.2081
5125 72.2081
5126 72.2081
5127 72.2081
5128 72.2081
5129 72.2081
5130 72.2081
5131 72.2081
5132 72.2081
5133 72.2081
5134 72.2081
5135 72.2081
5136 72.2081
5137 72.2081
5138 72.2081
5139 72.2081
5140 72.2081
5141 72.2081
5142 72.2081
5143 72.2081
5144 72.2081
5145 72.2081
5146 72.2081
5147 72.2081
5148 72.2081
5149 72.2081
5150 72.2081
5151 72.2081
5152 72.2081
5153 72.2081
5154 72.2081
5155 72.2081
5156 72.2081
5157 72.2081
5158 72.2081
5159 72.2081
5160 72.2081
5161 72.2081
5162 72.2081
5163 72.2081
5164 72.2081
5165 72.2081
5166 72.2081
5167 72.2081
5168 72.2081
5169 72.2081
5170 72.2081
5171 72.2081
5172 72.2081
5173 72.2081
5174 72.2081
5175 72.2081
5176 72.2081
5177 72.2081
5178 72.2081
5179 72.2081
5180 72.2081
5181 72.2081
5182 72.2081
5183 72.2081
5184 72.2081
5185 72.2081
5186 72.2081
5187 72.2081
5188 72.2081
5189 72.2081
5190 72.2081
5191 72.2081
5192 72.2081
5193 72.2081
5194 72.2081
5195 72.2081
5196 72.2081
5197 72.2081
5198 72.2081
5199 72.2081
5200 72.2081
5201 72.2081
5202 72.2081
5203 72.2081
5204 72.2081
5205 72.2081
5206 72.2081
5207 72.2081
5208 72.2081
5209 72.2081
5210 72.2081
5211 72.2081
5212 72.2081
5213 72.2081
5214 72.2081
5215 72.2081
5216 72.2081
5217 72.2081
5218 72.2081
5219 72.2081
5220 72.2081
5221 72.2081
5222 72.2081
5223 72.2081
5224 72.2081
5225 72.2081
5226 72.2081
5227 72.2081
5228 72.2081
5229 72.2081
5230 72.2081
5231 72.2081
5232 72.2081
5233 72.2081
5234 72.2081
5235 72.2081
5236 72.2081
5237 72.2081
5238 72.2081
5239 72.2081
5240 72.2081
5241 72.2081
5242 72.2081
5243 72.2081
5244 72.2081
5245 72.2081
5246 72.2081
5247 72.2081
5248 72.2081
5249 72.2081
5250 72.2081
5251 72.2081
5252 72.2081
5253 72.2081
5254 72.2081
5255 72.2081
5256 72.2081
5257 72.2081
5258 72.2081
5259 72.2081
5260 72.2081
5261 72.2081
5262 72.2081
5263 72.2081
5264 72.2081
5265 72.2081
5266 72.2081
5267 72.2081
5268 72.2081
5269 72.2081
5270 72.2081
5271 72.2081
5272 72.2081
5273 72.2081
5274 72.2081
5275 72.2081
5276 72.2081
5277 72.2081
5278 72.2081
5279 72.2081
5280 72.2081
5281 72.2081
5282 72.2081
5283 72.2081
5284 72.2081
5285 72.2081
5286 72.2081
5287 72.2081
5288 72.2081
5289 72.2081
5290 72.2081
5291 72.2081
5292 72.2081
5293 72.2081
5294 72.2081
5295 72.2081
5296 72.2081
5297 72.2081
5298 72.2081
5299 72.2081
5300 72.2081
5301 72.2081
5302 72.2081
5303 72.2081
5304 72.2081
5305 72.2081
5306 72.2081
5307 72.2081
5308 72.2081
5309 72.2081
5310 72.2081
5311 72.2081
5312 72.2081
5313 72.2081
5314 72.2081
5315 72.2081
5316 72.2081
5317 72.2081
5318 72.2081
5319 72.2081
5320 72.2081
5321 72.2081
5322 72.2081
5323 72.2081
5324 72.2081
5325 72.2081
5326 72.2081
5327 72.2081
5328 72.2081
5329 72.2081
5330 72.2081
5331 72.2081
5332 72.2081
5333 72.2081
5334 72.2081
5335 72.2081
5336 72.2081
5337 72.2081
5338 72.2081
5339 72.2081
5340 72.2081
5341 72.2081
5342 72.2081
5343 72.2081
5344 72.2081
5345 72.2081
5346 72.2081
5347 72.2081
5348 72.2081
5349 72.2081
5350 72.2081
5351 72.2081
5352 72.2081
5353 72.2081
5354 72.2081
5355 72.2081
5356 72.2081
5357 72.2081
5358 72.2081
5359 72.2081
5360 72.2081
5361 72.2081
5362 72.2081
5363 72.2081
5364 72.2081
5365 72.2081
5366 72.2081
5367 72.2081
5368 72.2081
5369 72.2081
5370 72.2081
5371 72.2081
5372 72.2081
5373 72.2081
5374 72.2081
5375 72.2081
5376 72.2081
5377 72.2081
5378 72.2081
5379 72.085
5380 72.085
5381 72.085
5382 72.085
5383 72.085
5384 72.085
5385 72.085
5386 72.085
5387 72.085
5388 72.085
5389 72.085
5390 72.085
5391 72.085
5392 72.085
5393 72.085
5394 72.085
5395 72.085
5396 72.085
5397 72.085
5398 72.085
5399 72.085
5400 72.085
5401 72.085
5402 72.085
5403 72.085
5404 72.085
5405 72.085
5406 72.085
5407 72.085
5408 72.085
5409 72.085
5410 72.085
5411 72.085
5412 72.085
5413 72.085
5414 72.085
5415 72.085
5416 72.085
5417 72.085
5418 72.085
5419 72.085
5420 72.085
5421 72.085
5422 72.085
5423 72.085
5424 72.085
5425 72.085
5426 72.085
5427 72.085
5428 72.085
5429 72.085
5430 72.085
5431 72.085
5432 72.085
5433 72.085
5434 72.085
5435 72.085
5436 72.085
5437 72.085
5438 72.085
5439 72.085
5440 72.085
5441 72.085
5442 72.085
5443 72.085
5444 72.085
5445 72.085
5446 72.085
5447 72.085
5448 71.6087
5449 71.6087
5450 71.6087
5451 71.6087
5452 71.6087
5453 71.6087
5454 71.6087
5455 71.6087
5456 71.6087
5457 71.6087
5458 71.6087
5459 71.6087
5460 71.6087
5461 71.6087
5462 71.6087
5463 71.6087
5464 71.6087
5465 71.6087
5466 71.6087
5467 71.6087
5468 71.6087
5469 71.6087
5470 71.6087
5471 71.6087
5472 71.6087
5473 71.6087
5474 71.6087
5475 71.6087
5476 71.6087
5477 71.6087
5478 71.6087
5479 71.6087
5480 71.6087
5481 71.6087
5482 71.6087
5483 71.6087
5484 71.6087
5485 71.6087
5486 71.6087
5487 71.6087
5488 71.6087
5489 71.6087
5490 71.6087
5491 71.6087
5492 71.6087
5493 71.6087
5494 71.6087
5495 71.6087
5496 71.6087
5497 71.6087
5498 71.6087
5499 71.6087
5500 71.6087
5501 71.6087
5502 71.6087
5503 71.6087
5504 71.6087
5505 71.6087
5506 71.6087
5507 71.6087
5508 71.6087
5509 71.6087
5510 71.6087
5511 71.6087
5512 71.6087
5513 71.6087
5514 71.6087
5515 71.6087
5516 71.6087
5517 71.6087
5518 71.6087
5519 71.6087
5520 71.6087
5521 71.6087
5522 71.6087
5523 71.6087
5524 71.6087
5525 71.6087
5526 71.6087
5527 71.6087
5528 71.6087
5529 71.6087
5530 71.6087
5531 71.6087
5532 71.6087
5533 71.6087
5534 71.6087
5535 71.6087
5536 71.6087
5537 71.6087
5538 71.6087
5539 71.6087
5540 71.6087
5541 71.6087
5542 71.6087
5543 71.6087
5544 71.6087
5545 71.6087
5546 71.6087
5547 71.6087
5548 71.6087
5549 71.6087
5550 71.6087
5551 71.6087
5552 71.6087
5553 71.6087
5554 71.6087
5555 71.6087
5556 71.6087
5557 71.6087
5558 71.6087
5559 71.6087
5560 71.6087
5561 71.6087
5562 71.6087
5563 71.6087
5564 71.6087
5565 71.6087
5566 71.6087
5567 71.6087
5568 71.6087
5569 71.6087
5570 71.6087
5571 71.6087
5572 71.6087
5573 71.6087
5574 71.6087
5575 71.6087
5576 71.6087
5577 71.6087
5578 71.6087
5579 71.6087
5580 71.6087
5581 71.6087
5582 71.6087
5583 71.6087
5584 71.6087
5585 71.6087
5586 71.6087
5587 71.6087
5588 71.6087
5589 71.6087
5590 71.6087
5591 71.6087
5592 71.6087
5593 71.6087
5594 71.6087
5595 71.6087
5596 71.6087
5597 71.6087
5598 71.6087
5599 71.6087
5600 71.6087
5601 71.6087
5602 71.6087
5603 71.6087
5604 71.6087
5605 71.6087
5606 71.6087
5607 71.6087
5608 71.6087
5609 71.6087
5610 71.6087
5611 71.6087
5612 71.6087
5613 71.6087
5614 71.6087
5615 71.6087
5616 71.6087
5617 71.6087
5618 71.6087
5619 71.6087
5620 71.6087
5621 71.6087
5622 71.6087
5623 71.6087
5624 71.6087
5625 71.6087
5626 71.6087
5627 71.6087
5628 71.6087
5629 71.6087
5630 71.6087
5631 71.6087
5632 71.6087
5633 71.6087
5634 71.6087
5635 71.6087
5636 71.6087
5637 71.6087
5638 71.6087
5639 71.6087
5640 71.6087
5641 71.6087
5642 71.6087
5643 71.6087
5644 71.6087
5645 71.6087
5646 71.6087
5647 71.6087
5648 71.6087
5649 71.6087
5650 71.6087
5651 71.6087
5652 71.6087
5653 71.6087
5654 71.6087
5655 71.6087
5656 71.6087
5657 71.6087
5658 71.6087
5659 71.6087
5660 71.6087
5661 71.6087
5662 71.6087
5663 71.6087
5664 71.6087
5665 71.6087
5666 71.6087
5667 71.6087
5668 71.6087
5669 71.6087
5670 71.6087
5671 71.6087
5672 71.6087
5673 71.6087
5674 71.6087
5675 71.6087
5676 71.6087
5677 71.6087
5678 71.6087
5679 71.6087
5680 71.6087
5681 71.6087
5682 71.6087
5683 71.6087
5684 71.6087
5685 71.6087
5686 71.6087
5687 71.6087
5688 71.6087
5689 71.6087
5690 71.6087
5691 71.6087
5692 71.6087
5693 71.6087
5694 71.6087
5695 71.6087
5696 71.6087
5697 71.6087
5698 71.6087
5699 71.6087
5700 71.6087
5701 71.6087
5702 71.6087
5703 71.6087
5704 71.6087
5705 71.6087
5706 71.6087
5707 71.6087
5708 71.6087
5709 71.6087
5710 71.6087
5711 71.6087
5712 71.6087
5713 71.6087
5714 71.6087
5715 71.6087
5716 71.6087
5717 71.6087
5718 71.6087
5719 71.6087
5720 71.6087
5721 71.6087
5722 71.6087
5723 71.6087
5724 71.6087
5725 71.6087
5726 71.6087
5727 71.6087
5728 71.6087
5729 71.6087
5730 71.6087
5731 71.6087
5732 71.6087
5733 71.6087
5734 71.6087
5735 71.6087
5736 71.6087
5737 71.6087
5738 71.6087
5739 71.6087
5740 71.6087
5741 71.6087
5742 71.6087
5743 71.6087
5744 71.6087
5745 71.6087
5746 71.6087
5747 71.6087
5748 71.6087
5749 71.6087
5750 71.6087
5751 71.6087
5752 71.6087
5753 71.6087
5754 71.6087
5755 71.6087
5756 71.6087
5757 71.6087
5758 71.6087
5759 71.6087
5760 71.6087
5761 71.6087
5762 71.6087
5763 71.6087
5764 71.6087
5765 71.6087
5766 71.6087
5767 71.6087
5768 71.6087
5769 71.6087
5770 71.6087
5771 71.6087
5772 71.6087
5773 71.6087
5774 71.6087
5775 71.6087
5776 71.6087
5777 71.6087
5778 71.6087
5779 71.3326
5780 71.3326
5781 71.3326
5782 71.3326
5783 71.3326
5784 71.3326
5785 71.3326
5786 71.3326
5787 71.3326
5788 71.3326
5789 71.3326
5790 71.3326
5791 71.3326
5792 71.3326
5793 71.3326
5794 71.3326
5795 71.3326
5796 71.3326
5797 71.3326
5798 71.3326
5799 71.3326
5800 71.3326
5801 71.3326
5802 71.3326
5803 71.3326
5804 71.3326
5805 71.3326
5806 71.3326
5807 71.3326
5808 71.3326
5809 71.3326
5810 71.3326
5811 71.3326
5812 71.3326
5813 71.3326
5814 71.3326
5815 71.3326
5816 71.3326
5817 71.3326
5818 71.3326
5819 71.3326
5820 71.3326
5821 71.3326
5822 71.3326
5823 71.3326
5824 71.3326
5825 71.3326
5826 71.3326
5827 71.3326
5828 71.3326
5829 71.3326
5830 71.3326
5831 71.3326
5832 71.3326
5833 71.3326
5834 71.3326
5835 71.3326
5836 71.3326
5837 71.3326
5838 71.3326
5839 71.3326
5840 71.3326
5841 71.3326
5842 71.3326
5843 71.3326
5844 71.3326
5845 71.3326
5846 71.3326
5847 71.3326
5848 71.3326
5849 71.3326
5850 71.3326
5851 71.3326
5852 71.3326
5853 71.3326
5854 71.3326
5855 71.3326
5856 71.3326
5857 71.3326
5858 71.3326
5859 71.3326
5860 71.3326
5861 71.3326
5862 71.3326
5863 71.3326
5864 71.3326
5865 71.3326
5866 71.3326
5867 71.3326
5868 71.3326
5869 71.3326
5870 71.3326
5871 71.3326
5872 71.3326
5873 71.3326
5874 71.3326
5875 71.3326
5876 71.3326
5877 71.3326
5878 71.3326
5879 71.3326
5880 71.3326
5881 71.3326
5882 71.3326
5883 71.3326
5884 71.3326
5885 71.3326
5886 71.3326
5887 71.3326
5888 71.3326
5889 71.3326
5890 71.3326
5891 71.3326
5892 71.3326
5893 71.3326
5894 71.3326
5895 71.3326
5896 71.3326
5897 71.3326
5898 71.3326
5899 71.3326
5900 71.3326
5901 71.3326
5902 71.3326
5903 71.3326
5904 71.3326
5905 71.3326
5906 71.3326
5907 71.3326
5908 71.3326
5909 71.3326
5910 71.3326
5911 71.3326
5912 71.3326
5913 71.3326
5914 71.3326
5915 71.3326
5916 71.3326
5917 71.3326
5918 71.3326
5919 71.3326
5920 71.3326
5921 71.3326
5922 71.3326
5923 71.3326
5924 71.3326
5925 71.3326
5926 71.3326
5927 71.3326
5928 71.3326
5929 71.3326
5930 71.3326
5931 71.3326
5932 71.3326
5933 71.3326
5934 71.3326
5935 71.3326
5936 71.3326
5937 71.3326
5938 71.3326
5939 71.3326
5940 71.3326
5941 71.3326
5942 71.3326
5943 71.3326
5944 71.3326
5945 71.3326
5946 71.3326
5947 71.3326
5948 71.3326
5949 71.3326
5950 71.3326
5951 71.3326
5952 71.3326
5953 71.3326
5954 71.3326
5955 71.3326
5956 71.3326
5957 71.3326
5958 71.3326
5959 71.3326
5960 71.3326
5961 71.3326
5962 71.3326
5963 71.3326
5964 71.3326
5965 71.3326
5966 71.3326
5967 71.3326
5968 71.3326
5969 71.3326
5970 71.3326
5971 71.3326
5972 71.3326
5973 71.3326
5974 71.3326
5975 71.3326
5976 71.3326
5977 71.3326
5978 71.3326
5979 71.3326
5980 71.3326
5981 71.3326
5982 71.3326
5983 71.3326
5984 71.3326
5985 71.3326
5986 71.3326
5987 71.3326
5988 71.3326
5989 71.3326
5990 71.3326
5991 71.3326
5992 71.3326
5993 71.3326
5994 71.3326
5995 71.3326
5996 71.3326
5997 71.3326
5998 71.3326
5999 71.3326
