0 438.33
1 433.15
2 426.798
3 420.295
4 413.807
5 410.585
6 406.469
7 401.104
8 397.882
9 393.577
10 388.399
11 387.603
12 381.876
13 381.876
14 380.113
15 378.015
16 372.49
17 370.754
18 368.166
19 364.241
20 361.315
21 356.39
22 353.463
23 352.298
24 347.745
25 338.557
26 334.004
27 325.385
28 323.403
29 320.868
30 316.72
31 312.353
32 309.626
33 304.169
34 304.161
35 300.765
36 300.765
37 297.793
38 295.086
39 293.758
40 293.008
41 290.647
42 287.619
43 286.291
44 282.621
45 281.859
46 279.35
47 279.35
48 274.195
49 272.114
50 270.421
51 269.013
52 267.842
53 267.121
54 263.75
55 261.003
56 261.003
57 260.835
58 260.835
59 257.663
60 256.285
61 255.648
62 253.667
63 246.715
64 244.594
65 243.89
66 242.29
67 242.29
68 241.715
69 241.187
70 240.484
71 236.241
72 235.61
73 234.014
74 233.598
75 232.397
76 232.158
77 231.341
78 228.806
79 227.75
80 227.75
81 227.41
82 227.41
83 226.968
84 224.623
85 224.181
86 221.22
87 220.531
88 218.103
89 217.856
90 216.259
91 216.089
92 214.245
93 213.684
94 211.67
95 210.44
96 210.44
97 209.215
98 208.295
99 208.295
100 206.644
101 201.007
102 201.007
103 201.007
104 201.007
105 201.007
106 201.007
107 200.062
108 200.062
109 200.062
110 200.062
111 200.052
112 198.19
113 197.623
114 197.613
115 195.605
116 195.605
117 195.595
118 194.252
119 191.526
120 191.526
121 189.793
122 189.793
123 188.461
124 188.461
125 188.461
126 187.734
127 187.193
128 185.723
129 185.723
130 185.583
131 184.588
132 184.448
133 184.448
134 184.44
135 184.44
136 184.44
137 184.305
138 184.297
139 184.297
140 184.297
141 182.694
142 181.234
143 180.471
144 180.051
145 179.642
146 178.406
147 177.759
148 177.125
149 175.81
150 175.168
151 161.504
152 161.297
153 160.587
154 158.837
155 158.837
156 158.837
157 158.837
158 158.837
159 157.556
160 156.592
161 155.637
162 155.637
163 155.523
164 154.973
165 153.856
166 153.818
167 151.134
168 150.985
169 149.551
170 149.519
171 149.519
172 149.519
173 148.771
174 148.771
175 148.771
176 148.026
177 148.026
178 147.675
179 147.675
180 147.613
181 147.613
182 147.364
183 147.021
184 147.021
185 145.205
186 139.606
187 139.443
188 139.443
189 138.535
190 138.535
191 138.428
192 138.428
193 138.428
194 138.428
195 138.428
196 138.428
197 138.077
198 138.077
199 137.84
200 137.84
201 136.984
202 136.984
203 136.83
204 136.83
205 136.83
206 135.735
207 135.735
208 135.412
209 135.412
210 134.237
211 133.488
212 133.488
213 133.186
214 133.186
215 132.601
216 131.611
217 131.309
218 131.309
219 131.241
220 131.196
221 130.826
222 130.826
223 130.258
224 129.605
225 129.143
226 129.143
227 128.936
228 128.86
229 127.524
230 127.023
231 127.023
232 126.824
233 126.524
234 126.325
235 126.265
236 126.205
237 125.946
238 125.668
239 125.217
240 125.123
241 124.507
242 124.507
243 124.507
244 124.507
245 124.507
246 124.507
247 124.507
248 124.469
249 124.469
250 124.086
251 124.086
252 124.076
253 124.076
254 124.076
255 123.688
256 123.688
257 122.986
258 121.689
259 121.689
260 121.689
261 120.987
262 120.46
263 120.46
264 119.361
265 118.868
266 118.868
267 118.868
268 118.868
269 118.868
270 118.868
271 118.868
272 118.868
273 118.508
274 117.472
275 117.472
276 117.472
277 117.472
278 117.472
279 117.472
280 117.472
281 117.472
282 117.241
283 117.241
284 116.379
285 116.379
286 116.379
287 116.379
288 116.379
289 116.379
290 116.379
291 116.379
292 116.379
293 115.822
294 115.822
295 115.822
296 115.822
297 115.822
298 115.822
299 115.822
300 115.632
301 115.632
302 115.632
303 115.632
304 115.523
305 115.523
306 115.523
307 115.523
308 115.523
309 115.523
310 112.84
311 112.111
312 112.111
313 112.111
314 112.111
315 112.111
316 110.659
317 110.659
318 110.659
319 110.659
320 110.659
321 110.659
322 110.659
323 109.93
324 109.93
325 109.93
326 109.93
327 109.852
328 109.729
329 109.729
330 109.729
331 109.729
332 109.729
333 109.729
334 109.729
335 109.729
336 109.729
337 109.729
338 109.324
339 109.324
340 109.324
341 109.324
342 109.324
343 109.324
344 109.324
345 109.324
346 109.324
347 108.653
348 108.653
349 108.653
350 108.653
351 105.497
352 105.497
353 105.47
354 105.47
355 105.47
356 105.47
357 105.47
358 105.47
359 105.47
360 105.426
361 105.426
362 105.426
363 105.426
364 105.415
365 105.415
366 105.062
367 105.062
368 105.062
369 105.062
370 105.062
371 105.062
372 105.062
373 105.062
374 103.207
375 103.207
376 103.207
377 103.207
378 103.207
379 103.207
380 102.98
381 102.98
382 102.98
383 102.98
384 102.98
385 102.98
386 102.98
387 102.98
388 102.98
389 102.98
390 102.98
391 102.98
392 102.98
393 102.98
394 102.98
395 100.758
396 100.758
397 100.758
398 100.758
399 100.758
400 100.758
401 98.4276
402 98.4276
403 98.4276
404 98.4276
405 98.4276
406 98.4276
407 97.7503
408 97.7503
409 97.7503
410 97.7503
411 97.7503
412 97.7503
413 97.7503
414 97.7503
415 97.7503
416 97.7503
417 97.7503
418 97.7503
419 97.7503
420 97.7503
421 97.7503
422 97.7503
423 97.7503
424 97.7503
425 97.7503
426 97.6489
427 97.6489
428 97.6489
429 97.6489
430 97.6489
431 97.6489
432 97.6489
433 97.6489
434 97.6489
435 97.6489
436 97.6489
437 97.4335
438 96.9413
439 96.6325
440 96.6325
441 96.6325
442 96.5957
443 96.5957
444 96.5957
445 96.5957
446 96.5957
447 96.5957
448 96.5957
449 96.5957
450 96.5957
451 91.8093
452 91.8093
453 91.8093
454 91.8093
455 91.723
456 91.723
457 91.723
458 91.723
459 91.723
460 91.723
461 91.723
462 91.723
463 91.723
464 91.723
465 91.6416
466 91.4038
467 91.4038
468 91.4038
469 91.4038
470 91.4038
471 91.4038
472 91.4038
473 91.4038
474 91.4038
475 91.4038
476 91.133
477 91.0077
478 90.7368
479 90.7368
480 90.7368
481 90.7368
482 90.7368
483 90.7368
484 90.7368
485 90.7368
486 90.6148
487 90.6148
488 90.6148
489 90.0178
490 90.0178
491 90.0178
492 90.0178
493 90.0178
494 90.0178
495 90.0178
496 90.0178
497 90.0178
498 89.3002
499 89.3002
500 89.3002
501 89.3002
502 88.6708
503 88.6708
504 88.3355
505 87.6861
506 87.6861
507 87.6861
508 87.6861
509 87.6861
510 87.6861
511 87.6861
512 87.6861
513 87.6861
514 87.6861
515 87.6861
516 87.6861
517 87.6861
518 87.435
519 87.435
520 87.435
521 87.435
522 87.435
523 87.435
524 87.435
525 87.435
526 87.435
527 87.435
528 87.435
529 87.435
530 87.435
531 87.435
532 87.435
533 87.435
534 87.4285
535 87.4285
536 87.4285
537 87.4285
538 87.4285
539 87.4285
540 87.4285
541 87.4285
542 87.4285
543 87.4285
544 87.1115
545 86.5123
546 86.5123
547 86.5123
548 86.5123
549 86.5123
550 86.5123
551 86.5123
552 86.5123
553 86.5123
554 86.5123
555 86.5123
556 86.5123
557 85.9212
558 85.9212
559 85.8977
560 85.8977
561 85.8743
562 85.8509
563 85.8509
564 85.8509
565 85.8509
566 85.8509
567 85.4137
568 85.4137
569 85.1571
570 85.1571
571 85.1571
572 85.1571
573 85.1571
574 85.1571
575 85.1571
576 85.1571
577 85.1571
578 85.1571
579 85.1571
580 85.1571
581 85.0408
582 85.0408
583 85.0408
584 85.0408
585 85.0408
586 85.0408
587 85.0408
588 85.0408
589 85.0408
590 85.0408
591 85.0408
592 85.0408
593 85.0408
594 85.0408
595 85.0408
596 85.0408
597 85.0408
598 85.0408
599 85.0408
600 85.0408
601 80.6479
602 80.6479
603 80.6479
604 80.6479
605 80.6479
606 80.6479
607 80.6479
608 80.6479
609 80.6479
610 80.6479
611 80.6479
612 80.6376
613 80.2343
614 80.2343
615 80.224
616 80.224
617 80.224
618 80.1131
619 80.1131
620 80.1131
621 80.1131
622 78.7899
623 78.7899
624 78.7899
625 78.7899
626 78.7899
627 78.7899
628 78.7899
629 78.7899
630 78.7899
631 78.7899
632 78.7899
633 78.5266
634 78.5266
635 78.5266
636 78.4446
637 78.4446
638 78.4446
639 78.4446
640 78.4446
641 78.4446
642 78.4353
643 78.4353
644 78.2695
645 78.2695
646 77.9322
647 77.9322
648 77.9322
649 77.8243
650 77.8243
651 77.792
652 77.792
653 77.792
654 77.792
655 77.792
656 77.792
657 77.792
658 77.792
659 77.792
660 77.792
661 77.792
662 77.792
663 77.792
664 77.792
665 77.792
666 77.792
667 77.792
668 77.792
669 77.7911
670 77.7911
671 77.7911
672 77.7911
673 77.7911
674 77.7911
675 77.7911
676 77.7911
677 77.7911
678 77.7911
679 77.7911
680 77.7911
681 77.7911
682 77.7911
683 77.7911
684 77.7911
685 77.7911
686 77.7911
687 77.7911
688 77.7911
689 77.7911
690 77.7911
691 77.7911
692 77.7911
693 77.7911
694 77.7911
695 77.7911
696 77.7911
697 77.7911
698 77.7911
699 77.7911
700 77.7911
701 77.7911
702 77.7911
703 77.7911
704 77.7911
705 77.7911
706 77.6393
707 77.6393
708 77.6393
709 77.6393
710 77.6393
711 77.6393
712 77.6393
713 77.6393
714 77.6393
715 77.6393
716 77.6393
717 77.6393
718 77.6393
719 77.6393
720 77.6393
721 77.6393
722 77.6393
723 77.6393
724 77.6393
725 77.2518
726 77.2518
727 77.2518
728 77.2518
729 77.2518
730 77.2518
731 77.2518
732 77.2518
733 77.2518
734 77.2518
735 77.2518
736 77.2518
737 77.2518
738 77.2518
739 77.2518
740 77.2518
741 77.2518
742 77.2518
743 77.2518
744 77.2518
745 77.2518
746 77.2518
747 77.2518
748 77.1636
749 77.1636
750 77.1636
751 75.4181
752 75.4181
753 75.4181
754 75.4181
755 75.4181
756 75.4181
757 75.4181
758 75.4181
759 75.4181
760 75.4181
761 75.4181
762 75.4181
763 75.4181
764 75.4181
765 75.4181
766 75.4181
767 75.4181
768 75.4181
769 75.4181
770 75.4181
771 75.4181
772 75.4181
773 75.4181
774 75.4181
775 75.4181
776 75.4181
777 75.4181
778 75.4181
779 75.4181
780 75.4181
781 75.4181
782 75.4181
783 75.4181
784 75.4181
785 75.4181
786 75.4181
787 75.4181
788 75.4181
789 75.4181
790 75.4181
791 75.4181
792 75.4181
793 75.4181
794 75.4181
795 75.4181
796 75.4181
797 75.4181
798 75.4181
799 75.4181
800 75.4181
801 75.038
802 74.8487
803 74.8487
804 74.8487
805 74.8487
806 74.8487
807 74.8487
808 74.8487
809 74.8487
810 74.8487
811 74.8487
812 74.8487
813 74.8487
814 74.8487
815 74.8487
816 74.8487
817 74.8487
818 74.8487
819 74.8487
820 74.8487
821 74.8487
822 74.8487
823 74.8487
824 74.8487
825 74.8487
826 74.8487
827 74.8487
828 74.8487
829 74.8487
830 74.8487
831 74.8487
832 74.8487
833 74.8487
834 74.8487
835 74.8487
836 74.8487
837 74.8487
838 74.8487
839 74.8487
840 74.8487
841 74.8487
842 74.8487
843 74.8487
844 74.8487
845 74.8487
846 74.8487
847 74.8487
848 74.8487
849 74.8487
850 74.8487
851 74.8487
852 74.8487
853 74.8487
854 74.8487
855 74.8487
856 74.8487
857 74.8487
858 74.8487
859 74.8487
860 74.8487
861 74.8487
862 74.8487
863 74.8487
864 74.8487
865 74.8487
866 74.8487
867 74.8487
868 74.8487
869 74.8487
870 74.8487
871 74.8487
872 74.8487
873 74.8487
874 74.8487
875 74.8487
876 74.8487
877 74.8487
878 74.8487
879 74.8487
880 74.8487
881 74.8487
882 74.8487
883 74.8487
884 74.8487
885 74.8487
886 74.8487
887 74.8487
888 74.8487
889 74.8487
890 74.8487
891 74.8487
892 74.8487
893 74.8487
894 74.8487
895 74.8487
896 74.8487
897 74.6926
898 74.6926
899 74.6926
900 74.4837
901 74.4837
902 74.4837
903 74.4837
904 74.4837
905 74.4837
906 74.4837
907 74.4837
908 74.4837
909 74.4837
910 74.4837
911 74.4837
912 74.4837
913 74.4837
914 74.4837
915 74.4837
916 74.4837
917 74.4837
918 74.4837
919 74.4837
920 74.4837
921 74.4837
922 74.4837
923 74.4837
924 74.4837
925 74.4837
926 74.4837
927 74.4837
928 74.4837
929 74.4837
930 74.4837
931 74.4837
932 74.4837
933 74.4837
934 74.4837
935 74.4837
936 74.4837
937 74.4837
938 74.4837
939 74.4837
940 74.4837
941 74.4837
942 74.4837
943 74.4837
944 74.4837
945 74.4837
946 74.4837
947 74.4837
948 74.4837
949 74.4837
950 74.4837
951 74.0913
952 73.2554
953 73.2554
954 73.2554
955 73.2554
956 73.2554
957 73.2554
958 73.2554
959 73.2554
960 73.2554
961 73.2554
962 73.2554
963 73.2554
964 73.2554
965 73.2554
966 73.2554
967 73.2554
968 73.2554
969 73.2554
970 73.2554
971 73.2554
972 73.2554
973 73.2554
974 73.2554
975 73.2554
976 73.2554
977 73.2554
978 73.2554
979 73.2554
980 73.2554
981 73.2554
982 73.2554
983 73.2554
984 73.2554
985 73.2554
986 73.2554
987 73.2554
988 73.2554
989 73.2554
990 73.2554
991 73.2554
992 73.2554
993 73.2554
994 73.2554
995 73.2554
996 73.2554
997 73.2554
998 73.2554
999 73.2554
1000 73.2554
1001 73.0891
1002 73.0891
1003 73.0619
1004 73.0619
1005 73.0619
1006 73.0619
1007 73.0619
1008 73.0619
1009 73.0619
1010 73.0619
1011 73.0619
1012 73.0619
1013 73.0619
1014 72.8135
1015 72.8135
1016 72.8135
1017 72.8135
1018 72.8135
1019 72.8135
1020 72.8135
1021 72.8135
1022 72.8135
1023 72.8135
1024 72.6603
1025 72.6603
1026 72.6603
1027 72.6603
1028 72.6603
1029 72.6603
1030 72.6603
1031 72.6603
1032 72.6603
1033 72.6603
1034 72.6603
1035 72.6603
1036 72.6603
1037 72.6603
1038 72.6603
1039 72.6603
1040 72.6603
1041 72.6603
1042 72.6603
1043 72.6603
1044 72.6603
1045 72.6603
1046 72.6603
1047 72.6603
1048 72.6603
1049 72.6603
1050 72.6603
1051 72.6603
1052 72.6603
1053 72.6603
1054 72.6603
1055 72.6603
1056 72.6603
1057 72.6603
1058 72.6603
1059 72.6603
1060 72.6603
1061 72.6603
1062 72.6603
1063 72.6603
1064 72.6603
1065 72.6603
1066 72.6603
1067 72.6603
1068 72.6603
1069 72.6603
1070 72.6603
1071 72.6603
1072 72.6603
1073 72.6603
1074 72.6603
1075 72.6603
1076 72.6603
1077 72.6603
1078 72.6603
1079 72.6603
1080 72.6603
1081 72.6603
1082 72.6603
1083 72.6603
1084 72.6603
1085 72.6603
1086 72.6603
1087 72.6603
1088 72.6603
1089 72.6603
1090 72.6603
1091 72.6603
1092 72.6603
1093 72.6603
1094 72.6603
1095 72.6603
1096 72.6603
1097 72.6603
1098 72.6603
1099 72.6603
1100 72.6603
1101 72.6603
1102 72.6603
1103 72.6603
1104 72.6603
1105 72.6603
1106 72.6603
1107 72.6603
1108 72.6603
1109 72.6603
1110 72.6603
1111 72.6603
1112 72.6603
1113 72.6603
1114 72.6603
1115 72.6603
1116 72.6603
1117 72.6603
1118 72.6603
1119 72.6603
1120 72.6603
1121 72.6603
1122 72.6603
1123 72.6603
1124 72.6603
1125 72.6603
1126 72.6603
1127 72.6603
1128 72.6603
1129 72.6603
1130 72.6603
1131 72.6603
1132 72.6603
1133 72.6603
1134 72.6603
1135 72.6603
1136 72.6603
1137 72.6603
1138 72.6603
1139 72.6603
1140 72.3825
1141 72.3825
1142 72.3811
1143 72.3811
1144 72.3811
1145 72.3811
1146 72.3811
1147 72.3811
1148 72.3811
1149 72.3811
1150 72.3811
1151 72.3811
1152 72.3811
1153 72.3811
1154 72.3811
1155 72.3811
1156 72.3811
1157 72.3811
1158 72.3811
1159 72.3811
1160 72.3811
1161 72.3811
1162 72.3811
1163 72.3811
1164 72.3811
1165 72.3811
1166 72.3811
1167 72.3811
1168 72.3811
1169 72.3811
1170 72.3811
1171 72.3811
1172 72.3811
1173 72.3811
1174 72.3811
1175 72.3811
1176 72.3811
1177 72.3811
1178 72.3811
1179 72.1323
1180 72.1323
1181 72.1323
1182 72.1323
1183 72.1323
1184 72.1323
1185 72.1323
1186 72.1323
1187 72.1323
1188 72.1323
1189 72.1323
1190 72.1323
1191 72.1323
1192 72.1323
1193 72.129
1194 72.129
1195 72.129
1196 72.0997
1197 72.0997
1198 72.0997
1199 72.0997
1200 72.0997
1201 72.0997
1202 72.0997
1203 72.0997
1204 72.0997
1205 72.0997
1206 72.0997
1207 72.0997
1208 72.0997
1209 72.0997
1210 72.0997
1211 72.0997
1212 72.0997
1213 72.0997
1214 72.0997
1215 72.0997
1216 72.0997
1217 72.0997
1218 72.0997
1219 72.0997
1220 72.0997
1221 72.0997
1222 72.0997
1223 72.0997
1224 72.0997
1225 72.0997
1226 72.0997
1227 72.0997
1228 72.0997
1229 72.0997
1230 72.0997
1231 72.0997
1232 72.0997
1233 72.0997
1234 72.0997
1235 72.0997
1236 72.0997
1237 72.0997
1238 72.0997
1239 72.0997
1240 72.0997
1241 72.0997
1242 72.0997
1243 72.0997
1244 72.0997
1245 72.0997
1246 72.0997
1247 72.0997
1248 72.0997
1249 72.0997
1250 72.0997
1251 72.0997
1252 72.0997
1253 72.0997
1254 72.0997
1255 72.0997
1256 72.0997
1257 72.0997
1258 72.0997
1259 72.0997
1260 72.0997
1261 72.0997
1262 72.0997
1263 72.0997
1264 72.0997
1265 72.0997
1266 72.0997
1267 72.0997
1268 72.0997
1269 72.0997
1270 72.0997
1271 71.8266
1272 71.8266
1273 71.8266
1274 71.8266
1275 71.8266
1276 71.8266
1277 71.8266
1278 71.8266
1279 71.8266
1280 71.8266
1281 71.8266
1282 71.8266
1283 71.8266
1284 71.8266
1285 71.8266
1286 71.8266
1287 71.8266
1288 71.8266
1289 71.8266
1290 71.8266
1291 71.8266
1292 71.8266
1293 71.8266
1294 71.8266
1295 71.8266
1296 71.8266
1297 71.8266
1298 71.8266
1299 71.8266
1300 71.8266
1301 71.8266
1302 71.8266
1303 71.8266
1304 71.8266
1305 71.8266
1306 71.8266
1307 71.8266
1308 71.8266
1309 71.8266
1310 71.8266
1311 71.8266
1312 71.8266
1313 71.8266
1314 71.8266
1315 71.8266
1316 71.8266
1317 71.8266
1318 71.8266
1319 71.8266
1320 71.8266
1321 71.8266
1322 71.8266
1323 71.8266
1324 71.8266
1325 71.8266
1326 71.8266
1327 71.8266
1328 71.8266
1329 71.8266
1330 71.8266
1331 71.8266
1332 71.8266
1333 71.8266
1334 71.8266
1335 71.8266
1336 71.8266
1337 71.8266
1338 71.8266
1339 71.8266
1340 71.8266
1341 71.8266
1342 71.8266
1343 71.8266
1344 71.8266
1345 71.8266
1346 71.8266
1347 71.8266
1348 71.8266
1349 71.8266
1350 71.8266
1351 70.3527
1352 70.3527
1353 70.3527
1354 70.3527
1355 70.3527
1356 70.3527
1357 70.3527
1358 70.3527
1359 70.3527
1360 70.3527
1361 70.3527
1362 70.3527
1363 70.3527
1364 70.3527
1365 70.3527
1366 70.3527
1367 70.3527
1368 70.3527
1369 70.3527
1370 70.3527
1371 70.3527
1372 70.2955
1373 70.2955
1374 70.2955
1375 70.2955
1376 70.2955
1377 70.2955
1378 70.2955
1379 70.2955
1380 70.2955
1381 70.2955
1382 70.2955
1383 70.2955
1384 70.2955
1385 70.2955
1386 70.2955
1387 70.2955
1388 70.2955
1389 70.2955
1390 70.2955
1391 70.2955
1392 70.2955
1393 70.2955
1394 70.2955
1395 70.2955
1396 70.2955
1397 70.2955
1398 70.2955
1399 70.2955
1400 70.2955
1401 70.2955
1402 70.2955
1403 70.2955
1404 70.2955
1405 70.2955
1406 70.2955
1407 70.2955
1408 70.2955
1409 70.2955
1410 70.2955
1411 70.2955
1412 70.2955
1413 70.2955
1414 70.2955
1415 70.2955
1416 70.2955
1417 70.2955
1418 70.2955
1419 70.2955
1420 70.2955
1421 70.2955
1422 70.2955
1423 70.2955
1424 70.2955
1425 70.2955
1426 70.2955
1427 70.2955
1428 70.2955
1429 70.2955
1430 70.2955
1431 70.2955
1432 70.2955
1433 70.2955
1434 70.2955
1435 70.2955
1436 70.2955
1437 70.2955
1438 70.2955
1439 70.2955
1440 70.2955
1441 70.2955
1442 70.2955
1443 70.2955
1444 70.2955
1445 70.2955
1446 70.2955
1447 70.2955
1448 70.2955
1449 70.2955
1450 70.2955
1451 69.0794
1452 69.0794
1453 69.0794
1454 69.0794
1455 69.0794
1456 69.0794
1457 69.0794
1458 69.0794
1459 69.0794
1460 69.0794
1461 69.0794
1462 69.0794
1463 69.0794
1464 69.0794
1465 69.0794
1466 69.0794
1467 69.0794
1468 69.0794
1469 69.0794
1470 69.0794
1471 69.0794
1472 69.0794
1473 69.0794
1474 69.0794
1475 69.0794
1476 69.0794
1477 69.0794
1478 69.0794
1479 69.0794
1480 69.0794
1481 69.0794
1482 69.0794
1483 69.0794
1484 69.0794
1485 69.0794
1486 69.0794
1487 69.0794
1488 69.0794
1489 69.0794
1490 69.0794
1491 69.0794
1492 69.0794
1493 69.0794
1494 69.0794
1495 69.0794
1496 69.0794
1497 69.0794
1498 69.0794
1499 69.0794
1500 69.0794
1501 69.0794
1502 69.0794
1503 69.0794
1504 69.0794
1505 69.0794
1506 69.0794
1507 69.0794
1508 69.0794
1509 69.0794
1510 69.0794
1511 69.0794
1512 69.0794
1513 69.0794
1514 69.0794
1515 69.0794
1516 69.0794
1517 69.0794
1518 69.0794
1519 69.0794
1520 69.0794
1521 69.0794
1522 69.0794
1523 69.0794
1524 69.0794
1525 69.0794
1526 69.0794
1527 69.0794
1528 69.0794
1529 69.0794
1530 69.0794
1531 69.0794
1532 69.0794
1533 69.0794
1534 69.0794
1535 69.0794
1536 69.0794
1537 69.0794
1538 69.0794
1539 69.0794
1540 69.0794
1541 68.6834
1542 68.6834
1543 68.6834
1544 68.6834
1545 68.6834
1546 68.6834
1547 68.6834
1548 68.6834
1549 68.6834
1550 68.6834
1551 68.6582
1552 68.6582
1553 68.6582
1554 68.6582
1555 68.6582
1556 68.6582
1557 68.6582
1558 68.6582
1559 68.6582
1560 68.6582
1561 68.6582
1562 68.6582
1563 68.6582
1564 68.6582
1565 68.6582
1566 68.6582
1567 68.6582
1568 68.6582
1569 68.6582
1570 68.6582
1571 68.6582
1572 68.6582
1573 68.6582
1574 68.6582
1575 68.6582
1576 68.6582
1577 68.6582
1578 68.6582
1579 68.6582
1580 68.6582
1581 68.6582
1582 68.6582
1583 68.6582
1584 68.6582
1585 68.6582
1586 68.6582
1587 68.6582
1588 68.6582
1589 68.6582
1590 68.6582
1591 68.6582
1592 68.6582
1593 68.6582
1594 68.6582
1595 68.6582
1596 68.6582
1597 68.6582
1598 68.6582
1599 68.6582
1600 68.6582
1601 67.9117
1602 67.9117
1603 67.9117
1604 67.9117
1605 67.9117
1606 67.9117
1607 67.9117
1608 67.9117
1609 67.9117
1610 67.9117
1611 67.9117
1612 67.9117
1613 67.9117
1614 67.9117
1615 67.9117
1616 67.9117
1617 67.9117
1618 67.9117
1619 67.9117
1620 67.9117
1621 67.9117
1622 67.9117
1623 67.9117
1624 67.9117
1625 67.9117
1626 67.9117
1627 67.9117
1628 67.9117
1629 67.9117
1630 67.9117
1631 67.9117
1632 67.9117
1633 67.9117
1634 67.9117
1635 67.9117
1636 67.9117
1637 67.9117
1638 67.9117
1639 67.9117
1640 67.9117
1641 67.9117
1642 67.9117
1643 67.9117
1644 67.9117
1645 67.9117
1646 67.9117
1647 67.9117
1648 67.9117
1649 67.9117
1650 67.9117
1651 67.9117
1652 67.9117
1653 67.9117
1654 67.9117
1655 67.9117
1656 67.9117
1657 67.9117
1658 67.9117
1659 67.9117
1660 67.9117
1661 67.9117
1662 67.9117
1663 67.9117
1664 67.9117
1665 67.9117
1666 67.9117
1667 67.9117
1668 67.9117
1669 67.9117
1670 67.9117
1671 67.9117
1672 67.9117
1673 67.9117
1674 67.9117
1675 67.9117
1676 67.9117
1677 67.9117
1678 67.9117
1679 67.9117
1680 67.9117
1681 67.9117
1682 67.9117
1683 67.9117
1684 67.9117
1685 67.9117
1686 67.9117
1687 67.9117
1688 67.9117
1689 67.9117
1690 67.9117
1691 67.9117
1692 67.9117
1693 67.9117
1694 67.9117
1695 67.9117
1696 67.9117
1697 67.9117
1698 67.9117
1699 67.9117
1700 67.9117
1701 67.9117
1702 67.9117
1703 67.9117
1704 67.9117
1705 67.9117
1706 67.9117
1707 67.9117
1708 67.9117
1709 67.9117
1710 67.9117
1711 67.9117
1712 67.9117
1713 67.9117
1714 67.9117
1715 67.9117
1716 67.9117
1717 67.9117
1718 67.9117
1719 67.9117
1720 67.9117
1721 67.9117
1722 67.9117
1723 67.9117
1724 67.9117
1725 67.9117
1726 67.9117
1727 67.9117
1728 67.9117
1729 67.9117
1730 67.9117
1731 67.9117
1732 67.9117
1733 67.9117
1734 67.9117
1735 67.9117
1736 67.9117
1737 67.9117
1738 67.9117
1739 67.9117
1740 67.9117
1741 67.9117
1742 67.9117
1743 67.9117
1744 67.9117
1745 67.9117
1746 67.9117
1747 67.9117
1748 67.9117
1749 67.9117
1750 67.9117
1751 67.9117
1752 67.9117
1753 67.9117
1754 67.9117
1755 67.9117
1756 67.9117
1757 67.9117
1758 67.9117
1759 67.9117
1760 67.9117
1761 67.9117
1762 67.9117
1763 67.9117
1764 67.9117
1765 67.9117
1766 67.9117
1767 67.9117
1768 67.9117
1769 67.9117
1770 67.9117
1771 67.9117
1772 67.9117
1773 67.9117
1774 67.9117
1775 67.9117
1776 67.9117
1777 67.9117
1778 67.9117
1779 67.9117
1780 67.9117
1781 67.9117
1782 67.9117
1783 67.9117
1784 67.9117
1785 67.9117
1786 67.9117
1787 67.9117
1788 67.9117
1789 67.9117
1790 67.9117
1791 67.9117
1792 67.9117
1793 67.9117
1794 67.9117
1795 67.9117
1796 67.9117
1797 67.9117
1798 67.9117
1799 67.9117
1800 67.9117
1801 67.9117
1802 67.9117
1803 67.9117
1804 67.9117
1805 67.9117
1806 67.9117
1807 67.9117
1808 67.9117
1809 67.9117
1810 67.9117
1811 67.9117
1812 67.9117
1813 67.9117
1814 67.9117
1815 67.9117
1816 67.9117
1817 67.9117
1818 67.9117
1819 67.9117
1820 67.9117
1821 67.9117
1822 67.9117
1823 67.9117
1824 67.9117
1825 67.9117
1826 67.9117
1827 67.9117
1828 67.9117
1829 67.9117
1830 67.9117
1831 67.9117
1832 67.9117
1833 67.9117
1834 67.9117
1835 67.9117
1836 67.9117
1837 67.9117
1838 67.9117
1839 67.9117
1840 67.9117
1841 67.9117
1842 67.9117
1843 67.9117
1844 67.9117
1845 67.9117
1846 67.9117
1847 67.9117
1848 67.9117
1849 67.9117
1850 67.9117
1851 67.9117
1852 67.9117
1853 67.9117
1854 67.9117
1855 67.9117
1856 67.9117
1857 67.9117
1858 67.9117
1859 67.9117
1860 67.9117
1861 67.9117
1862 67.9117
1863 67.9117
1864 67.9117
1865 67.9117
1866 67.9117
1867 67.9117
1868 67.9117
1869 67.9117
1870 67.9117
1871 67.9117
1872 67.9117
1873 67.9117
1874 67.9117
1875 67.9117
1876 67.9117
1877 67.9117
1878 67.9117
1879 67.9117
1880 67.9117
1881 67.9117
1882 67.9117
1883 67.9117
1884 67.9117
1885 67.9117
1886 67.9117
1887 67.9117
1888 67.9117
1889 67.9117
1890 67.9117
1891 67.9117
1892 67.9117
1893 67.9117
1894 67.9117
1895 67.9117
1896 67.9117
1897 67.9117
1898 67.9117
1899 67.9117
1900 67.9117
1901 67.9117
1902 67.9117
1903 67.9117
1904 67.9117
1905 67.9117
1906 67.9117
1907 67.9117
1908 67.9117
1909 67.9117
1910 67.9117
1911 67.9117
1912 67.9117
1913 67.9117
1914 67.9117
1915 67.9117
1916 67.9117
1917 67.9117
1918 67.9117
1919 67.9117
1920 67.9117
1921 67.9117
1922 67.9117
1923 67.9117
1924 67.9117
1925 67.9117
1926 67.9117
1927 67.9117
1928 67.9117
1929 67.9117
1930 67.9117
1931 67.9117
1932 67.9117
1933 67.9117
1934 67.9117
1935 67.9117
1936 67.9117
1937 67.9117
1938 67.9117
1939 67.9117
1940 67.9117
1941 67.9117
1942 67.9117
1943 67.9117
1944 67.9117
1945 67.9117
1946 67.9117
1947 67.9117
1948 67.9117
1949 67.9117
1950 67.9117
1951 67.9117
1952 67.9117
1953 67.9117
1954 67.9117
1955 67.9117
1956 67.9117
1957 67.9117
1958 67.9117
1959 67.9117
1960 67.9117
1961 67.9117
1962 67.9117
1963 67.9117
1964 67.9117
1965 67.9117
1966 67.9117
1967 67.9117
1968 67.9117
1969 67.9117
1970 67.9117
1971 67.9117
1972 67.9117
1973 67.9117
1974 67.9117
1975 67.9117
1976 67.9117
1977 67.9117
1978 67.9117
1979 67.9117
1980 67.9117
1981 67.9117
1982 67.9117
1983 67.9117
1984 67.9117
1985 67.9117
1986 67.9117
1987 67.9117
1988 67.9117
1989 67.9117
1990 67.9117
1991 67.9117
1992 67.9117
1993 67.9117
1994 67.9117
1995 67.9117
1996 67.9117
1997 67.9117
1998 67.9117
1999 67.9117
2000 67.9117
2001 67.9117
2002 67.9117
2003 67.9117
2004 67.9117
2005 67.9117
2006 67.9117
2007 67.9117
2008 67.9117
2009 67.9117
2010 67.9117
2011 67.9117
2012 67.9117
2013 67.9117
2014 67.9117
2015 67.9117
2016 67.9117
2017 67.9117
2018 67.9117
2019 67.9117
2020 67.9117
2021 67.9117
2022 67.9117
2023 67.9117
2024 67.9117
2025 67.9117
2026 67.9117
2027 67.9117
2028 67.9117
2029 67.9117
2030 67.9117
2031 67.9117
2032 67.9117
2033 67.9117
2034 67.9117
2035 67.9117
2036 67.9117
2037 67.9117
2038 67.9117
2039 67.9117
2040 67.9117
2041 67.9117
2042 67.9117
2043 67.9117
2044 67.9117
2045 67.9117
2046 67.9117
2047 67.9117
2048 67.9117
2049 67.9117
2050 67.9117
2051 67.7399
2052 67.7399
2053 67.7399
2054 67.7399
2055 67.7399
2056 67.7399
2057 67.7399
2058 67.7399
2059 67.7399
2060 67.7399
2061 67.7399
2062 67.7399
2063 67.7399
2064 67.7399
2065 67.7399
2066 67.7399
2067 67.7399
2068 67.7399
2069 67.7399
2070 67.7399
2071 67.7399
2072 67.7399
2073 67.7399
2074 67.7399
2075 67.7399
2076 67.7399
2077 67.7399
2078 67.7399
2079 67.7399
2080 67.7399
2081 67.7399
2082 67.7399
2083 67.7399
2084 67.7399
2085 67.7399
2086 67.7399
2087 67.7399
2088 67.7399
2089 67.7399
2090 67.7399
2091 67.7399
2092 67.7399
2093 67.7399
2094 67.7399
2095 67.7399
2096 67.7399
2097 67.7399
2098 67.7399
2099 67.7399
2100 67.7399
2101 67.7399
2102 67.7399
2103 67.7399
2104 67.7399
2105 67.7399
2106 67.7399
2107 67.7399
2108 67.7399
2109 67.7399
2110 67.7399
2111 67.7399
2112 67.7399
2113 67.7399
2114 67.7399
2115 67.7399
2116 67.7399
2117 67.7399
2118 67.7399
2119 67.7399
2120 67.7399
2121 67.7399
2122 67.7399
2123 67.7399
2124 67.7399
2125 67.7399
2126 67.7399
2127 67.7399
2128 67.7399
2129 67.7399
2130 67.7399
2131 67.7399
2132 67.7399
2133 67.7399
2134 67.7399
2135 67.7399
2136 67.7399
2137 67.7399
2138 67.7399
2139 67.7399
2140 67.7399
2141 67.7399
2142 67.7399
2143 67.7399
2144 67.7399
2145 67.7399
2146 67.7399
2147 67.7399
2148 67.7399
2149 67.7399
2150 67.7399
2151 67.7399
2152 67.7399
2153 67.7399
2154 67.7399
2155 67.7399
2156 67.7399
2157 67.7399
2158 67.7399
2159 67.7399
2160 67.7399
2161 67.7399
2162 67.7399
2163 67.7399
2164 67.7399
2165 67.7399
2166 67.7399
2167 67.7399
2168 67.7399
2169 67.7399
2170 67.7399
2171 67.7399
2172 67.7399
2173 67.7399
2174 67.7399
2175 67.7399
2176 67.7399
2177 67.7399
2178 67.7399
2179 67.7399
2180 67.7399
2181 67.7399
2182 67.7399
2183 67.7399
2184 67.7399
2185 67.7399
2186 67.7399
2187 67.7399
2188 67.7399
2189 67.7399
2190 67.7399
2191 67.7399
2192 67.7399
2193 67.7399
2194 67.7399
2195 67.7399
2196 67.7399
2197 67.7399
2198 67.7399
2199 67.7399
2200 67.7399
2201 67.7399
2202 67.7399
2203 67.7399
2204 67.7399
2205 67.7399
2206 67.7399
2207 67.7399
2208 67.7399
2209 67.7399
2210 67.7399
2211 67.7399
2212 67.7399
2213 67.7399
2214 67.7399
2215 67.7399
2216 67.7399
2217 67.7399
2218 67.7399
2219 67.7399
2220 67.7399
2221 67.7399
2222 67.7399
2223 67.7399
2224 67.7399
2225 67.7399
2226 67.7399
2227 67.7399
2228 67.7399
2229 67.7399
2230 67.7399
2231 67.7399
2232 67.7399
2233 67.7399
2234 67.7399
2235 67.7399
2236 67.7399
2237 67.7399
2238 67.7399
2239 67.7399
2240 67.7399
2241 67.7399
2242 67.7399
2243 67.7399
2244 67.7399
2245 67.7399
2246 67.7399
2247 67.7399
2248 67.7399
2249 67.7399
2250 67.7399
2251 67.7399
2252 67.7399
2253 67.7399
2254 67.7399
2255 67.7399
2256 67.7399
2257 67.7399
2258 67.7399
2259 67.7399
2260 67.7399
2261 67.7399
2262 67.7399
2263 67.7399
2264 67.7399
2265 67.7399
2266 67.7399
2267 67.7399
2268 67.7399
2269 67.7399
2270 67.7399
2271 67.7399
2272 67.7399
2273 67.7399
2274 67.7399
2275 67.7399
2276 67.7399
2277 67.7399
2278 67.7399
2279 67.7399
2280 67.7399
2281 67.7399
2282 67.7399
2283 67.7399
2284 67.7399
2285 67.7399
2286 67.7399
2287 67.7399
2288 67.7399
2289 67.7399
2290 67.7399
2291 67.7399
2292 67.7399
2293 67.7399
2294 67.7399
2295 67.7399
2296 67.7399
2297 67.7399
2298 67.7399
2299 67.7399
2300 67.7399
2301 67.7399
2302 67.7399
2303 67.7399
2304 67.7399
2305 67.7399
2306 67.7399
2307 67.7399
2308 67.7399
2309 67.7399
2310 67.7399
2311 67.7399
2312 67.7399
2313 67.7399
2314 67.7399
2315 67.7399
2316 67.7399
2317 67.7399
2318 67.7399
2319 67.7399
2320 67.7399
2321 67.7399
2322 67.7399
2323 67.7399
2324 67.7399
2325 67.7399
2326 67.7399
2327 67.7399
2328 67.7399
2329 67.7399
2330 67.7399
2331 67.7399
2332 67.7399
2333 67.7399
2334 67.7399
2335 67.7399
2336 67.7399
2337 67.7399
2338 67.7399
2339 67.7399
2340 67.7399
2341 67.7399
2342 67.7399
2343 67.7399
2344 67.7399
2345 67.7399
2346 67.7399
2347 67.7399
2348 67.7399
2349 67.7399
2350 67.7399
2351 67.7399
2352 67.7399
2353 67.7399
2354 67.7399
2355 67.7399
2356 67.7399
2357 67.7399
2358 67.7399
2359 67.7399
2360 67.7399
2361 67.7399
2362 67.7399
2363 67.7399
2364 67.7399
2365 67.7399
2366 67.7399
2367 67.7399
2368 67.7399
2369 67.7399
2370 67.7399
2371 67.7399
2372 67.7399
2373 67.7399
2374 67.7399
2375 67.7399
2376 67.7399
2377 67.7399
2378 67.7399
2379 67.7399
2380 67.7399
2381 67.7399
2382 67.7399
2383 67.7399
2384 67.7399
2385 67.7399
2386 67.7399
2387 67.7399
2388 67.7399
2389 67.7399
2390 67.7399
2391 67.7399
2392 67.7399
2393 67.7399
2394 67.7399
2395 67.7399
2396 67.7399
2397 67.7399
2398 67.7399
2399 67.7399
2400 67.7399
2401 67.7399
2402 67.7399
2403 67.7399
2404 67.7399
2405 67.7399
2406 67.7399
2407 67.7399
2408 67.7399
2409 67.7399
2410 67.7399
2411 67.7399
2412 67.7399
2413 67.7399
2414 67.7399
2415 67.7399
2416 67.7399
2417 67.7399
2418 67.7399
2419 67.7399
2420 67.7399
2421 67.7399
2422 67.7399
2423 67.7399
2424 67.7399
2425 67.7399
2426 67.7399
2427 67.7399
2428 67.7399
2429 67.7399
2430 67.7399
2431 67.7399
2432 67.7399
2433 67.7399
2434 67.7399
2435 67.7399
2436 67.7399
2437 67.7399
2438 67.7399
2439 67.7399
2440 67.7399
2441 67.7399
2442 67.7399
2443 67.7399
2444 67.7399
2445 67.7399
2446 67.7399
2447 67.7399
2448 67.7399
2449 67.7399
2450 67.7399
2451 67.7399
2452 67.7399
2453 67.7399
2454 67.7399
2455 67.7399
2456 67.7399
2457 67.7399
2458 67.7399
2459 67.7399
2460 67.7399
2461 67.7399
2462 67.7399
2463 67.7399
2464 67.7399
2465 67.7399
2466 67.7399
2467 67.7399
2468 67.7399
2469 67.7399
2470 67.7399
2471 67.7399
2472 67.7399
2473 67.7399
2474 67.7399
2475 67.7399
2476 67.7399
2477 67.7399
2478 67.7399
2479 67.7399
2480 67.7399
2481 67.7399
2482 67.7399
2483 67.7399
2484 67.7399
2485 67.7399
2486 67.7399
2487 67.7399
2488 67.7399
2489 67.7399
2490 67.7399
2491 67.7399
2492 67.7399
2493 67.7399
2494 67.7399
2495 67.7399
2496 67.7399
2497 67.7399
2498 67.7399
2499 67.7399
2500 67.7399
2501 67.7399
2502 67.7399
2503 67.7399
2504 67.7399
2505 67.7399
2506 67.7399
2507 67.7399
2508 67.7399
2509 67.7399
2510 67.7399
2511 67.7399
2512 67.7399
2513 67.7399
2514 67.7399
2515 67.7399
2516 67.7399
2517 67.7399
2518 67.7399
2519 67.7399
2520 67.7399
2521 67.7399
2522 67.7399
2523 67.7399
2524 67.7399
2525 67.7399
2526 67.7399
2527 67.7399
2528 67.7399
2529 67.7399
2530 67.7399
2531 67.7399
2532 67.7399
2533 67.7399
2534 67.7399
2535 67.7399
2536 67.7399
2537 67.7399
2538 67.7399
2539 67.7399
2540 67.7399
2541 67.7399
2542 67.7399
2543 67.7399
2544 67.7399
2545 67.7399
2546 67.7399
2547 67.7399
2548 67.7399
2549 67.7399
2550 67.7399
2551 67.7399
2552 67.7399
2553 67.7399
2554 67.7399
2555 67.7399
2556 67.7399
2557 67.7399
2558 67.7399
2559 67.7399
2560 67.7399
2561 67.7399
2562 67.7399
2563 67.7399
2564 67.7399
2565 67.7399
2566 67.7399
2567 67.7399
2568 67.7399
2569 67.7399
2570 67.7399
2571 67.7399
2572 67.7399
2573 67.7399
2574 67.7399
2575 67.7399
2576 67.7399
2577 67.7399
2578 67.7399
2579 67.7399
2580 67.7399
2581 67.7399
2582 67.7399
2583 67.7399
2584 67.7399
2585 67.7399
2586 67.7399
2587 67.7399
2588 67.7399
2589 67.7399
2590 67.7399
2591 67.7399
2592 67.7399
2593 67.7399
2594 67.7399
2595 67.7399
2596 67.7399
2597 67.7399
2598 67.7399
2599 67.7399
2600 67.7399
2601 67.7399
2602 67.7399
2603 67.7399
2604 67.7399
2605 67.7399
2606 67.7399
2607 67.7399
2608 67.7399
2609 67.7399
2610 67.7399
2611 67.7399
2612 67.7399
2613 67.7399
2614 67.7399
2615 67.7399
2616 67.7399
2617 67.7399
2618 67.7399
2619 67.7399
2620 67.7399
2621 67.7399
2622 67.7399
2623 67.7399
2624 67.7399
2625 67.7399
2626 67.7399
2627 67.7399
2628 67.7399
2629 67.7399
2630 67.7399
2631 67.7399
2632 67.7399
2633 67.7399
2634 67.7399
2635 67.7399
2636 67.7399
2637 67.7399
2638 67.7399
2639 67.7399
2640 67.7399
2641 67.7399
2642 67.7399
2643 67.7399
2644 67.7399
2645 67.7399
2646 67.7399
2647 67.7399
2648 67.7399
2649 67.7399
2650 67.7399
2651 67.7399
2652 67.7399
2653 67.7399
2654 67.7399
2655 67.7399
2656 67.7399
2657 67.7399
2658 67.7399
2659 67.7399
2660 67.7399
2661 67.7399
2662 67.7399
2663 67.7399
2664 67.7399
2665 67.7399
2666 67.7399
2667 67.7399
2668 67.7399
2669 67.7399
2670 67.7399
2671 67.7399
2672 67.7399
2673 67.7399
2674 67.7399
2675 67.7399
2676 67.7399
2677 67.7399
2678 67.7399
2679 67.7399
2680 67.7399
2681 67.7399
2682 67.7399
2683 67.7399
2684 67.7399
2685 67.7399
2686 67.7399
2687 67.7399
2688 67.7399
2689 67.7399
2690 67.7399
2691 67.7399
2692 67.7399
2693 67.7399
2694 67.7399
2695 67.7399
2696 67.7399
2697 67.7399
2698 67.7399
2699 67.7399
2700 67.7399
2701 67.7399
2702 67.7399
2703 67.7399
2704 67.7399
2705 67.7399
2706 67.7399
2707 67.7399
2708 67.7399
2709 67.7399
2710 67.7399
2711 67.7399
2712 67.7399
2713 67.7399
2714 67.7399
2715 67.7399
2716 67.7399
2717 67.7399
2718 67.7399
2719 67.7399
2720 67.7399
2721 67.7399
2722 67.7399
2723 67.7399
2724 67.7399
2725 67.7399
2726 67.7399
2727 67.7399
2728 67.7399
2729 67.7399
2730 67.7399
2731 67.7399
2732 67.7399
2733 67.7399
2734 67.7399
2735 67.7399
2736 67.7399
2737 67.7399
2738 67.7399
2739 67.7399
2740 67.7399
2741 67.7399
2742 67.7399
2743 67.7399
2744 67.7399
2745 67.7399
2746 67.7399
2747 67.7399
2748 67.7399
2749 67.7399
2750 67.7399
2751 67.432
2752 67.432
2753 67.432
2754 67.432
2755 67.432
2756 67.432
2757 67.432
2758 67.432
2759 67.432
2760 67.432
2761 67.432
2762 67.432
2763 67.432
2764 67.432
2765 67.432
2766 67.432
2767 67.432
2768 67.432
2769 67.432
2770 67.432
2771 67.432
2772 67.432
2773 67.432
2774 67.432
2775 67.432
2776 67.432
2777 67.432
2778 67.432
2779 67.432
2780 67.432
2781 67.432
2782 67.432
2783 67.432
2784 67.432
2785 67.432
2786 67.432
2787 67.432
2788 67.432
2789 67.432
2790 67.432
2791 67.432
2792 67.432
2793 67.432
2794 67.432
2795 67.432
2796 67.432
2797 67.432
2798 67.432
2799 67.432
2800 67.432
2801 67.432
2802 67.432
2803 67.432
2804 67.432
2805 67.432
2806 67.432
2807 67.432
2808 67.432
2809 67.432
2810 67.432
2811 67.432
2812 67.432
2813 67.432
2814 67.432
2815 67.432
2816 67.432
2817 67.432
2818 67.432
2819 67.432
2820 67.432
2821 67.432
2822 67.432
2823 67.432
2824 67.432
2825 67.432
2826 67.432
2827 67.432
2828 67.432
2829 67.432
2830 67.432
2831 67.432
2832 67.432
2833 67.432
2834 67.432
2835 67.432
2836 67.432
2837 67.432
2838 67.432
2839 67.432
2840 67.432
2841 67.432
2842 67.432
2843 67.432
2844 67.432
2845 67.432
2846 67.432
2847 67.432
2848 67.432
2849 67.432
2850 67.432
2851 67.432
2852 67.432
2853 67.432
2854 67.432
2855 67.432
2856 67.432
2857 67.432
2858 67.432
2859 67.432
2860 67.432
2861 67.432
2862 67.432
2863 67.432
2864 67.432
2865 67.432
2866 67.432
2867 67.432
2868 67.432
2869 67.432
2870 67.432
2871 67.432
2872 67.432
2873 67.432
2874 67.432
2875 67.432
2876 67.432
2877 67.432
2878 67.432
2879 67.432
2880 67.432
2881 67.432
2882 67.432
2883 67.432
2884 67.432
2885 67.432
2886 67.432
2887 67.432
2888 67.432
2889 67.432
2890 67.432
2891 67.432
2892 67.432
2893 67.432
2894 67.432
2895 67.432
2896 67.432
2897 67.432
2898 67.432
2899 67.432
2900 67.432
2901 67.432
2902 67.432
2903 67.432
2904 67.432
2905 67.432
2906 67.432
2907 67.432
2908 67.432
2909 67.432
2910 67.432
2911 67.432
2912 67.432
2913 67.432
2914 67.432
2915 67.432
2916 67.432
2917 67.432
2918 67.432
2919 67.432
2920 67.432
2921 67.432
2922 67.432
2923 67.432
2924 67.432
2925 67.432
2926 67.432
2927 67.432
2928 67.432
2929 67.432
2930 67.432
2931 67.432
2932 67.432
2933 67.432
2934 67.432
2935 67.432
2936 67.432
2937 67.432
2938 67.432
2939 67.432
2940 67.432
2941 67.432
2942 67.432
2943 67.432
2944 67.432
2945 67.432
2946 67.432
2947 67.432
2948 67.432
2949 67.432
2950 67.432
2951 67.432
2952 67.432
2953 67.432
2954 67.432
2955 67.432
2956 67.432
2957 67.432
2958 67.432
2959 67.432
2960 67.432
2961 67.432
2962 67.432
2963 67.432
2964 67.432
2965 67.432
2966 67.432
2967 67.432
2968 67.432
2969 67.432
2970 67.432
2971 67.432
2972 67.432
2973 67.432
2974 67.432
2975 67.432
2976 67.432
2977 67.432
2978 67.432
2979 67.432
2980 67.432
2981 67.432
2982 67.432
2983 67.432
2984 67.432
2985 67.432
2986 67.432
2987 67.432
2988 67.432
2989 67.432
2990 67.432
2991 67.432
2992 67.432
2993 67.432
2994 67.432
2995 67.432
2996 67.432
2997 67.432
2998 67.432
2999 67.432
3000 67.432
3001 67.432
3002 67.432
3003 67.432
3004 67.432
3005 67.432
3006 67.432
3007 67.432
3008 67.432
3009 67.432
3010 67.432
3011 67.432
3012 67.432
3013 67.432
3014 67.432
3015 67.432
3016 67.432
3017 67.432
3018 67.432
3019 67.432
3020 67.432
3021 67.432
3022 67.432
3023 67.432
3024 67.432
3025 67.432
3026 67.432
3027 67.432
3028 67.432
3029 67.432
3030 67.432
3031 67.432
3032 67.432
3033 67.432
3034 67.432
3035 67.432
3036 67.432
3037 67.432
3038 67.432
3039 67.432
3040 67.432
3041 67.432
3042 67.432
3043 67.432
3044 67.432
3045 67.432
3046 67.432
3047 67.432
3048 67.432
3049 67.432
3050 67.432
3051 67.432
3052 67.432
3053 67.432
3054 67.432
3055 67.432
3056 67.432
3057 67.432
3058 67.432
3059 67.432
3060 67.432
3061 67.432
3062 67.432
3063 67.432
3064 67.432
3065 67.432
3066 67.432
3067 67.432
3068 67.432
3069 67.432
3070 67.432
3071 67.432
3072 67.432
3073 67.432
3074 67.432
3075 67.432
3076 67.432
3077 67.432
3078 67.432
3079 67.432
3080 67.432
3081 67.432
3082 67.432
3083 67.432
3084 67.432
3085 67.432
3086 67.432
3087 67.432
3088 67.432
3089 67.432
3090 67.432
3091 67.432
3092 67.432
3093 67.432
3094 67.432
3095 67.432
3096 67.432
3097 67.432
3098 67.432
3099 67.432
3100 67.432
3101 67.432
3102 67.432
3103 67.432
3104 67.432
3105 67.432
3106 67.432
3107 67.432
3108 67.432
3109 67.432
3110 67.432
3111 67.432
3112 67.432
3113 67.432
3114 67.432
3115 67.432
3116 67.432
3117 67.432
3118 67.432
3119 67.432
3120 67.432
3121 67.432
3122 67.432
3123 67.432
3124 67.432
3125 67.432
3126 67.432
3127 67.432
3128 67.432
3129 67.432
3130 67.432
3131 67.432
3132 67.432
3133 67.432
3134 67.432
3135 67.432
3136 67.432
3137 67.432
3138 67.432
3139 67.432
3140 67.432
3141 67.432
3142 67.432
3143 67.432
3144 67.432
3145 67.432
3146 67.432
3147 67.432
3148 67.432
3149 67.432
3150 67.432
3151 67.432
3152 67.432
3153 67.432
3154 67.432
3155 67.432
3156 67.432
3157 67.432
3158 67.432
3159 67.432
3160 67.432
3161 67.432
3162 67.432
3163 67.432
3164 67.432
3165 67.432
3166 67.432
3167 67.432
3168 67.432
3169 67.432
3170 67.432
3171 67.432
3172 67.432
3173 67.432
3174 67.432
3175 67.432
3176 67.432
3177 67.432
3178 67.432
3179 67.432
3180 67.432
3181 67.432
3182 67.432
3183 67.432
3184 67.432
3185 67.432
3186 67.432
3187 67.432
3188 67.432
3189 67.432
3190 67.432
3191 67.432
3192 67.432
3193 67.432
3194 67.432
3195 67.432
3196 67.432
3197 67.432
3198 67.432
3199 67.432
3200 67.432
3201 67.432
3202 67.432
3203 67.432
3204 67.432
3205 67.432
3206 67.432
3207 67.432
3208 67.432
3209 67.432
3210 67.432
3211 67.432
3212 67.432
3213 67.432
3214 67.432
3215 67.432
3216 67.432
3217 67.432
3218 67.432
3219 67.432
3220 67.432
3221 67.432
3222 67.432
3223 67.432
3224 67.432
3225 67.432
3226 67.432
3227 67.432
3228 67.432
3229 67.432
3230 67.432
3231 67.432
3232 67.432
3233 67.432
3234 67.432
3235 67.432
3236 67.432
3237 67.432
3238 67.432
3239 67.432
3240 67.432
3241 67.432
3242 67.432
3243 67.432
3244 67.432
3245 67.432
3246 67.432
3247 67.432
3248 67.432
3249 67.432
3250 67.432
3251 67.432
3252 67.432
3253 67.432
3254 67.432
3255 67.432
3256 67.432
3257 67.432
3258 67.432
3259 67.432
3260 67.432
3261 67.432
3262 67.432
3263 67.432
3264 67.432
3265 67.432
3266 67.432
3267 67.432
3268 67.432
3269 67.432
3270 67.432
3271 67.432
3272 67.432
3273 67.432
3274 67.432
3275 67.432
3276 67.432
3277 67.432
3278 67.432
3279 67.432
3280 67.432
3281 67.432
3282 67.432
3283 67.432
3284 67.432
3285 67.432
3286 67.432
3287 67.432
3288 67.432
3289 67.432
3290 67.432
3291 67.432
3292 67.432
3293 67.432
3294 67.432
3295 67.432
3296 67.432
3297 67.432
3298 67.432
3299 67.432
3300 67.432
3301 67.432
3302 67.432
3303 67.432
3304 67.432
3305 67.432
3306 67.432
3307 67.432
3308 67.432
3309 67.432
3310 67.432
3311 67.432
3312 67.432
3313 67.432
3314 67.432
3315 67.432
3316 67.432
3317 67.432
3318 67.432
3319 67.432
3320 67.432
3321 67.432
3322 67.432
3323 67.432
3324 67.432
3325 67.432
3326 67.432
3327 67.432
3328 67.432
3329 67.432
3330 67.432
3331 67.432
3332 67.432
3333 67.432
3334 67.432
3335 67.432
3336 67.432
3337 67.432
3338 67.432
3339 67.432
3340 67.432
3341 67.432
3342 67.432
3343 67.432
3344 67.432
3345 67.432
3346 67.432
3347 67.432
3348 67.432
3349 67.432
3350 67.432
3351 67.432
3352 67.432
3353 67.432
3354 67.432
3355 67.432
3356 67.432
3357 67.432
3358 67.432
3359 67.432
3360 67.432
3361 67.432
3362 67.432
3363 67.432
3364 67.432
3365 67.432
3366 67.432
3367 67.432
3368 67.432
3369 67.432
3370 67.432
3371 67.432
3372 67.432
3373 67.432
3374 67.432
3375 67.432
3376 67.432
3377 67.432
3378 67.432
3379 67.432
3380 67.432
3381 67.432
3382 67.432
3383 67.432
3384 67.432
3385 67.432
3386 67.432
3387 67.432
3388 67.432
3389 67.432
3390 67.432
3391 67.432
3392 67.432
3393 67.432
3394 67.432
3395 67.432
3396 67.432
3397 67.432
3398 67.432
3399 67.432
3400 67.432
3401 67.432
3402 67.432
3403 67.432
3404 67.432
3405 67.432
3406 67.432
3407 67.432
3408 67.432
3409 67.432
3410 67.432
3411 67.432
3412 67.432
3413 67.432
3414 67.432
3415 67.432
3416 67.432
3417 67.432
3418 67.432
3419 67.432
3420 67.432
3421 67.432
3422 67.432
3423 67.432
3424 67.432
3425 67.432
3426 67.432
3427 67.432
3428 67.432
3429 67.432
3430 67.432
3431 67.432
3432 67.432
3433 67.432
3434 67.432
3435 67.432
3436 67.432
3437 67.432
3438 67.432
3439 67.432
3440 67.432
3441 67.432
3442 67.432
3443 67.432
3444 67.432
3445 67.432
3446 67.432
3447 67.432
3448 67.432
3449 67.432
3450 67.432
3451 67.432
3452 67.432
3453 67.432
3454 67.432
3455 67.432
3456 67.432
3457 67.432
3458 67.432
3459 67.432
3460 67.432
3461 67.432
3462 67.432
3463 67.432
3464 67.432
3465 67.432
3466 67.432
3467 67.432
3468 67.432
3469 67.432
3470 67.432
3471 67.432
3472 67.432
3473 67.432
3474 67.432
3475 67.432
3476 67.432
3477 67.432
3478 67.432
3479 67.432
3480 67.432
3481 67.432
3482 67.432
3483 67.432
3484 67.432
3485 67.432
3486 67.432
3487 67.432
3488 67.432
3489 67.432
3490 67.432
3491 67.432
3492 67.432
3493 67.432
3494 67.432
3495 67.432
3496 67.432
3497 67.432
3498 67.432
3499 67.432
3500 67.432
3501 67.432
3502 67.432
3503 67.432
3504 67.432
3505 67.432
3506 67.432
3507 67.432
3508 67.432
3509 67.432
3510 67.432
3511 67.432
3512 67.432
3513 67.432
3514 67.432
3515 67.432
3516 67.432
3517 67.432
3518 67.432
3519 67.432
3520 67.432
3521 67.432
3522 67.432
3523 67.432
3524 67.432
3525 67.432
3526 67.432
3527 67.432
3528 67.432
3529 67.432
3530 67.432
3531 67.432
3532 67.432
3533 67.432
3534 67.432
3535 67.432
3536 67.432
3537 67.432
3538 67.432
3539 67.432
3540 67.432
3541 67.432
3542 67.432
3543 67.432
3544 67.432
3545 67.432
3546 67.432
3547 67.432
3548 67.432
3549 67.432
3550 67.432
3551 67.432
3552 67.432
3553 67.432
3554 67.432
3555 67.432
3556 67.432
3557 67.432
3558 67.432
3559 67.432
3560 67.432
3561 67.432
3562 67.432
3563 67.432
3564 67.432
3565 67.432
3566 67.432
3567 67.432
3568 67.432
3569 67.432
3570 67.432
3571 67.432
3572 67.432
3573 67.432
3574 67.432
3575 67.432
3576 67.432
3577 67.432
3578 67.432
3579 67.432
3580 67.432
3581 67.432
3582 67.432
3583 67.432
3584 67.432
3585 67.432
3586 67.432
3587 67.432
3588 67.432
3589 67.432
3590 67.432
3591 67.432
3592 67.432
3593 67.432
3594 67.432
3595 67.432
3596 67.432
3597 67.432
3598 67.432
3599 67.432
3600 67.432
3601 67.432
3602 67.432
3603 67.432
3604 67.432
3605 67.432
3606 67.432
3607 67.432
3608 67.432
3609 67.432
3610 67.432
3611 67.432
3612 67.432
3613 67.432
3614 67.432
3615 67.432
3616 67.432
3617 67.432
3618 67.432
3619 67.432
3620 67.432
3621 67.432
3622 67.432
3623 67.432
3624 67.432
3625 67.432
3626 67.432
3627 67.432
3628 67.432
3629 67.432
3630 67.432
3631 67.432
3632 67.432
3633 67.432
3634 67.432
3635 67.432
3636 67.432
3637 67.432
3638 67.432
3639 67.432
3640 67.432
3641 67.432
3642 67.432
3643 67.432
3644 67.432
3645 67.432
3646 67.432
3647 67.432
3648 67.432
3649 67.432
3650 67.432
3651 67.432
3652 67.432
3653 67.432
3654 67.432
3655 67.432
3656 67.432
3657 67.432
3658 67.432
3659 67.432
3660 67.432
3661 67.432
3662 67.432
3663 67.432
3664 67.432
3665 67.432
3666 67.432
3667 67.432
3668 67.432
3669 67.432
3670 67.432
3671 67.432
3672 67.432
3673 67.432
3674 67.432
3675 67.432
3676 67.432
3677 67.432
3678 67.432
3679 67.432
3680 67.432
3681 67.432
3682 67.432
3683 67.432
3684 67.432
3685 67.432
3686 67.432
3687 67.432
3688 67.432
3689 67.432
3690 67.432
3691 67.432
3692 67.432
3693 67.432
3694 67.432
3695 67.432
3696 67.432
3697 67.432
3698 67.432
3699 67.432
3700 67.432
3701 67.432
3702 67.432
3703 67.432
3704 67.432
3705 67.432
3706 67.432
3707 67.432
3708 67.432
3709 67.432
3710 67.432
3711 67.432
3712 67.432
3713 67.432
3714 67.432
3715 67.432
3716 67.432
3717 67.432
3718 67.432
3719 67.432
3720 67.432
3721 67.432
3722 67.432
3723 67.432
3724 67.432
3725 67.432
3726 67.432
3727 67.432
3728 67.432
3729 67.432
3730 67.432
3731 67.432
3732 67.432
3733 67.432
3734 67.432
3735 67.432
3736 67.432
3737 67.432
3738 67.432
3739 67.432
3740 67.432
3741 67.432
3742 67.432
3743 67.432
3744 67.432
3745 67.432
3746 67.432
3747 67.432
3748 67.432
3749 67.432
3750 67.432
3751 67.432
3752 67.432
3753 67.432
3754 67.432
3755 67.432
3756 67.432
3757 67.432
3758 67.432
3759 67.432
3760 67.432
3761 67.432
3762 67.432
3763 67.432
3764 67.432
3765 67.432
3766 67.432
3767 67.432
3768 67.432
3769 67.432
3770 67.432
3771 67.432
3772 67.432
3773 67.432
3774 67.432
3775 67.432
3776 67.432
3777 67.432
3778 67.432
3779 67.432
3780 67.432
3781 67.432
3782 67.432
3783 67.432
3784 67.432
3785 67.432
3786 67.432
3787 67.432
3788 67.432
3789 67.432
3790 67.432
3791 67.432
3792 67.432
3793 67.432
3794 67.432
3795 67.432
3796 67.432
3797 67.432
3798 67.432
3799 67.432
3800 67.432
3801 67.432
3802 67.432
3803 67.432
3804 67.432
3805 67.432
3806 67.432
3807 67.432
3808 67.432
3809 67.432
3810 67.432
3811 67.432
3812 67.432
3813 67.432
3814 67.432
3815 67.432
3816 67.432
3817 67.432
3818 67.432
3819 67.432
3820 67.432
3821 67.432
3822 67.432
3823 67.432
3824 67.432
3825 67.432
3826 67.432
3827 67.432
3828 67.432
3829 67.432
3830 67.432
3831 67.432
3832 67.432
3833 67.432
3834 67.432
3835 67.432
3836 67.432
3837 67.432
3838 67.432
3839 67.432
3840 67.432
3841 67.432
3842 67.432
3843 67.432
3844 67.432
3845 67.432
3846 67.432
3847 67.432
3848 67.432
3849 67.432
3850 67.432
3851 67.432
3852 67.432
3853 67.432
3854 67.432
3855 67.432
3856 67.432
3857 67.432
3858 67.432
3859 67.432
3860 67.432
3861 67.432
3862 67.432
3863 67.432
3864 67.432
3865 67.432
3866 67.432
3867 67.432
3868 67.432
3869 67.432
3870 67.432
3871 67.432
3872 67.432
3873 67.432
3874 67.432
3875 67.432
3876 67.432
3877 67.432
3878 67.432
3879 67.432
3880 67.432
3881 67.432
3882 67.432
3883 67.432
3884 67.432
3885 67.432
3886 67.432
3887 67.432
3888 67.432
3889 67.432
3890 67.432
3891 67.432
3892 67.432
3893 67.432
3894 67.432
3895 67.432
3896 67.432
3897 67.432
3898 67.432
3899 67.432
3900 67.432
3901 67.432
3902 67.432
3903 67.432
3904 67.432
3905 67.432
3906 67.432
3907 67.432
3908 67.432
3909 67.432
3910 67.432
3911 67.432
3912 67.432
3913 67.432
3914 67.432
3915 67.432
3916 67.432
3917 67.432
3918 67.432
3919 67.432
3920 67.432
3921 67.432
3922 67.432
3923 67.432
3924 67.432
3925 67.432
3926 67.432
3927 67.432
3928 67.432
3929 67.432
3930 67.432
3931 67.432
3932 67.432
3933 67.432
3934 67.432
3935 67.432
3936 67.432
3937 67.432
3938 67.432
3939 67.432
3940 67.432
3941 67.432
3942 67.432
3943 67.432
3944 67.432
3945 67.432
3946 67.432
3947 67.432
3948 67.432
3949 67.432
3950 67.432
3951 66.89
3952 66.89
3953 66.89
3954 66.89
3955 66.89
3956 66.89
3957 66.89
3958 66.89
3959 66.89
3960 66.89
3961 66.89
3962 66.89
3963 66.89
3964 66.89
3965 66.89
3966 66.89
3967 66.89
3968 66.89
3969 66.89
3970 66.89
3971 66.89
3972 66.89
3973 66.89
3974 66.89
3975 66.89
3976 66.89
3977 66.89
3978 66.89
3979 66.89
3980 66.89
3981 66.89
3982 66.89
3983 66.89
3984 66.89
3985 66.89
3986 66.89
3987 66.89
3988 66.89
3989 66.89
3990 66.89
3991 66.89
3992 66.89
3993 66.89
3994 66.89
3995 66.89
3996 66.89
3997 66.89
3998 66.89
3999 66.89
4000 66.89
4001 66.89
4002 66.89
4003 66.89
4004 66.89
4005 66.89
4006 66.89
4007 66.89
4008 66.89
4009 66.89
4010 66.89
4011 66.89
4012 66.89
4013 66.89
4014 66.89
4015 66.89
4016 66.89
4017 66.89
4018 66.89
4019 66.89
4020 66.89
4021 66.89
4022 66.89
4023 66.89
4024 66.89
4025 66.89
4026 66.89
4027 66.89
4028 66.89
4029 66.89
4030 66.89
4031 66.89
4032 66.89
4033 66.89
4034 66.89
4035 66.89
4036 66.89
4037 66.89
4038 66.89
4039 66.89
4040 66.89
4041 66.89
4042 66.89
4043 66.89
4044 66.89
4045 66.89
4046 66.89
4047 66.89
4048 66.89
4049 66.89
4050 66.89
4051 66.89
4052 66.89
4053 66.89
4054 66.89
4055 66.89
4056 66.89
4057 66.89
4058 66.89
4059 66.89
4060 66.89
4061 66.89
4062 66.89
4063 66.89
4064 66.89
4065 66.89
4066 66.89
4067 66.89
4068 66.89
4069 66.89
4070 66.89
4071 66.89
4072 66.89
4073 66.89
4074 66.89
4075 66.89
4076 66.89
4077 66.89
4078 66.89
4079 66.89
4080 66.89
4081 66.89
4082 66.89
4083 66.89
4084 66.89
4085 66.89
4086 66.89
4087 66.89
4088 66.89
4089 66.89
4090 66.89
4091 66.89
4092 66.89
4093 66.89
4094 66.89
4095 66.89
4096 66.89
4097 66.89
4098 66.89
4099 66.89
4100 66.89
4101 66.89
4102 66.89
4103 66.89
4104 66.89
4105 66.89
4106 66.89
4107 66.89
4108 66.89
4109 66.89
4110 66.89
4111 66.89
4112 66.89
4113 66.89
4114 66.89
4115 66.89
4116 66.89
4117 66.89
4118 66.89
4119 66.89
4120 66.89
4121 66.89
4122 66.89
4123 66.89
4124 66.89
4125 66.89
4126 66.89
4127 66.89
4128 66.89
4129 66.89
4130 66.89
4131 66.89
4132 66.89
4133 66.89
4134 66.89
4135 66.89
4136 66.89
4137 66.89
4138 66.89
4139 66.89
4140 66.89
4141 66.89
4142 66.89
4143 66.89
4144 66.89
4145 66.89
4146 66.89
4147 66.89
4148 66.89
4149 66.89
4150 66.89
4151 66.89
4152 66.89
4153 66.89
4154 66.89
4155 66.89
4156 66.89
4157 66.89
4158 66.89
4159 66.89
4160 66.89
4161 66.89
4162 66.89
4163 66.89
4164 66.89
4165 66.89
4166 66.89
4167 66.89
4168 66.89
4169 66.89
4170 66.89
4171 66.89
4172 66.89
4173 66.89
4174 66.89
4175 66.89
4176 66.89
4177 66.89
4178 66.89
4179 66.89
4180 66.89
4181 66.89
4182 66.89
4183 66.89
4184 66.89
4185 66.89
4186 66.89
4187 66.89
4188 66.89
4189 66.89
4190 66.89
4191 66.89
4192 66.89
4193 66.89
4194 66.89
4195 66.89
4196 66.89
4197 66.89
4198 66.89
4199 66.89
4200 66.89
4201 66.89
4202 66.89
4203 66.89
4204 66.89
4205 66.89
4206 66.89
4207 66.89
4208 66.89
4209 66.89
4210 66.89
4211 66.89
4212 66.89
4213 66.89
4214 66.89
4215 66.89
4216 66.89
4217 66.89
4218 66.89
4219 66.89
4220 66.89
4221 66.89
4222 66.89
4223 66.89
4224 66.89
4225 66.89
4226 66.89
4227 66.89
4228 66.89
4229 66.89
4230 66.89
4231 66.89
4232 66.89
4233 66.89
4234 66.89
4235 66.89
4236 66.89
4237 66.89
4238 66.89
4239 66.89
4240 66.89
4241 66.89
4242 66.89
4243 66.89
4244 66.89
4245 66.89
4246 66.89
4247 66.89
4248 66.89
4249 66.89
4250 66.89
4251 66.89
4252 66.89
4253 66.89
4254 66.89
4255 66.89
4256 66.89
4257 66.89
4258 66.89
4259 66.89
4260 66.89
4261 66.89
4262 66.89
4263 66.89
4264 66.89
4265 66.89
4266 66.89
4267 66.89
4268 66.89
4269 66.89
4270 66.89
4271 66.89
4272 66.89
4273 66.89
4274 66.89
4275 66.89
4276 66.89
4277 66.89
4278 66.89
4279 66.89
4280 66.89
4281 66.89
4282 66.89
4283 66.89
4284 66.89
4285 66.89
4286 66.89
4287 66.89
4288 66.89
4289 66.89
4290 66.89
4291 66.89
4292 66.89
4293 66.89
4294 66.89
4295 66.89
4296 66.89
4297 66.89
4298 66.89
4299 66.89
4300 66.89
4301 66.89
4302 66.89
4303 66.89
4304 66.89
4305 66.89
4306 66.89
4307 66.89
4308 66.89
4309 66.89
4310 66.89
4311 66.89
4312 66.89
4313 66.89
4314 66.89
4315 66.89
4316 66.89
4317 66.89
4318 66.89
4319 66.89
4320 66.89
4321 66.89
4322 66.89
4323 66.89
4324 66.89
4325 66.89
4326 66.89
4327 66.89
4328 66.89
4329 66.89
4330 66.89
4331 66.89
4332 66.89
4333 66.89
4334 66.89
4335 66.89
4336 66.89
4337 66.89
4338 66.89
4339 66.89
4340 66.89
4341 66.89
4342 66.89
4343 66.89
4344 66.89
4345 66.89
4346 66.89
4347 66.89
4348 66.89
4349 66.89
4350 66.89
4351 66.89
4352 66.89
4353 66.89
4354 66.89
4355 66.89
4356 66.89
4357 66.89
4358 66.89
4359 66.89
4360 66.89
4361 66.89
4362 66.89
4363 66.89
4364 66.89
4365 66.89
4366 66.89
4367 66.89
4368 66.89
4369 66.89
4370 66.89
4371 66.89
4372 66.89
4373 66.89
4374 66.89
4375 66.89
4376 66.89
4377 66.89
4378 66.89
4379 66.89
4380 66.89
4381 66.89
4382 66.89
4383 66.89
4384 66.89
4385 66.89
4386 66.89
4387 66.89
4388 66.89
4389 66.89
4390 66.89
4391 66.89
4392 66.89
4393 66.89
4394 66.89
4395 66.89
4396 66.89
4397 66.89
4398 66.89
4399 66.89
4400 66.89
4401 66.89
4402 66.89
4403 66.89
4404 66.89
4405 66.89
4406 66.89
4407 66.89
4408 66.89
4409 66.89
4410 66.89
4411 66.89
4412 66.89
4413 66.89
4414 66.89
4415 66.89
4416 66.89
4417 66.89
4418 66.89
4419 66.89
4420 66.89
4421 66.89
4422 66.89
4423 66.89
4424 66.89
4425 66.89
4426 66.89
4427 66.89
4428 66.89
4429 66.89
4430 66.89
4431 66.89
4432 66.89
4433 66.89
4434 66.89
4435 66.89
4436 66.89
4437 66.89
4438 66.89
4439 66.89
4440 66.89
4441 66.89
4442 66.89
4443 66.89
4444 66.89
4445 66.89
4446 66.89
4447 66.89
4448 66.89
4449 66.89
4450 66.89
4451 66.89
4452 66.89
4453 66.89
4454 66.89
4455 66.89
4456 66.89
4457 66.89
4458 66.89
4459 66.89
4460 66.89
4461 66.89
4462 66.89
4463 66.89
4464 66.89
4465 66.89
4466 66.89
4467 66.89
4468 66.89
4469 66.89
4470 66.89
4471 66.89
4472 66.89
4473 66.89
4474 66.89
4475 66.89
4476 66.89
4477 66.89
4478 66.89
4479 66.89
4480 66.89
4481 66.89
4482 66.89
4483 66.89
4484 66.89
4485 66.89
4486 66.89
4487 66.89
4488 66.89
4489 66.89
4490 66.89
4491 66.89
4492 66.89
4493 66.89
4494 66.89
4495 66.89
4496 66.89
4497 66.89
4498 66.89
4499 66.89
4500 66.89
4501 66.89
4502 66.89
4503 66.89
4504 66.89
4505 66.89
4506 66.89
4507 66.89
4508 66.89
4509 66.89
4510 66.89
4511 66.89
4512 66.89
4513 66.89
4514 66.89
4515 66.89
4516 66.89
4517 66.89
4518 66.89
4519 66.89
4520 66.89
4521 66.89
4522 66.89
4523 66.89
4524 66.89
4525 66.89
4526 66.89
4527 66.89
4528 66.89
4529 66.89
4530 66.89
4531 66.89
4532 66.89
4533 66.89
4534 66.89
4535 66.89
4536 66.89
4537 66.89
4538 66.89
4539 66.89
4540 66.89
4541 66.89
4542 66.89
4543 66.89
4544 66.89
4545 66.89
4546 66.89
4547 66.89
4548 66.89
4549 66.89
4550 66.89
4551 66.89
4552 66.89
4553 66.89
4554 66.89
4555 66.89
4556 66.89
4557 66.89
4558 66.89
4559 66.89
4560 66.89
4561 66.89
4562 66.89
4563 66.89
4564 66.89
4565 66.89
4566 66.89
4567 66.89
4568 66.89
4569 66.89
4570 66.89
4571 66.89
4572 66.89
4573 66.89
4574 66.89
4575 66.89
4576 66.89
4577 66.89
4578 66.89
4579 66.89
4580 66.89
4581 66.89
4582 66.89
4583 66.89
4584 66.89
4585 66.89
4586 66.89
4587 66.89
4588 66.89
4589 66.89
4590 66.89
4591 66.89
4592 66.89
4593 66.89
4594 66.89
4595 66.89
4596 66.89
4597 66.89
4598 66.89
4599 66.89
4600 66.89
4601 66.89
4602 66.89
4603 66.89
4604 66.89
4605 66.89
4606 66.89
4607 66.89
4608 66.89
4609 66.89
4610 66.89
4611 66.89
4612 66.89
4613 66.89
4614 66.89
4615 66.89
4616 66.89
4617 66.89
4618 66.89
4619 66.89
4620 66.89
4621 66.89
4622 66.89
4623 66.89
4624 66.89
4625 66.89
4626 66.89
4627 66.89
4628 66.89
4629 66.89
4630 66.89
4631 66.89
4632 66.89
4633 66.89
4634 66.89
4635 66.89
4636 66.89
4637 66.89
4638 66.89
4639 66.89
4640 66.89
4641 66.89
4642 66.89
4643 66.89
4644 66.89
4645 66.89
4646 66.89
4647 66.89
4648 66.89
4649 66.89
4650 66.89
4651 66.89
4652 66.89
4653 66.89
4654 66.89
4655 66.89
4656 66.89
4657 66.89
4658 66.89
4659 66.89
4660 66.89
4661 66.89
4662 66.89
4663 66.89
4664 66.89
4665 66.89
4666 66.89
4667 66.89
4668 66.89
4669 66.89
4670 66.89
4671 66.89
4672 66.89
4673 66.89
4674 66.89
4675 66.89
4676 66.89
4677 66.89
4678 66.89
4679 66.89
4680 66.89
4681 66.89
4682 66.89
4683 66.89
4684 66.89
4685 66.89
4686 66.89
4687 66.89
4688 66.89
4689 66.89
4690 66.89
4691 66.89
4692 66.89
4693 66.89
4694 66.89
4695 66.89
4696 66.89
4697 66.89
4698 66.89
4699 66.89
4700 66.89
4701 66.89
4702 66.89
4703 66.89
4704 66.89
4705 66.89
4706 66.89
4707 66.89
4708 66.89
4709 66.89
4710 66.89
4711 66.89
4712 66.89
4713 66.89
4714 66.89
4715 66.89
4716 66.89
4717 66.89
4718 66.89
4719 66.89
4720 66.89
4721 66.89
4722 66.89
4723 66.89
4724 66.89
4725 66.89
4726 66.89
4727 66.89
4728 66.89
4729 66.89
4730 66.89
4731 66.89
4732 66.89
4733 66.89
4734 66.89
4735 66.89
4736 66.89
4737 66.89
4738 66.89
4739 66.89
4740 66.89
4741 66.89
4742 66.89
4743 66.89
4744 66.89
4745 66.89
4746 66.89
4747 66.89
4748 66.89
4749 66.89
4750 66.89
4751 66.89
4752 66.89
4753 66.89
4754 66.89
4755 66.89
4756 66.89
4757 66.89
4758 66.89
4759 66.89
4760 66.89
4761 66.89
4762 66.89
4763 66.89
4764 66.89
4765 66.89
4766 66.89
4767 66.89
4768 66.89
4769 66.89
4770 66.89
4771 66.89
4772 66.89
4773 66.89
4774 66.89
4775 66.89
4776 66.89
4777 66.89
4778 66.89
4779 66.89
4780 66.89
4781 66.89
4782 66.89
4783 66.89
4784 66.89
4785 66.89
4786 66.89
4787 66.89
4788 66.89
4789 66.89
4790 66.89
4791 66.89
4792 66.89
4793 66.89
4794 66.89
4795 66.89
4796 66.89
4797 66.89
4798 66.89
4799 66.89
4800 66.89
4801 66.89
4802 66.89
4803 66.89
4804 66.89
4805 66.89
4806 66.89
4807 66.89
4808 66.89
4809 66.89
4810 66.89
4811 66.89
4812 66.89
4813 66.89
4814 66.89
4815 66.89
4816 66.89
4817 66.89
4818 66.89
4819 66.89
4820 66.89
4821 66.89
4822 66.89
4823 66.89
4824 66.89
4825 66.89
4826 66.89
4827 66.89
4828 66.89
4829 66.89
4830 66.89
4831 66.89
4832 66.89
4833 66.89
4834 66.89
4835 66.89
4836 66.89
4837 66.89
4838 66.89
4839 66.89
4840 66.89
4841 66.89
4842 66.89
4843 66.89
4844 66.89
4845 66.89
4846 66.89
4847 66.89
4848 66.89
4849 66.89
4850 66.89
4851 66.89
4852 66.89
4853 66.89
4854 66.89
4855 66.89
4856 66.89
4857 66.89
4858 66.89
4859 66.89
4860 66.89
4861 66.89
4862 66.89
4863 66.89
4864 66.89
4865 66.89
4866 66.89
4867 66.89
4868 66.89
4869 66.89
4870 66.89
4871 66.89
4872 66.89
4873 66.89
4874 66.89
4875 66.89
4876 66.89
4877 66.89
4878 66.89
4879 66.89
4880 66.89
4881 66.89
4882 66.89
4883 66.89
4884 66.89
4885 66.89
4886 66.89
4887 66.89
4888 66.89
4889 66.89
4890 66.89
4891 66.89
4892 66.89
4893 66.89
4894 66.89
4895 66.89
4896 66.89
4897 66.89
4898 66.89
4899 66.89
4900 66.89
4901 66.89
4902 66.89
4903 66.89
4904 66.89
4905 66.89
4906 66.89
4907 66.89
4908 66.89
4909 66.89
4910 66.89
4911 66.89
4912 66.89
4913 66.89
4914 66.89
4915 66.89
4916 66.89
4917 66.89
4918 66.89
4919 66.89
4920 66.89
4921 66.89
4922 66.89
4923 66.89
4924 66.89
4925 66.89
4926 66.89
4927 66.89
4928 66.89
4929 66.89
4930 66.89
4931 66.89
4932 66.89
4933 66.89
4934 66.89
4935 66.89
4936 66.89
4937 66.89
4938 66.89
4939 66.89
4940 66.89
4941 66.89
4942 66.89
4943 66.89
4944 66.89
4945 66.89
4946 66.89
4947 66.89
4948 66.89
4949 66.89
4950 66.89
4951 66.89
4952 66.89
4953 66.89
4954 66.89
4955 66.89
4956 66.89
4957 66.89
4958 66.89
4959 66.89
4960 66.89
4961 66.89
4962 66.89
4963 66.89
4964 66.89
4965 66.89
4966 66.89
4967 66.89
4968 66.89
4969 66.89
4970 66.89
4971 66.89
4972 66.89
4973 66.89
4974 66.89
4975 66.89
4976 66.89
4977 66.89
4978 66.89
4979 66.89
4980 66.89
4981 66.89
4982 66.89
4983 66.89
4984 66.89
4985 66.89
4986 66.89
4987 66.89
4988 66.89
4989 66.89
4990 66.89
4991 66.89
4992 66.89
4993 66.89
4994 66.89
4995 66.89
4996 66.89
4997 66.89
4998 66.89
4999 66.89
5000 66.89
5001 66.89
5002 66.89
5003 66.89
5004 66.89
5005 66.89
5006 66.89
5007 66.89
5008 66.89
5009 66.89
5010 66.89
5011 66.89
5012 66.89
5013 66.89
5014 66.89
5015 66.89
5016 66.89
5017 66.89
5018 66.89
5019 66.89
5020 66.89
5021 66.89
5022 66.89
5023 66.89
5024 66.89
5025 66.89
5026 66.89
5027 66.89
5028 66.89
5029 66.89
5030 66.89
5031 66.89
5032 66.89
5033 66.89
5034 66.89
5035 66.89
5036 66.89
5037 66.89
5038 66.89
5039 66.89
5040 66.89
5041 66.89
5042 66.89
5043 66.89
5044 66.89
5045 66.89
5046 66.89
5047 66.89
5048 66.89
5049 66.89
5050 66.89
5051 66.89
5052 66.89
5053 66.89
5054 66.89
5055 66.89
5056 66.89
5057 66.89
5058 66.89
5059 66.89
5060 66.89
5061 66.89
5062 66.89
5063 66.89
5064 66.89
5065 66.89
5066 66.89
5067 66.89
5068 66.89
5069 66.89
5070 66.89
5071 66.89
5072 66.89
5073 66.89
5074 66.89
5075 66.89
5076 66.89
5077 66.89
5078 66.89
5079 66.89
5080 66.89
5081 66.89
5082 66.89
5083 66.89
5084 66.89
5085 66.89
5086 66.89
5087 66.89
5088 66.89
5089 66.89
5090 66.89
5091 66.89
5092 66.89
5093 66.89
5094 66.89
5095 66.89
5096 66.89
5097 66.89
5098 66.89
5099 66.89
5100 66.89
5101 66.89
5102 66.89
5103 66.89
5104 66.89
5105 66.89
5106 66.89
5107 66.89
5108 66.89
5109 66.89
5110 66.89
5111 66.89
5112 66.89
5113 66.89
5114 66.89
5115 66.89
5116 66.89
5117 66.89
5118 66.89
5119 66.89
5120 66.89
5121 66.89
5122 66.89
5123 66.89
5124 66.89
5125 66.89
5126 66.89
5127 66.89
5128 66.89
5129 66.89
5130 66.89
5131 66.89
5132 66.89
5133 66.89
5134 66.89
5135 66.89
5136 66.89
5137 66.89
5138 66.89
5139 66.89
5140 66.89
5141 66.89
5142 66.89
5143 66.89
5144 66.89
5145 66.89
5146 66.89
5147 66.89
5148 66.89
5149 66.89
5150 66.89
5151 66.89
5152 66.89
5153 66.89
5154 66.89
5155 66.89
5156 66.89
5157 66.89
5158 66.89
5159 66.89
5160 66.89
5161 66.89
5162 66.89
5163 66.89
5164 66.89
5165 66.89
5166 66.89
5167 66.89
5168 66.89
5169 66.89
5170 66.89
5171 66.89
5172 66.89
5173 66.89
5174 66.89
5175 66.89
5176 66.89
5177 66.89
5178 66.89
5179 66.89
5180 66.89
5181 66.89
5182 66.89
5183 66.89
5184 66.89
5185 66.89
5186 66.89
5187 66.89
5188 66.89
5189 66.89
5190 66.89
5191 66.89
5192 66.89
5193 66.89
5194 66.89
5195 66.89
5196 66.89
5197 66.89
5198 66.89
5199 66.89
5200 66.89
5201 66.89
5202 66.89
5203 66.89
5204 66.89
5205 66.89
5206 66.89
5207 66.89
5208 66.89
5209 66.89
5210 66.89
5211 66.89
5212 66.89
5213 66.89
5214 66.89
5215 66.89
5216 66.89
5217 66.89
5218 66.89
5219 66.89
5220 66.89
5221 66.89
5222 66.89
5223 66.89
5224 66.89
5225 66.89
5226 66.89
5227 66.89
5228 66.89
5229 66.89
5230 66.89
5231 66.89
5232 66.89
5233 66.89
5234 66.89
5235 66.89
5236 66.89
5237 66.89
5238 66.89
5239 66.89
5240 66.89
5241 66.89
5242 66.89
5243 66.89
5244 66.89
5245 66.89
5246 66.89
5247 66.89
5248 66.89
5249 66.89
5250 66.89
5251 66.89
5252 66.89
5253 66.89
5254 66.89
5255 66.89
5256 66.89
5257 66.89
5258 66.89
5259 66.89
5260 66.89
5261 66.89
5262 66.89
5263 66.89
5264 66.89
5265 66.89
5266 66.89
5267 66.89
5268 66.89
5269 66.89
5270 66.89
5271 66.89
5272 66.89
5273 66.89
5274 66.89
5275 66.89
5276 66.89
5277 66.89
5278 66.89
5279 66.89
5280 66.89
5281 66.89
5282 66.89
5283 66.89
5284 66.89
5285 66.89
5286 66.89
5287 66.89
5288 66.89
5289 66.89
5290 66.89
5291 66.89
5292 66.89
5293 66.89
5294 66.89
5295 66.89
5296 66.89
5297 66.89
5298 66.89
5299 66.89
5300 66.89
5301 66.89
5302 66.89
5303 66.89
5304 66.89
5305 66.89
5306 66.89
5307 66.89
5308 66.89
5309 66.89
5310 66.89
5311 66.89
5312 66.89
5313 66.89
5314 66.89
5315 66.89
5316 66.89
5317 66.89
5318 66.89
5319 66.89
5320 66.89
5321 66.89
5322 66.89
5323 66.89
5324 66.89
5325 66.89
5326 66.89
5327 66.89
5328 66.89
5329 66.89
5330 66.89
5331 66.89
5332 66.89
5333 66.89
5334 66.89
5335 66.89
5336 66.89
5337 66.89
5338 66.89
5339 66.89
5340 66.89
5341 66.89
5342 66.89
5343 66.89
5344 66.89
5345 66.89
5346 66.89
5347 66.89
5348 66.89
5349 66.89
5350 66.89
5351 66.89
5352 66.89
5353 66.89
5354 66.89
5355 66.89
5356 66.89
5357 66.89
5358 66.89
5359 66.89
5360 66.89
5361 66.89
5362 66.89
5363 66.89
5364 66.89
5365 66.89
5366 66.89
5367 66.89
5368 66.89
5369 66.89
5370 66.89
5371 66.89
5372 66.89
5373 66.89
5374 66.89
5375 66.89
5376 66.89
5377 66.89
5378 66.89
5379 66.89
5380 66.89
5381 66.89
5382 66.89
5383 66.89
5384 66.89
5385 66.89
5386 66.89
5387 66.89
5388 66.89
5389 66.89
5390 66.89
5391 66.89
5392 66.89
5393 66.89
5394 66.89
5395 66.89
5396 66.89
5397 66.89
5398 66.89
5399 66.89
5400 66.89
5401 66.89
5402 66.89
5403 66.89
5404 66.89
5405 66.89
5406 66.89
5407 66.89
5408 66.89
5409 66.89
5410 66.89
5411 66.89
5412 66.89
5413 66.89
5414 66.89
5415 66.89
5416 66.89
5417 66.89
5418 66.89
5419 66.89
5420 66.89
5421 66.89
5422 66.89
5423 66.89
5424 66.89
5425 66.89
5426 66.89
5427 66.89
5428 66.89
5429 66.89
5430 66.89
5431 66.89
5432 66.89
5433 66.89
5434 66.89
5435 66.89
5436 66.89
5437 66.89
5438 66.89
5439 66.89
5440 66.89
5441 66.89
5442 66.89
5443 66.89
5444 66.89
5445 66.89
5446 66.89
5447 66.89
5448 66.89
5449 66.89
5450 66.89
5451 66.89
5452 66.89
5453 66.89
5454 66.89
5455 66.89
5456 66.89
5457 66.89
5458 66.89
5459 66.89
5460 66.89
5461 66.89
5462 66.89
5463 66.89
5464 66.89
5465 66.89
5466 66.89
5467 66.89
5468 66.89
5469 66.89
5470 66.89
5471 66.89
5472 66.89
5473 66.89
5474 66.89
5475 66.89
5476 66.89
5477 66.89
5478 66.89
5479 66.89
5480 66.89
5481 66.89
5482 66.89
5483 66.89
5484 66.89
5485 66.89
5486 66.89
5487 66.89
5488 66.89
5489 66.89
5490 66.89
5491 66.89
5492 66.89
5493 66.89
5494 66.89
5495 66.89
5496 66.89
5497 66.89
5498 66.89
5499 66.89
5500 66.89
5501 66.89
5502 66.89
5503 66.89
5504 66.89
5505 66.89
5506 66.89
5507 66.89
5508 66.89
5509 66.89
5510 66.89
5511 66.89
5512 66.89
5513 66.89
5514 66.89
5515 66.89
5516 66.89
5517 66.89
5518 66.89
5519 66.89
5520 66.89
5521 66.89
5522 66.89
5523 66.89
5524 66.89
5525 66.89
5526 66.89
5527 66.89
5528 66.89
5529 66.89
5530 66.89
5531 66.89
5532 66.89
5533 66.89
5534 66.89
5535 66.89
5536 66.89
5537 66.89
5538 66.89
5539 66.89
5540 66.89
5541 66.89
5542 66.89
5543 66.89
5544 66.89
5545 66.89
5546 66.89
5547 66.89
5548 66.89
5549 66.89
5550 66.89
5551 66.89
5552 66.89
5553 66.89
5554 66.89
5555 66.89
5556 66.89
5557 66.89
5558 66.89
5559 66.89
5560 66.89
5561 66.89
5562 66.89
5563 66.89
5564 66.89
5565 66.89
5566 66.89
5567 66.89
5568 66.89
5569 66.89
5570 66.89
5571 66.89
5572 66.89
5573 66.89
5574 66.89
5575 66.89
5576 66.89
5577 66.89
5578 66.89
5579 66.89
5580 66.89
5581 66.89
5582 66.89
5583 66.89
5584 66.89
5585 66.89
5586 66.89
5587 66.89
5588 66.89
5589 66.89
5590 66.89
5591 66.89
5592 66.89
5593 66.89
5594 66.89
5595 66.89
5596 66.89
5597 66.89
5598 66.89
5599 66.89
5600 66.89
5601 66.89
5602 66.89
5603 66.89
5604 66.89
5605 66.89
5606 66.89
5607 66.89
5608 66.89
5609 66.89
5610 66.89
5611 66.89
5612 66.89
5613 66.89
5614 66.89
5615 66.89
5616 66.89
5617 66.89
5618 66.89
5619 66.89
5620 66.89
5621 66.89
5622 66.89
5623 66.89
5624 66.89
5625 66.89
5626 66.89
5627 66.89
5628 66.89
5629 66.89
5630 66.89
5631 66.89
5632 66.89
5633 66.89
5634 66.89
5635 66.89
5636 66.89
5637 66.89
5638 66.89
5639 66.89
5640 66.89
5641 66.89
5642 66.89
5643 66.89
5644 66.89
5645 66.89
5646 66.89
5647 66.89
5648 66.89
5649 66.89
5650 66.89
5651 66.89
5652 66.89
5653 66.89
5654 66.89
5655 66.89
5656 66.89
5657 66.89
5658 66.89
5659 66.89
5660 66.89
5661 66.89
5662 66.89
5663 66.89
5664 66.89
5665 66.89
5666 66.89
5667 66.89
5668 66.89
5669 66.89
5670 66.89
5671 66.89
5672 66.89
5673 66.89
5674 66.89
5675 66.89
5676 66.89
5677 66.89
5678 66.89
5679 66.89
5680 66.89
5681 66.89
5682 66.89
5683 66.89
5684 66.89
5685 66.89
5686 66.89
5687 66.89
5688 66.89
5689 66.89
5690 66.89
5691 66.89
5692 66.89
5693 66.89
5694 66.89
5695 66.89
5696 66.89
5697 66.89
5698 66.89
5699 66.89
5700 66.89
5701 66.89
5702 66.89
5703 66.89
5704 66.89
5705 66.89
5706 66.89
5707 66.89
5708 66.89
5709 66.89
5710 66.89
5711 66.89
5712 66.89
5713 66.89
5714 66.89
5715 66.89
5716 66.89
5717 66.89
5718 66.89
5719 66.89
5720 66.89
5721 66.89
5722 66.89
5723 66.89
5724 66.89
5725 66.89
5726 66.89
5727 66.89
5728 66.89
5729 66.89
5730 66.89
5731 66.89
5732 66.89
5733 66.89
5734 66.89
5735 66.89
5736 66.89
5737 66.89
5738 66.89
5739 66.89
5740 66.89
5741 66.89
5742 66.89
5743 66.89
5744 66.89
5745 66.89
5746 66.89
5747 66.89
5748 66.89
5749 66.89
5750 66.89
5751 66.89
5752 66.89
5753 66.89
5754 66.89
5755 66.89
5756 66.89
5757 66.89
5758 66.89
5759 66.89
5760 66.89
5761 66.89
5762 66.89
5763 66.89
5764 66.89
5765 66.89
5766 66.89
5767 66.89
5768 66.89
5769 66.89
5770 66.89
5771 66.89
5772 66.89
5773 66.89
5774 66.89
5775 66.89
5776 66.89
5777 66.89
5778 66.89
5779 66.89
5780 66.89
5781 66.89
5782 66.89
5783 66.89
5784 66.89
5785 66.89
5786 66.89
5787 66.89
5788 66.89
5789 66.89
5790 66.89
5791 66.89
5792 66.89
5793 66.89
5794 66.89
5795 66.89
5796 66.89
5797 66.89
5798 66.89
5799 66.89
5800 66.89
5801 66.89
5802 66.89
5803 66.89
5804 66.89
5805 66.89
5806 66.89
5807 66.89
5808 66.89
5809 66.89
5810 66.89
5811 66.89
5812 66.89
5813 66.89
5814 66.89
5815 66.89
5816 66.89
5817 66.89
5818 66.89
5819 66.89
5820 66.89
5821 66.89
5822 66.89
5823 66.89
5824 66.89
5825 66.89
5826 66.89
5827 66.89
5828 66.89
5829 66.89
5830 66.89
5831 66.89
5832 66.89
5833 66.89
5834 66.89
5835 66.89
5836 66.89
5837 66.89
5838 66.89
5839 66.89
5840 66.89
5841 66.89
5842 66.89
5843 66.89
5844 66.89
5845 66.89
5846 66.89
5847 66.89
5848 66.89
5849 66.89
5850 66.89
5851 66.89
5852 66.89
5853 66.89
5854 66.89
5855 66.89
5856 66.89
5857 66.89
5858 66.89
5859 66.89
5860 66.89
5861 66.89
5862 66.89
5863 66.89
5864 66.89
5865 66.89
5866 66.89
5867 66.89
5868 66.89
5869 66.89
5870 66.89
5871 66.89
5872 66.89
5873 66.89
5874 66.89
5875 66.89
5876 66.89
5877 66.89
5878 66.89
5879 66.89
5880 66.89
5881 66.89
5882 66.89
5883 66.89
5884 66.89
5885 66.89
5886 66.89
5887 66.89
5888 66.89
5889 66.89
5890 66.89
5891 66.89
5892 66.89
5893 66.89
5894 66.89
5895 66.89
5896 66.89
5897 66.89
5898 66.89
5899 66.89
5900 66.89
5901 66.89
5902 66.89
5903 66.89
5904 66.89
5905 66.89
5906 66.89
5907 66.89
5908 66.89
5909 66.89
5910 66.89
5911 66.89
5912 66.89
5913 66.89
5914 66.89
5915 66.89
5916 66.89
5917 66.89
5918 66.89
5919 66.89
5920 66.89
5921 66.89
5922 66.89
5923 66.89
5924 66.89
5925 66.89
5926 66.89
5927 66.89
5928 66.89
5929 66.89
5930 66.89
5931 66.89
5932 66.89
5933 66.89
5934 66.89
5935 66.89
5936 66.89
5937 66.89
5938 66.89
5939 66.89
5940 66.89
5941 66.89
5942 66.89
5943 66.89
5944 66.89
5945 66.89
5946 66.89
5947 66.89
5948 66.89
5949 66.89
5950 66.89
5951 66.89
5952 66.89
5953 66.89
5954 66.89
5955 66.89
5956 66.89
5957 66.89
5958 66.89
5959 66.89
5960 66.89
5961 66.89
5962 66.89
5963 66.89
5964 66.89
5965 66.89
5966 66.89
5967 66.89
5968 66.89
5969 66.89
5970 66.89
5971 66.89
5972 66.89
5973 66.89
5974 66.89
5975 66.89
5976 66.89
5977 66.89
5978 66.89
5979 66.89
5980 66.89
5981 66.89
5982 66.89
5983 66.89
5984 66.89
5985 66.89
5986 66.89
5987 66.89
5988 66.89
5989 66.89
5990 66.89
5991 66.89
5992 66.89
5993 66.89
5994 66.89
5995 66.89
5996 66.89
5997 66.89
5998 66.89
5999 66.89
