0 451.625
1 423.015
2 422.819
3 419.262
4 419.065
5 414.552
6 403.528
7 400.506
8 395.965
9 392.487
10 391.138
11 383.75
12 383.392
13 380.748
14 373.909
15 371.92
16 367.395
17 357.695
18 354.506
19 348.655
20 346.931
21 346.931
22 341.246
23 331.949
24 331.641
25 327.958
26 315.554
27 314.137
28 308.623
29 307.207
30 301.855
31 301.855
32 297.43
33 297.43
34 295.932
35 295.349
36 293.993
37 291.912
38 290.634
39 290.096
40 286.058
41 283.996
42 282.533
43 279.4
44 276.221
45 269.957
46 269.957
47 268.944
48 263.964
49 262.95
50 258.719
51 258.719
52 256.938
53 256.093
54 252.682
55 244.534
56 243.751
57 237.939
58 237.939
59 237.888
60 237.888
61 237.752
62 232.084
63 229.137
64 229.001
65 225.798
66 222.903
67 222.903
68 222.903
69 222.903
70 222.903
71 222.655
72 222.236
73 221.172
74 219.226
75 216.607
76 216.232
77 213.414
78 212.266
79 211.878
80 209.189
81 209.189
82 209.189
83 207.862
84 207.661
85 206.335
86 205.667
87 205.667
88 204.92
89 204.62
90 202.759
91 201.374
92 200.062
93 198.552
94 198.552
95 198.552
96 198.552
97 198.323
98 198.323
99 197.305
100 197.305
101 196.303
102 194.408
103 194.408
104 193.655
105 192.427
106 189.243
107 189.243
108 188.872
109 188.463
110 187.481
111 186.469
112 186.469
113 185.841
114 182.391
115 181.763
116 181.763
117 180.816
118 180.816
119 180.816
120 180.816
121 180.648
122 180.163
123 177.667
124 177.667
125 177.667
126 177.403
127 177.358
128 177.358
129 176.274
130 176.011
131 176.011
132 175.751
133 175.751
134 175.3
135 174.306
136 174.068
137 174.068
138 173.272
139 173.272
140 171.799
141 171.799
142 171.103
143 170.807
144 170.807
145 170.741
146 169.823
147 167.955
148 167.345
149 167.345
150 167.337
151 165.743
152 165.538
153 165.538
154 163.106
155 161.841
156 161.841
157 161.668
158 160.847
159 160.847
160 159.004
161 159.004
162 158.776
163 158.64
164 158.412
165 157.888
166 155.625
167 155.397
168 155.397
169 154.033
170 153.156
171 153.156
172 152.167
173 151.29
174 151.045
175 150.168
176 150.168
177 150.061
178 150.061
179 149.873
180 149.873
181 149.873
182 149.773
183 149.352
184 146.388
185 146.388
186 146.013
187 145.492
188 145.492
189 145.492
190 145.492
191 145.492
192 145.165
193 145.165
194 145.165
195 143.984
196 143.78
197 143.478
198 143.084
199 142.481
200 142.293
201 137.84
202 137.55
203 137.55
204 137.55
205 137.55
206 137.55
207 137.321
208 137.321
209 137.167
210 136.335
211 136.335
212 136.181
213 136.181
214 136.181
215 135.533
216 135.006
217 134.358
218 134.358
219 133.995
220 133.527
221 132.959
222 132.051
223 131.484
224 130.999
225 130.117
226 130.117
227 129.619
228 129.619
229 129.619
230 129.619
231 128.935
232 128.711
233 128.711
234 128.429
235 128.429
236 128.429
237 128.429
238 128.429
239 128.362
240 128.362
241 127.232
242 127.083
243 127.083
244 126.695
245 126.695
246 126.695
247 126.695
248 126.07
249 126.07
250 126.07
251 123.911
252 122.955
253 121.857
254 121.857
255 121.849
256 121.809
257 121.801
258 121.519
259 121.511
260 121.511
261 121.511
262 121.362
263 121.362
264 121.362
265 121.362
266 120.725
267 120.725
268 120.725
269 120.725
270 120.725
271 120.599
272 120.599
273 120.599
274 120.381
275 120.381
276 119.61
277 119.61
278 119.61
279 119.252
280 119.227
281 118.869
282 118.869
283 118.869
284 118.869
285 118.869
286 118.869
287 118.869
288 118.83
289 118.83
290 118.83
291 118.83
292 118.829
293 118.829
294 118.829
295 118.829
296 118.326
297 118.326
298 118.326
299 118.326
300 118.095
301 115.478
302 115.188
303 115.188
304 115.188
305 115.188
306 115.062
307 115.012
308 114.595
309 114.595
310 114.595
311 114.595
312 114.581
313 113.809
314 113.795
315 113.795
316 113.089
317 113.089
318 113.089
319 113.089
320 113.089
321 113.089
322 113.089
323 113.089
324 113.089
325 113.089
326 113.089
327 112.428
328 112.428
329 112.428
330 112.428
331 112.428
332 112.428
333 112.428
334 112.428
335 112.428
336 112.428
337 112.428
338 112.428
339 112.428
340 112.428
341 112.428
342 112.428
343 112.428
344 112.428
345 112.428
346 111.749
347 111.699
348 111.02
349 111.02
350 111.02
351 108.236
352 107.892
353 107.892
354 107.892
355 107.892
356 107.892
357 107.892
358 107.892
359 107.892
360 107.892
361 107.521
362 107.521
363 107.521
364 106.812
365 106.812
366 106.812
367 106.437
368 105.728
369 105.728
370 105.627
371 104.994
372 104.994
373 104.994
374 104.422
375 104.422
376 104.422
377 104.422
378 104.422
379 103.919
380 103.919
381 103.255
382 103.255
383 103.255
384 103.151
385 103.151
386 103.151
387 103.01
388 102.894
389 102.862
390 102.862
391 102.862
392 102.862
393 102.862
394 102.862
395 102.862
396 102.862
397 102.862
398 102.862
399 101.801
400 101.801
401 100.758
402 100.715
403 100.715
404 100.428
405 100.428
406 99.9331
407 99.9331
408 99.9331
409 99.9331
410 99.9331
411 99.7813
412 99.7813
413 99.4289
414 99.4289
415 99.4289
416 99.4289
417 99.2541
418 99.2541
419 99.2541
420 99.2541
421 99.2541
422 98.5119
423 98.5119
424 98.5119
425 98.5119
426 98.1325
427 98.1325
428 98.1325
429 98.1325
430 98.1325
431 98.1325
432 98.126
433 98.126
434 98.126
435 98.126
436 98.126
437 98.126
438 98.126
439 98.126
440 98.126
441 98.126
442 98.126
443 97.9711
444 97.9345
445 97.9345
446 97.9345
447 97.4626
448 97.4626
449 97.4626
450 97.246
451 96.5957
452 96.5957
453 96.5957
454 96.5957
455 96.5957
456 96.1728
457 96.1728
458 95.8816
459 95.8494
460 95.1259
461 95.0396
462 94.9633
463 94.877
464 94.877
465 94.877
466 94.877
467 94.877
468 94.877
469 94.877
470 94.6531
471 94.6531
472 94.6531
473 94.6531
474 94.6531
475 94.4973
476 94.3002
477 94.1443
478 93.9729
479 93.9729
480 93.8171
481 93.4879
482 93.332
483 93.332
484 92.7961
485 92.7961
486 92.759
487 92.5943
488 92.5572
489 92.5572
490 92.5409
491 92.3391
492 92.3391
493 92.0882
494 91.8701
495 91.8701
496 91.8701
497 91.8701
498 91.8701
499 91.8701
500 91.8701
501 90.0178
502 89.9943
503 89.9943
504 89.9943
505 89.9943
506 89.9943
507 89.9943
508 89.9943
509 89.9943
510 89.9943
511 89.9943
512 89.9943
513 89.9943
514 89.9943
515 89.9943
516 89.9943
517 89.9943
518 89.9943
519 89.9943
520 89.9943
521 89.9943
522 89.9943
523 89.9613
524 89.9613
525 89.9613
526 89.9613
527 89.8383
528 89.6394
529 89.6394
530 89.6329
531 89.3828
532 89.3828
533 89.3762
534 89.3762
535 89.3762
536 89.26
537 89.1252
538 89.0089
539 89.0089
540 89.0089
541 89.0089
542 89.0089
543 88.6925
544 88.6925
545 88.6925
546 88.6925
547 88.6925
548 88.6925
549 88.6925
550 88.6925
551 88.6925
552 88.6925
553 88.6727
554 88.6727
555 88.6727
556 88.6727
557 88.6727
558 88.6727
559 88.6727
560 88.6727
561 88.6727
562 88.6727
563 88.6727
564 88.6727
565 88.6727
566 88.6727
567 88.4533
568 88.4533
569 88.4533
570 88.4533
571 88.4533
572 88.4533
573 88.4533
574 88.4533
575 88.4533
576 88.4533
577 88.4533
578 88.4533
579 88.4533
580 88.4533
581 88.4533
582 88.4533
583 88.4533
584 88.4533
585 88.4533
586 88.4533
587 88.311
588 88.311
589 88.311
590 88.311
591 88.311
592 88.311
593 87.7732
594 87.7732
595 87.7732
596 87.7732
597 87.0994
598 87.0994
599 87.0994
600 87.0994
601 85.0408
602 85.0408
603 85.0408
604 85.0408
605 85.0408
606 85.0408
607 85.0408
608 85.0408
609 85.0408
610 85.0408
611 85.0408
612 85.0408
613 85.0408
614 85.0408
615 85.0408
616 85.0408
617 85.0408
618 85.0408
619 85.0408
620 85.0408
621 85.0408
622 85.0408
623 85.0408
624 85.0408
625 85.0408
626 85.0408
627 85.0408
628 85.0408
629 85.0408
630 85.0408
631 85.0408
632 85.0408
633 85.0408
634 85.0408
635 85.0408
636 85.0408
637 85.0408
638 85.0408
639 85.0408
640 85.0408
641 84.8753
642 84.8753
643 84.8753
644 84.8753
645 84.8753
646 84.8753
647 84.8753
648 84.8753
649 84.8753
650 84.8753
651 77.8243
652 77.8243
653 77.8243
654 77.8243
655 77.8243
656 77.8243
657 77.8243
658 77.8243
659 77.8243
660 77.8243
661 77.8243
662 77.6841
663 77.6841
664 77.6841
665 77.6841
666 77.6841
667 77.6841
668 77.6841
669 77.6841
670 77.6841
671 77.6841
672 77.6841
673 77.6841
674 77.6841
675 77.6841
676 77.6841
677 77.6841
678 77.6841
679 77.6841
680 77.6841
681 77.6841
682 77.6841
683 77.6841
684 77.6841
685 77.6841
686 77.6841
687 77.6841
688 77.6841
689 77.6841
690 77.6841
691 77.6841
692 77.6841
693 77.6841
694 77.6841
695 77.6841
696 77.6841
697 77.6841
698 77.6841
699 77.6841
700 77.6841
701 77.6841
702 77.6841
703 77.6841
704 77.6841
705 77.6841
706 77.6841
707 77.6841
708 77.6841
709 77.6841
710 77.6841
711 77.6841
712 77.6841
713 77.6841
714 77.6841
715 77.6841
716 77.6841
717 77.6841
718 77.6841
719 77.6841
720 77.6841
721 77.6841
722 77.6841
723 77.6841
724 77.6841
725 77.6841
726 77.6841
727 77.6841
728 77.6841
729 77.6841
730 77.6841
731 77.6841
732 77.6841
733 77.6841
734 77.6841
735 77.6841
736 77.6832
737 77.6832
738 77.6832
739 77.6832
740 77.6832
741 77.6832
742 77.6832
743 77.6832
744 77.6832
745 77.6832
746 77.6832
747 77.6832
748 77.6832
749 77.5314
750 77.5314
751 77.1636
752 77.1636
753 77.1636
754 77.1636
755 77.1636
756 77.1636
757 77.1636
758 77.1636
759 77.1636
760 77.1636
761 77.1636
762 77.1636
763 77.1636
764 77.1636
765 77.1636
766 77.1636
767 77.1636
768 77.1636
769 77.1636
770 77.1636
771 77.1636
772 77.1636
773 77.1636
774 77.1636
775 77.1636
776 77.1636
777 77.1636
778 77.1636
779 77.1636
780 77.1636
781 77.1636
782 77.1636
783 77.1636
784 77.1636
785 77.1636
786 77.1636
787 77.0486
788 77.0486
789 77.0486
790 77.0486
791 77.0486
792 76.735
793 76.735
794 76.735
795 76.735
796 76.735
797 76.735
798 75.6468
799 75.6468
800 75.6468
801 75.4181
802 75.4181
803 75.4181
804 75.4181
805 75.4181
806 75.4181
807 75.4181
808 75.4181
809 75.4181
810 75.4181
811 75.4181
812 75.4181
813 75.4181
814 75.2288
815 75.2288
816 75.2288
817 75.2288
818 75.2288
819 75.2288
820 75.2288
821 75.2288
822 75.2288
823 75.2288
824 75.2288
825 75.2288
826 75.2288
827 75.2288
828 75.2288
829 75.2288
830 75.2288
831 75.2288
832 75.2288
833 75.2288
834 75.2288
835 75.2288
836 75.2288
837 75.2288
838 75.2288
839 75.2288
840 75.2288
841 75.2288
842 75.2288
843 75.2288
844 75.2288
845 75.2288
846 75.2288
847 75.2288
848 75.2288
849 75.2288
850 75.2288
851 74.6074
852 74.6074
853 74.6074
854 74.6074
855 74.6074
856 74.6074
857 74.6074
858 74.6074
859 74.6074
860 74.6074
861 74.6074
862 74.6074
863 74.6074
864 74.6074
865 74.6074
866 74.6074
867 74.6074
868 74.6074
869 74.6074
870 74.6074
871 74.6074
872 74.6074
873 74.6074
874 74.6074
875 74.6074
876 74.6074
877 74.6074
878 74.6074
879 74.6074
880 74.6074
881 74.6074
882 74.6074
883 74.6074
884 74.6074
885 74.6074
886 74.6074
887 74.6074
888 74.6074
889 74.6074
890 74.6074
891 74.6074
892 74.6074
893 74.6074
894 74.6074
895 74.6074
896 74.6074
897 74.6074
898 74.6074
899 74.6074
900 74.6074
901 74.6074
902 74.6074
903 74.6074
904 74.6074
905 74.6074
906 74.6074
907 74.6074
908 74.6074
909 74.6074
910 74.6074
911 74.6074
912 74.6074
913 74.6074
914 74.6074
915 74.6074
916 74.6074
917 74.6074
918 74.6074
919 74.6074
920 74.6074
921 74.6074
922 74.6074
923 74.6074
924 74.6074
925 74.6074
926 74.6074
927 74.6074
928 74.6074
929 74.6074
930 74.6074
931 74.6074
932 74.6074
933 74.6074
934 74.6074
935 74.6074
936 74.6074
937 74.6074
938 74.6074
939 74.6074
940 74.6074
941 74.6074
942 74.6074
943 74.6074
944 74.6074
945 74.6074
946 74.6074
947 74.6074
948 74.6074
949 74.6074
950 74.6074
951 74.4837
952 74.3985
953 73.6306
954 73.6306
955 73.6306
956 73.6306
957 73.6306
958 73.6306
959 73.6306
960 73.6306
961 73.6306
962 73.3186
963 73.3186
964 73.3186
965 73.3186
966 73.3186
967 73.3186
968 73.3186
969 73.3186
970 73.3186
971 73.3186
972 73.3186
973 73.3186
974 73.3186
975 73.3186
976 73.3186
977 73.3186
978 73.3186
979 73.3186
980 73.2747
981 73.2747
982 73.2747
983 73.2747
984 73.2747
985 73.2747
986 73.2747
987 73.2747
988 73.2747
989 73.2747
990 73.2747
991 73.2747
992 73.2747
993 73.2747
994 73.0383
995 73.0383
996 73.0383
997 73.0383
998 73.0383
999 73.0383
1000 73.0383
1001 73.0383
1002 72.9434
1003 72.707
1004 72.707
1005 72.707
1006 72.707
1007 72.707
1008 72.707
1009 72.707
1010 72.707
1011 72.707
1012 72.707
1013 72.707
1014 72.707
1015 72.707
1016 72.707
1017 72.707
1018 72.707
1019 72.707
1020 72.707
1021 72.707
1022 72.707
1023 72.707
1024 72.707
1025 72.707
1026 72.707
1027 72.707
1028 72.707
1029 72.707
1030 72.707
1031 72.707
1032 72.707
1033 72.707
1034 72.707
1035 72.707
1036 72.707
1037 72.707
1038 72.707
1039 72.707
1040 72.707
1041 72.707
1042 72.707
1043 72.707
1044 72.707
1045 72.707
1046 72.707
1047 72.707
1048 72.707
1049 72.707
1050 72.707
1051 72.3483
1052 72.3483
1053 72.3483
1054 72.3483
1055 72.3483
1056 72.338
1057 72.1326
1058 71.9794
1059 71.9794
1060 71.9794
1061 71.9794
1062 71.9794
1063 71.9364
1064 71.9364
1065 71.9364
1066 71.9364
1067 71.9364
1068 71.9364
1069 71.9364
1070 71.9364
1071 71.9364
1072 71.9364
1073 71.9364
1074 71.9364
1075 71.9364
1076 71.9364
1077 71.9364
1078 71.9364
1079 71.9364
1080 71.9364
1081 71.9364
1082 71.9364
1083 71.9364
1084 71.9364
1085 71.9364
1086 71.9364
1087 71.9364
1088 71.9364
1089 71.9364
1090 71.9364
1091 71.9364
1092 71.9364
1093 71.9364
1094 71.9364
1095 71.9364
1096 71.9364
1097 71.9364
1098 71.9364
1099 71.9364
1100 71.9364
1101 71.9364
1102 71.9364
1103 71.9364
1104 71.9364
1105 71.9364
1106 71.9364
1107 71.9364
1108 71.9364
1109 71.9364
1110 71.9364
1111 71.9364
1112 71.9364
1113 71.9364
1114 71.9364
1115 71.9364
1116 71.9364
1117 71.9364
1118 71.9364
1119 71.9364
1120 71.9364
1121 71.9364
1122 71.9364
1123 71.9364
1124 71.9364
1125 71.9364
1126 71.9364
1127 71.9364
1128 71.9364
1129 71.9364
1130 71.9364
1131 71.9364
1132 71.9364
1133 71.9364
1134 71.9364
1135 71.9364
1136 71.9364
1137 71.9364
1138 71.9364
1139 71.9364
1140 71.9364
1141 71.9364
1142 71.9364
1143 71.9364
1144 71.9364
1145 71.9364
1146 71.9364
1147 71.9364
1148 71.9364
1149 71.9364
1150 71.9364
1151 71.9364
1152 71.9364
1153 71.9364
1154 71.9364
1155 71.9364
1156 71.9364
1157 71.9364
1158 71.9364
1159 71.9364
1160 71.9364
1161 71.9364
1162 71.9364
1163 71.9364
1164 71.9364
1165 71.9364
1166 71.9364
1167 71.9364
1168 71.9364
1169 71.9364
1170 71.9364
1171 71.9364
1172 71.9364
1173 71.9364
1174 71.9364
1175 71.9364
1176 71.9364
1177 71.9364
1178 71.9364
1179 71.9364
1180 71.9364
1181 71.9364
1182 71.9364
1183 71.9364
1184 71.9364
1185 71.9364
1186 71.9364
1187 71.9364
1188 71.9364
1189 71.9364
1190 71.9364
1191 71.9364
1192 71.9364
1193 71.9364
1194 71.9364
1195 71.9364
1196 71.9364
1197 71.9364
1198 71.9364
1199 71.9364
1200 71.9364
1201 71.9364
1202 71.9364
1203 71.9364
1204 71.9364
1205 71.9364
1206 71.9364
1207 71.9364
1208 71.9364
1209 71.9364
1210 71.9364
1211 71.9364
1212 71.9364
1213 71.9364
1214 71.9364
1215 71.9364
1216 71.9364
1217 71.9364
1218 71.9364
1219 71.9364
1220 71.9364
1221 71.9364
1222 71.9364
1223 71.9364
1224 71.9364
1225 71.9364
1226 71.9364
1227 71.9364
1228 71.9364
1229 71.9364
1230 71.9364
1231 71.9364
1232 71.9364
1233 71.9364
1234 71.9364
1235 71.9364
1236 71.9364
1237 71.9364
1238 71.9364
1239 71.9364
1240 71.9364
1241 71.9364
1242 71.9364
1243 71.9364
1244 71.9364
1245 71.9364
1246 71.9364
1247 71.9364
1248 71.9364
1249 71.9364
1250 71.9364
1251 71.9364
1252 71.9364
1253 71.9364
1254 71.9364
1255 71.9364
1256 71.9364
1257 71.9364
1258 71.9364
1259 71.9364
1260 71.9364
1261 71.9364
1262 71.9364
1263 71.9364
1264 71.9364
1265 71.9364
1266 71.9364
1267 71.9364
1268 71.9364
1269 71.9364
1270 71.9364
1271 71.9364
1272 71.9364
1273 71.9364
1274 71.9364
1275 71.9364
1276 71.9364
1277 71.9364
1278 71.9364
1279 71.9364
1280 71.9364
1281 71.9364
1282 71.9364
1283 71.9364
1284 71.9364
1285 71.9364
1286 71.9364
1287 71.9364
1288 71.9364
1289 71.9364
1290 71.9364
1291 71.9364
1292 71.9364
1293 71.9364
1294 71.9364
1295 71.9364
1296 71.9364
1297 71.9364
1298 71.9364
1299 71.9364
1300 71.9364
1301 71.8266
1302 71.8266
1303 71.8266
1304 71.8266
1305 71.8266
1306 71.8266
1307 71.8266
1308 71.8266
1309 71.8266
1310 71.8266
1311 71.8266
1312 71.8266
1313 71.8266
1314 71.8266
1315 71.8266
1316 71.8266
1317 71.8266
1318 71.8266
1319 71.8266
1320 71.8266
1321 71.8266
1322 71.8266
1323 71.8266
1324 71.8266
1325 71.8266
1326 71.8266
1327 71.8266
1328 71.8266
1329 71.8266
1330 71.6985
1331 71.6985
1332 71.4853
1333 71.4853
1334 71.4853
1335 71.4853
1336 71.4826
1337 71.4826
1338 71.4826
1339 71.4826
1340 71.4826
1341 71.4826
1342 71.4826
1343 71.4826
1344 71.4826
1345 71.4826
1346 71.4826
1347 71.4826
1348 71.4826
1349 71.4826
1350 71.4826
1351 71.4826
1352 71.4826
1353 71.4826
1354 71.4826
1355 71.4826
1356 71.4826
1357 71.4826
1358 71.4826
1359 71.4826
1360 71.4826
1361 71.4826
1362 71.4826
1363 71.4826
1364 71.4826
1365 71.4826
1366 71.4826
1367 71.4826
1368 71.4826
1369 71.4826
1370 71.4826
1371 71.4826
1372 71.4826
1373 71.4826
1374 71.4826
1375 71.4826
1376 71.4826
1377 71.4826
1378 71.4826
1379 71.4826
1380 71.4826
1381 71.4826
1382 71.4826
1383 71.4826
1384 70.909
1385 70.909
1386 70.909
1387 70.909
1388 70.909
1389 70.909
1390 70.909
1391 70.909
1392 70.909
1393 70.909
1394 70.909
1395 70.909
1396 70.909
1397 70.909
1398 70.909
1399 70.909
1400 70.909
1401 69.6465
1402 69.4303
1403 69.3497
1404 69.2766
1405 69.265
1406 69.265
1407 69.265
1408 69.265
1409 69.265
1410 69.265
1411 69.265
1412 69.265
1413 69.265
1414 69.265
1415 69.265
1416 69.265
1417 69.265
1418 69.265
1419 69.265
1420 69.265
1421 69.265
1422 69.265
1423 69.265
1424 69.265
1425 69.265
1426 69.265
1427 69.265
1428 69.2474
1429 69.2474
1430 69.2474
1431 69.2474
1432 69.2474
1433 69.2474
1434 69.2474
1435 69.2474
1436 69.2474
1437 69.2474
1438 69.2474
1439 69.2474
1440 69.2474
1441 69.2474
1442 69.2474
1443 69.2474
1444 69.2474
1445 69.2474
1446 69.2474
1447 69.2474
1448 69.2474
1449 69.2474
1450 69.2474
1451 69.2474
1452 69.2474
1453 69.2474
1454 69.2474
1455 69.2474
1456 69.2474
1457 69.2474
1458 69.2474
1459 69.2474
1460 69.2474
1461 69.2474
1462 69.2474
1463 69.2474
1464 69.2474
1465 69.2474
1466 69.2474
1467 69.2474
1468 69.2474
1469 69.2474
1470 69.2474
1471 69.2474
1472 69.2474
1473 69.2474
1474 69.2474
1475 69.2474
1476 69.2474
1477 69.2474
1478 69.2474
1479 69.2474
1480 69.2474
1481 69.2474
1482 69.2474
1483 69.2474
1484 69.2474
1485 69.2474
1486 69.2474
1487 69.2474
1488 69.2474
1489 69.2474
1490 69.2474
1491 69.2474
1492 69.2474
1493 69.2474
1494 69.2474
1495 69.2474
1496 69.2474
1497 69.2474
1498 69.2474
1499 69.2474
1500 69.2474
1501 69.0794
1502 69.0794
1503 69.0794
1504 69.0794
1505 69.0794
1506 69.0794
1507 69.0794
1508 69.0794
1509 69.0794
1510 69.0794
1511 69.0794
1512 69.0794
1513 69.0794
1514 69.0794
1515 69.0794
1516 69.0794
1517 69.0794
1518 69.0794
1519 69.0794
1520 69.0794
1521 69.0794
1522 69.0794
1523 69.0794
1524 69.0794
1525 68.6743
1526 68.6743
1527 68.6743
1528 68.6743
1529 68.6743
1530 68.6743
1531 68.6743
1532 68.6743
1533 68.6743
1534 68.6743
1535 68.6743
1536 68.6743
1537 68.6743
1538 68.6743
1539 68.6743
1540 68.6743
1541 68.6743
1542 68.6743
1543 68.6743
1544 68.6743
1545 68.6743
1546 68.6743
1547 68.6743
1548 68.6743
1549 68.6743
1550 68.6743
1551 68.6743
1552 68.6743
1553 68.6743
1554 68.6743
1555 68.6743
1556 68.6743
1557 68.6743
1558 68.6743
1559 68.6743
1560 68.6743
1561 68.6743
1562 68.6743
1563 68.6743
1564 68.6743
1565 68.6743
1566 68.6743
1567 68.6743
1568 68.6743
1569 68.6743
1570 68.6743
1571 68.6743
1572 68.6743
1573 68.6743
1574 68.6743
1575 68.6743
1576 68.6743
1577 68.6743
1578 68.6743
1579 68.6743
1580 68.6743
1581 68.6743
1582 68.6743
1583 68.6743
1584 68.6743
1585 68.6743
1586 68.6743
1587 68.6743
1588 68.6743
1589 68.6743
1590 68.6743
1591 68.6743
1592 68.6743
1593 68.6743
1594 68.6743
1595 68.6743
1596 68.6743
1597 68.6743
1598 68.6743
1599 68.6743
1600 68.6743
1601 68.5695
1602 68.5695
1603 68.5695
1604 68.5695
1605 68.5695
1606 68.5695
1607 68.5695
1608 68.5695
1609 68.5695
1610 68.5695
1611 68.5695
1612 68.5695
1613 68.5695
1614 68.5695
1615 68.5695
1616 68.5695
1617 68.5695
1618 68.5695
1619 68.5695
1620 68.5695
1621 68.5695
1622 68.5695
1623 68.5695
1624 68.5695
1625 68.5695
1626 68.5695
1627 68.5695
1628 68.5695
1629 68.5695
1630 68.5695
1631 68.5695
1632 68.5695
1633 68.5695
1634 68.5695
1635 68.5695
1636 68.5695
1637 68.5695
1638 68.5695
1639 68.5695
1640 68.5695
1641 68.5695
1642 68.5695
1643 68.5695
1644 68.5695
1645 68.5695
1646 68.5695
1647 68.5695
1648 68.5695
1649 68.5695
1650 68.5695
1651 67.9117
1652 67.9117
1653 67.9117
1654 67.9117
1655 67.9117
1656 67.9117
1657 67.9117
1658 67.9117
1659 67.9117
1660 67.9117
1661 67.9117
1662 67.9117
1663 67.9117
1664 67.9117
1665 67.9117
1666 67.9117
1667 67.9117
1668 67.9117
1669 67.9117
1670 67.9117
1671 67.9117
1672 67.9117
1673 67.9117
1674 67.9117
1675 67.9117
1676 67.9117
1677 67.9117
1678 67.9117
1679 67.9117
1680 67.9117
1681 67.9117
1682 67.9117
1683 67.9117
1684 67.9117
1685 67.9117
1686 67.9117
1687 67.9117
1688 67.9117
1689 67.9117
1690 67.9117
1691 67.9117
1692 67.9117
1693 67.9117
1694 67.9117
1695 67.9117
1696 67.9117
1697 67.9117
1698 67.9117
1699 67.9117
1700 67.9117
1701 67.9117
1702 67.9117
1703 67.9117
1704 67.9117
1705 67.9117
1706 67.9117
1707 67.9117
1708 67.9117
1709 67.9117
1710 67.9117
1711 67.9117
1712 67.9117
1713 67.9117
1714 67.9117
1715 67.9117
1716 67.9117
1717 67.9117
1718 67.9117
1719 67.9117
1720 67.9117
1721 67.9117
1722 67.9117
1723 67.9117
1724 67.9117
1725 67.9117
1726 67.9117
1727 67.9117
1728 67.9117
1729 67.9117
1730 67.9117
1731 67.9117
1732 67.9117
1733 67.9117
1734 67.9117
1735 67.9117
1736 67.9117
1737 67.9117
1738 67.9117
1739 67.9117
1740 67.9117
1741 67.9117
1742 67.9117
1743 67.9117
1744 67.9117
1745 67.9117
1746 67.9117
1747 67.9117
1748 67.9117
1749 67.9117
1750 67.9117
1751 67.9117
1752 67.9117
1753 67.9117
1754 67.9117
1755 67.9117
1756 67.9117
1757 67.9117
1758 67.9117
1759 67.9117
1760 67.9117
1761 67.9117
1762 67.9117
1763 67.9117
1764 67.9117
1765 67.9117
1766 67.9117
1767 67.9117
1768 67.9117
1769 67.9117
1770 67.9117
1771 67.9117
1772 67.9117
1773 67.9117
1774 67.9117
1775 67.9117
1776 67.9117
1777 67.9117
1778 67.9117
1779 67.9117
1780 67.9117
1781 67.9117
1782 67.9117
1783 67.9117
1784 67.9117
1785 67.9117
1786 67.9117
1787 67.9117
1788 67.9117
1789 67.9117
1790 67.9117
1791 67.9117
1792 67.9117
1793 67.9117
1794 67.9117
1795 67.9117
1796 67.9117
1797 67.9117
1798 67.9117
1799 67.9117
1800 67.9117
1801 67.9117
1802 67.9117
1803 67.9117
1804 67.9117
1805 67.9117
1806 67.9117
1807 67.9117
1808 67.9117
1809 67.9117
1810 67.9117
1811 67.9117
1812 67.9117
1813 67.9117
1814 67.9117
1815 67.9117
1816 67.9117
1817 67.9117
1818 67.9117
1819 67.9117
1820 67.9117
1821 67.9117
1822 67.9117
1823 67.9117
1824 67.9117
1825 67.9117
1826 67.9117
1827 67.9117
1828 67.9117
1829 67.9117
1830 67.9117
1831 67.9117
1832 67.9117
1833 67.9117
1834 67.9117
1835 67.9117
1836 67.9117
1837 67.9117
1838 67.9117
1839 67.9117
1840 67.9117
1841 67.9117
1842 67.9117
1843 67.9117
1844 67.9117
1845 67.9117
1846 67.9117
1847 67.9117
1848 67.9117
1849 67.9117
1850 67.9117
1851 67.9117
1852 67.9117
1853 67.9117
1854 67.9117
1855 67.9117
1856 67.9117
1857 67.9117
1858 67.9117
1859 67.9117
1860 67.9117
1861 67.9117
1862 67.9117
1863 67.9117
1864 67.9117
1865 67.9117
1866 67.9117
1867 67.9117
1868 67.9117
1869 67.9117
1870 67.9117
1871 67.9117
1872 67.9117
1873 67.9117
1874 67.9117
1875 67.9117
1876 67.9117
1877 67.9117
1878 67.9117
1879 67.9117
1880 67.9117
1881 67.9117
1882 67.9117
1883 67.9117
1884 67.9117
1885 67.9117
1886 67.9117
1887 67.9117
1888 67.9117
1889 67.9117
1890 67.9117
1891 67.9117
1892 67.9117
1893 67.9117
1894 67.9117
1895 67.9117
1896 67.9117
1897 67.9117
1898 67.9117
1899 67.9117
1900 67.9117
1901 67.9117
1902 67.9117
1903 67.9117
1904 67.9117
1905 67.9117
1906 67.9117
1907 67.9117
1908 67.9117
1909 67.9117
1910 67.9117
1911 67.9117
1912 67.9117
1913 67.9117
1914 67.9117
1915 67.9117
1916 67.9117
1917 67.9117
1918 67.9117
1919 67.9117
1920 67.9117
1921 67.9117
1922 67.9117
1923 67.9117
1924 67.9117
1925 67.9117
1926 67.9117
1927 67.9117
1928 67.9117
1929 67.9117
1930 67.9117
1931 67.9117
1932 67.9117
1933 67.9117
1934 67.9117
1935 67.9117
1936 67.9117
1937 67.9117
1938 67.9117
1939 67.9117
1940 67.9117
1941 67.9117
1942 67.9117
1943 67.9117
1944 67.9117
1945 67.9117
1946 67.9117
1947 67.9117
1948 67.9117
1949 67.9117
1950 67.9117
1951 67.9117
1952 67.9117
1953 67.9117
1954 67.9117
1955 67.9117
1956 67.9117
1957 67.9117
1958 67.9117
1959 67.9117
1960 67.9117
1961 67.9117
1962 67.9117
1963 67.9117
1964 67.9117
1965 67.9117
1966 67.9117
1967 67.9117
1968 67.9117
1969 67.9117
1970 67.9117
1971 67.9117
1972 67.9117
1973 67.9117
1974 67.9117
1975 67.9117
1976 67.9117
1977 67.9117
1978 67.9117
1979 67.9117
1980 67.9117
1981 67.9117
1982 67.9117
1983 67.9117
1984 67.9117
1985 67.9117
1986 67.9117
1987 67.9117
1988 67.9117
1989 67.9117
1990 67.9117
1991 67.9117
1992 67.9117
1993 67.9117
1994 67.9117
1995 67.9117
1996 67.9117
1997 67.9117
1998 67.9117
1999 67.9117
2000 67.9117
2001 67.9117
2002 67.9117
2003 67.9117
2004 67.9117
2005 67.9117
2006 67.9117
2007 67.9117
2008 67.9117
2009 67.9117
2010 67.9117
2011 67.9117
2012 67.9117
2013 67.9117
2014 67.9117
2015 67.9117
2016 67.9117
2017 67.9117
2018 67.9117
2019 67.9117
2020 67.9117
2021 67.9117
2022 67.9117
2023 67.9117
2024 67.9117
2025 67.9117
2026 67.9117
2027 67.9117
2028 67.9117
2029 67.9117
2030 67.9117
2031 67.9117
2032 67.9117
2033 67.9117
2034 67.9117
2035 67.9117
2036 67.9117
2037 67.9117
2038 67.9117
2039 67.9117
2040 67.9117
2041 67.9117
2042 67.9117
2043 67.9117
2044 67.9117
2045 67.9117
2046 67.9117
2047 67.9117
2048 67.9117
2049 67.9117
2050 67.9117
2051 67.9117
2052 67.9117
2053 67.9117
2054 67.9117
2055 67.9117
2056 67.9117
2057 67.9117
2058 67.9117
2059 67.9117
2060 67.9117
2061 67.9117
2062 67.9117
2063 67.9117
2064 67.9117
2065 67.9117
2066 67.9117
2067 67.9117
2068 67.9117
2069 67.9117
2070 67.9117
2071 67.9117
2072 67.9117
2073 67.9117
2074 67.9117
2075 67.9117
2076 67.9117
2077 67.9117
2078 67.9117
2079 67.9117
2080 67.9117
2081 67.9117
2082 67.9117
2083 67.9117
2084 67.9117
2085 67.9117
2086 67.9117
2087 67.9117
2088 67.9117
2089 67.9117
2090 67.9117
2091 67.9117
2092 67.9117
2093 67.9117
2094 67.9117
2095 67.9117
2096 67.9117
2097 67.9117
2098 67.9117
2099 67.9117
2100 67.9117
2101 67.7399
2102 67.7399
2103 67.7399
2104 67.7399
2105 67.7399
2106 67.7399
2107 67.7399
2108 67.7399
2109 67.7399
2110 67.7399
2111 67.7399
2112 67.7399
2113 67.7399
2114 67.7399
2115 67.7399
2116 67.7399
2117 67.7399
2118 67.7399
2119 67.7399
2120 67.7399
2121 67.7399
2122 67.7399
2123 67.7399
2124 67.7399
2125 67.7399
2126 67.7399
2127 67.7399
2128 67.7399
2129 67.7399
2130 67.7399
2131 67.7399
2132 67.7399
2133 67.7399
2134 67.7399
2135 67.7399
2136 67.7399
2137 67.7399
2138 67.7399
2139 67.7399
2140 67.7399
2141 67.7399
2142 67.7399
2143 67.7399
2144 67.7399
2145 67.7399
2146 67.7399
2147 67.7399
2148 67.7399
2149 67.7399
2150 67.7399
2151 67.7399
2152 67.7399
2153 67.7399
2154 67.7399
2155 67.7399
2156 67.7399
2157 67.7399
2158 67.7399
2159 67.7399
2160 67.7399
2161 67.7399
2162 67.7399
2163 67.7399
2164 67.7399
2165 67.7399
2166 67.7399
2167 67.7399
2168 67.7399
2169 67.7399
2170 67.7399
2171 67.7399
2172 67.7399
2173 67.7399
2174 67.7399
2175 67.7399
2176 67.7399
2177 67.7399
2178 67.7399
2179 67.7399
2180 67.7399
2181 67.7399
2182 67.7399
2183 67.7399
2184 67.7399
2185 67.7399
2186 67.7399
2187 67.7399
2188 67.7399
2189 67.7399
2190 67.7399
2191 67.7399
2192 67.7399
2193 67.7399
2194 67.7399
2195 67.7399
2196 67.7399
2197 67.7399
2198 67.7399
2199 67.7399
2200 67.7399
2201 67.7399
2202 67.7399
2203 67.7399
2204 67.7399
2205 67.7399
2206 67.7399
2207 67.7399
2208 67.7399
2209 67.7399
2210 67.7399
2211 67.7399
2212 67.7399
2213 67.7399
2214 67.7399
2215 67.7399
2216 67.7399
2217 67.7399
2218 67.7399
2219 67.7399
2220 67.7399
2221 67.7399
2222 67.7399
2223 67.7399
2224 67.7399
2225 67.7399
2226 67.7399
2227 67.7399
2228 67.7399
2229 67.7399
2230 67.7399
2231 67.7399
2232 67.7399
2233 67.7399
2234 67.7399
2235 67.7399
2236 67.7399
2237 67.7399
2238 67.7399
2239 67.7399
2240 67.7399
2241 67.7399
2242 67.7399
2243 67.7399
2244 67.7399
2245 67.7399
2246 67.7399
2247 67.7399
2248 67.7399
2249 67.7399
2250 67.7399
2251 67.7399
2252 67.7399
2253 67.7399
2254 67.7399
2255 67.7399
2256 67.7399
2257 67.7399
2258 67.7399
2259 67.7399
2260 67.7399
2261 67.7399
2262 67.7399
2263 67.7399
2264 67.7399
2265 67.7399
2266 67.7399
2267 67.7399
2268 67.7399
2269 67.7399
2270 67.7399
2271 67.7399
2272 67.7399
2273 67.7399
2274 67.7399
2275 67.7399
2276 67.7399
2277 67.7399
2278 67.7399
2279 67.7399
2280 67.7399
2281 67.7399
2282 67.7399
2283 67.7399
2284 67.7399
2285 67.7399
2286 67.7399
2287 67.7399
2288 67.7399
2289 67.7399
2290 67.7399
2291 67.7399
2292 67.7399
2293 67.7399
2294 67.7399
2295 67.7399
2296 67.7399
2297 67.7399
2298 67.7399
2299 67.7399
2300 67.7399
2301 67.7399
2302 67.7399
2303 67.7399
2304 67.7399
2305 67.7399
2306 67.7399
2307 67.7399
2308 67.7399
2309 67.7399
2310 67.7399
2311 67.7399
2312 67.7399
2313 67.7399
2314 67.7399
2315 67.7399
2316 67.7399
2317 67.7399
2318 67.7399
2319 67.7399
2320 67.7399
2321 67.7399
2322 67.7399
2323 67.7399
2324 67.7399
2325 67.7399
2326 67.7399
2327 67.7399
2328 67.7399
2329 67.7399
2330 67.7399
2331 67.7399
2332 67.7399
2333 67.7399
2334 67.7399
2335 67.7399
2336 67.7399
2337 67.7399
2338 67.7399
2339 67.7399
2340 67.7399
2341 67.7399
2342 67.7399
2343 67.7399
2344 67.7399
2345 67.7399
2346 67.7399
2347 67.7399
2348 67.7399
2349 67.7399
2350 67.7399
2351 67.7399
2352 67.7399
2353 67.7399
2354 67.7399
2355 67.7399
2356 67.7399
2357 67.7399
2358 67.7399
2359 67.7399
2360 67.7399
2361 67.7399
2362 67.7399
2363 67.7399
2364 67.7399
2365 67.7399
2366 67.7399
2367 67.7399
2368 67.7399
2369 67.7399
2370 67.7399
2371 67.7399
2372 67.7399
2373 67.7399
2374 67.7399
2375 67.7399
2376 67.7399
2377 67.7399
2378 67.7399
2379 67.7399
2380 67.7399
2381 67.7399
2382 67.7399
2383 67.7399
2384 67.7399
2385 67.7399
2386 67.7399
2387 67.7399
2388 67.7399
2389 67.7399
2390 67.7399
2391 67.7399
2392 67.7399
2393 67.7399
2394 67.7399
2395 67.7399
2396 67.7399
2397 67.7399
2398 67.7399
2399 67.7399
2400 67.7399
2401 67.7399
2402 67.7399
2403 67.7399
2404 67.7399
2405 67.7399
2406 67.7399
2407 67.7399
2408 67.7399
2409 67.7399
2410 67.7399
2411 67.7399
2412 67.7399
2413 67.7399
2414 67.7399
2415 67.7399
2416 67.7399
2417 67.7399
2418 67.7399
2419 67.7399
2420 67.7399
2421 67.7399
2422 67.7399
2423 67.7399
2424 67.7399
2425 67.7399
2426 67.7399
2427 67.7399
2428 67.7399
2429 67.7399
2430 67.7399
2431 67.7399
2432 67.7399
2433 67.7399
2434 67.7399
2435 67.7399
2436 67.7399
2437 67.7399
2438 67.7399
2439 67.7399
2440 67.7399
2441 67.7399
2442 67.7399
2443 67.7399
2444 67.7399
2445 67.7399
2446 67.7399
2447 67.7399
2448 67.7399
2449 67.7399
2450 67.7399
2451 67.7399
2452 67.7399
2453 67.7399
2454 67.7399
2455 67.7399
2456 67.7399
2457 67.7399
2458 67.7399
2459 67.7399
2460 67.7399
2461 67.7399
2462 67.7399
2463 67.7399
2464 67.7399
2465 67.7399
2466 67.7399
2467 67.7399
2468 67.7399
2469 67.7399
2470 67.7399
2471 67.7399
2472 67.7399
2473 67.7399
2474 67.7399
2475 67.7399
2476 67.7399
2477 67.7399
2478 67.7399
2479 67.7399
2480 67.7399
2481 67.7399
2482 67.7399
2483 67.7399
2484 67.7399
2485 67.7399
2486 67.7399
2487 67.7399
2488 67.7399
2489 67.7399
2490 67.7399
2491 67.7399
2492 67.7399
2493 67.7399
2494 67.7399
2495 67.7399
2496 67.7399
2497 67.7399
2498 67.7399
2499 67.7399
2500 67.7399
2501 67.7399
2502 67.7399
2503 67.7399
2504 67.7399
2505 67.7399
2506 67.7399
2507 67.7399
2508 67.7399
2509 67.7399
2510 67.7399
2511 67.7399
2512 67.7399
2513 67.7399
2514 67.7399
2515 67.7399
2516 67.7399
2517 67.7399
2518 67.7399
2519 67.7399
2520 67.7399
2521 67.7399
2522 67.7399
2523 67.7399
2524 67.7399
2525 67.7399
2526 67.7399
2527 67.7399
2528 67.7399
2529 67.7399
2530 67.7399
2531 67.7399
2532 67.7399
2533 67.7399
2534 67.7399
2535 67.7399
2536 67.7399
2537 67.7399
2538 67.7399
2539 67.7399
2540 67.7399
2541 67.7399
2542 67.7399
2543 67.7399
2544 67.7399
2545 67.7399
2546 67.7399
2547 67.7399
2548 67.7399
2549 67.7399
2550 67.7399
2551 67.7399
2552 67.7399
2553 67.7399
2554 67.7399
2555 67.7399
2556 67.7399
2557 67.7399
2558 67.7399
2559 67.7399
2560 67.7399
2561 67.7399
2562 67.7399
2563 67.7399
2564 67.7399
2565 67.7399
2566 67.7399
2567 67.7399
2568 67.7399
2569 67.7399
2570 67.7399
2571 67.7399
2572 67.7399
2573 67.7399
2574 67.7399
2575 67.7399
2576 67.7399
2577 67.7399
2578 67.7399
2579 67.7399
2580 67.7399
2581 67.7399
2582 67.7399
2583 67.7399
2584 67.7399
2585 67.7399
2586 67.7399
2587 67.7399
2588 67.7399
2589 67.7399
2590 67.7399
2591 67.7399
2592 67.7399
2593 67.7399
2594 67.7399
2595 67.7399
2596 67.7399
2597 67.7399
2598 67.7399
2599 67.7399
2600 67.7399
2601 67.7399
2602 67.7399
2603 67.7399
2604 67.7399
2605 67.7399
2606 67.7399
2607 67.7399
2608 67.7399
2609 67.7399
2610 67.7399
2611 67.7399
2612 67.7399
2613 67.7399
2614 67.7399
2615 67.7399
2616 67.7399
2617 67.7399
2618 67.7399
2619 67.7399
2620 67.7399
2621 67.7399
2622 67.7399
2623 67.7399
2624 67.7399
2625 67.7399
2626 67.7399
2627 67.7399
2628 67.7399
2629 67.7399
2630 67.7399
2631 67.7399
2632 67.7399
2633 67.7399
2634 67.7399
2635 67.7399
2636 67.7399
2637 67.7399
2638 67.7399
2639 67.7399
2640 67.7399
2641 67.7399
2642 67.7399
2643 67.7399
2644 67.7399
2645 67.7399
2646 67.7399
2647 67.7399
2648 67.7399
2649 67.7399
2650 67.7399
2651 67.7399
2652 67.7399
2653 67.7399
2654 67.7399
2655 67.7399
2656 67.7399
2657 67.7399
2658 67.7399
2659 67.7399
2660 67.7399
2661 67.7399
2662 67.7399
2663 67.7399
2664 67.7399
2665 67.7399
2666 67.7399
2667 67.7399
2668 67.7399
2669 67.7399
2670 67.7399
2671 67.7399
2672 67.7399
2673 67.7399
2674 67.7399
2675 67.7399
2676 67.7399
2677 67.7399
2678 67.7399
2679 67.7399
2680 67.7399
2681 67.7399
2682 67.7399
2683 67.7399
2684 67.7399
2685 67.7399
2686 67.7399
2687 67.7399
2688 67.7399
2689 67.7399
2690 67.7399
2691 67.7399
2692 67.7399
2693 67.7399
2694 67.7399
2695 67.7399
2696 67.7399
2697 67.7399
2698 67.7399
2699 67.7399
2700 67.7399
2701 67.7399
2702 67.7399
2703 67.7399
2704 67.7399
2705 67.7399
2706 67.7399
2707 67.7399
2708 67.7399
2709 67.7399
2710 67.7399
2711 67.7399
2712 67.7399
2713 67.7399
2714 67.7399
2715 67.7399
2716 67.7399
2717 67.7399
2718 67.7399
2719 67.7399
2720 67.7399
2721 67.7399
2722 67.7399
2723 67.7399
2724 67.7399
2725 67.7399
2726 67.7399
2727 67.7399
2728 67.7399
2729 67.7399
2730 67.7399
2731 67.7399
2732 67.7399
2733 67.7399
2734 67.7399
2735 67.7399
2736 67.7399
2737 67.7399
2738 67.7399
2739 67.7399
2740 67.7399
2741 67.7399
2742 67.7399
2743 67.7399
2744 67.7399
2745 67.7399
2746 67.7399
2747 67.7399
2748 67.7399
2749 67.7399
2750 67.7399
2751 67.7399
2752 67.7399
2753 67.7399
2754 67.7399
2755 67.7399
2756 67.7399
2757 67.7399
2758 67.7399
2759 67.7399
2760 67.7399
2761 67.7399
2762 67.7399
2763 67.7399
2764 67.7399
2765 67.7399
2766 67.7399
2767 67.7399
2768 67.7399
2769 67.7399
2770 67.7399
2771 67.7399
2772 67.7399
2773 67.7399
2774 67.7399
2775 67.7399
2776 67.7399
2777 67.7399
2778 67.7399
2779 67.7399
2780 67.7399
2781 67.7399
2782 67.7399
2783 67.7399
2784 67.7399
2785 67.7399
2786 67.7399
2787 67.7399
2788 67.7399
2789 67.7399
2790 67.7399
2791 67.7399
2792 67.7399
2793 67.7399
2794 67.7399
2795 67.7399
2796 67.7399
2797 67.7399
2798 67.7399
2799 67.7399
2800 67.7399
2801 67.432
2802 67.432
2803 67.432
2804 67.432
2805 67.432
2806 67.432
2807 67.432
2808 67.432
2809 67.432
2810 67.432
2811 67.432
2812 67.432
2813 67.432
2814 67.432
2815 67.432
2816 67.432
2817 67.432
2818 67.432
2819 67.432
2820 67.432
2821 67.432
2822 67.432
2823 67.432
2824 67.432
2825 67.432
2826 67.432
2827 67.432
2828 67.432
2829 67.432
2830 67.432
2831 67.432
2832 67.432
2833 67.432
2834 67.432
2835 67.432
2836 67.432
2837 67.432
2838 67.432
2839 67.432
2840 67.432
2841 67.432
2842 67.432
2843 67.432
2844 67.432
2845 67.432
2846 67.432
2847 67.432
2848 67.432
2849 67.432
2850 67.432
2851 67.432
2852 67.432
2853 67.432
2854 67.432
2855 67.432
2856 67.432
2857 67.432
2858 67.432
2859 67.432
2860 67.432
2861 67.432
2862 67.432
2863 67.432
2864 67.432
2865 67.432
2866 67.432
2867 67.432
2868 67.432
2869 67.432
2870 67.432
2871 67.432
2872 67.432
2873 67.432
2874 67.432
2875 67.432
2876 67.432
2877 67.432
2878 67.432
2879 67.432
2880 67.432
2881 67.432
2882 67.432
2883 67.432
2884 67.432
2885 67.432
2886 67.432
2887 67.432
2888 67.432
2889 67.432
2890 67.432
2891 67.432
2892 67.432
2893 67.432
2894 67.432
2895 67.432
2896 67.432
2897 67.432
2898 67.432
2899 67.432
2900 67.432
2901 67.432
2902 67.432
2903 67.432
2904 67.432
2905 67.432
2906 67.432
2907 67.432
2908 67.432
2909 67.432
2910 67.432
2911 67.432
2912 67.432
2913 67.432
2914 67.432
2915 67.432
2916 67.432
2917 67.432
2918 67.432
2919 67.432
2920 67.432
2921 67.432
2922 67.432
2923 67.432
2924 67.432
2925 67.432
2926 67.432
2927 67.432
2928 67.432
2929 67.432
2930 67.432
2931 67.432
2932 67.432
2933 67.432
2934 67.432
2935 67.432
2936 67.432
2937 67.432
2938 67.432
2939 67.432
2940 67.432
2941 67.432
2942 67.432
2943 67.432
2944 67.432
2945 67.432
2946 67.432
2947 67.432
2948 67.432
2949 67.432
2950 67.432
2951 67.432
2952 67.432
2953 67.432
2954 67.432
2955 67.432
2956 67.432
2957 67.432
2958 67.432
2959 67.432
2960 67.432
2961 67.432
2962 67.432
2963 67.432
2964 67.432
2965 67.432
2966 67.432
2967 67.432
2968 67.432
2969 67.432
2970 67.432
2971 67.432
2972 67.432
2973 67.432
2974 67.432
2975 67.432
2976 67.432
2977 67.432
2978 67.432
2979 67.432
2980 67.432
2981 67.432
2982 67.432
2983 67.432
2984 67.432
2985 67.432
2986 67.432
2987 67.432
2988 67.432
2989 67.432
2990 67.432
2991 67.432
2992 67.432
2993 67.432
2994 67.432
2995 67.432
2996 67.432
2997 67.432
2998 67.432
2999 67.432
3000 67.432
3001 67.432
3002 67.432
3003 67.432
3004 67.432
3005 67.432
3006 67.432
3007 67.432
3008 67.432
3009 67.432
3010 67.432
3011 67.432
3012 67.432
3013 67.432
3014 67.432
3015 67.432
3016 67.432
3017 67.432
3018 67.432
3019 67.432
3020 67.432
3021 67.432
3022 67.432
3023 67.432
3024 67.432
3025 67.432
3026 67.432
3027 67.432
3028 67.432
3029 67.432
3030 67.432
3031 67.432
3032 67.432
3033 67.432
3034 67.432
3035 67.432
3036 67.432
3037 67.432
3038 67.432
3039 67.432
3040 67.432
3041 67.432
3042 67.432
3043 67.432
3044 67.432
3045 67.432
3046 67.432
3047 67.432
3048 67.432
3049 67.432
3050 67.432
3051 67.432
3052 67.432
3053 67.432
3054 67.432
3055 67.432
3056 67.432
3057 67.432
3058 67.432
3059 67.432
3060 67.432
3061 67.432
3062 67.432
3063 67.432
3064 67.432
3065 67.432
3066 67.432
3067 67.432
3068 67.432
3069 67.432
3070 67.432
3071 67.432
3072 67.432
3073 67.432
3074 67.432
3075 67.432
3076 67.432
3077 67.432
3078 67.432
3079 67.432
3080 67.432
3081 67.432
3082 67.432
3083 67.432
3084 67.432
3085 67.432
3086 67.432
3087 67.432
3088 67.432
3089 67.432
3090 67.432
3091 67.432
3092 67.432
3093 67.432
3094 67.432
3095 67.432
3096 67.432
3097 67.432
3098 67.432
3099 67.432
3100 67.432
3101 67.432
3102 67.432
3103 67.432
3104 67.432
3105 67.432
3106 67.432
3107 67.432
3108 67.432
3109 67.432
3110 67.432
3111 67.432
3112 67.432
3113 67.432
3114 67.432
3115 67.432
3116 67.432
3117 67.432
3118 67.432
3119 67.432
3120 67.432
3121 67.432
3122 67.432
3123 67.432
3124 67.432
3125 67.432
3126 67.432
3127 67.432
3128 67.432
3129 67.432
3130 67.432
3131 67.432
3132 67.432
3133 67.432
3134 67.432
3135 67.432
3136 67.432
3137 67.432
3138 67.432
3139 67.432
3140 67.432
3141 67.432
3142 67.432
3143 67.432
3144 67.432
3145 67.432
3146 67.432
3147 67.432
3148 67.432
3149 67.432
3150 67.432
3151 67.432
3152 67.432
3153 67.432
3154 67.432
3155 67.432
3156 67.432
3157 67.432
3158 67.432
3159 67.432
3160 67.432
3161 67.432
3162 67.432
3163 67.432
3164 67.432
3165 67.432
3166 67.432
3167 67.432
3168 67.432
3169 67.432
3170 67.432
3171 67.432
3172 67.432
3173 67.432
3174 67.432
3175 67.432
3176 67.432
3177 67.432
3178 67.432
3179 67.432
3180 67.432
3181 67.432
3182 67.432
3183 67.432
3184 67.432
3185 67.432
3186 67.432
3187 67.432
3188 67.432
3189 67.432
3190 67.432
3191 67.432
3192 67.432
3193 67.432
3194 67.432
3195 67.432
3196 67.432
3197 67.432
3198 67.432
3199 67.432
3200 67.432
3201 67.432
3202 67.432
3203 67.432
3204 67.432
3205 67.432
3206 67.432
3207 67.432
3208 67.432
3209 67.432
3210 67.432
3211 67.432
3212 67.432
3213 67.432
3214 67.432
3215 67.432
3216 67.432
3217 67.432
3218 67.432
3219 67.432
3220 67.432
3221 67.432
3222 67.432
3223 67.432
3224 67.432
3225 67.432
3226 67.432
3227 67.432
3228 67.432
3229 67.432
3230 67.432
3231 67.432
3232 67.432
3233 67.432
3234 67.432
3235 67.432
3236 67.432
3237 67.432
3238 67.432
3239 67.432
3240 67.432
3241 67.432
3242 67.432
3243 67.432
3244 67.432
3245 67.432
3246 67.432
3247 67.432
3248 67.432
3249 67.432
3250 67.432
3251 67.432
3252 67.432
3253 67.432
3254 67.432
3255 67.432
3256 67.432
3257 67.432
3258 67.432
3259 67.432
3260 67.432
3261 67.432
3262 67.432
3263 67.432
3264 67.432
3265 67.432
3266 67.432
3267 67.432
3268 67.432
3269 67.432
3270 67.432
3271 67.432
3272 67.432
3273 67.432
3274 67.432
3275 67.432
3276 67.432
3277 67.432
3278 67.432
3279 67.432
3280 67.432
3281 67.432
3282 67.432
3283 67.432
3284 67.432
3285 67.432
3286 67.432
3287 67.432
3288 67.432
3289 67.432
3290 67.432
3291 67.432
3292 67.432
3293 67.432
3294 67.432
3295 67.432
3296 67.432
3297 67.432
3298 67.432
3299 67.432
3300 67.432
3301 67.432
3302 67.432
3303 67.432
3304 67.432
3305 67.432
3306 67.432
3307 67.432
3308 67.432
3309 67.432
3310 67.432
3311 67.432
3312 67.432
3313 67.432
3314 67.432
3315 67.432
3316 67.432
3317 67.432
3318 67.432
3319 67.432
3320 67.432
3321 67.432
3322 67.432
3323 67.432
3324 67.432
3325 67.432
3326 67.432
3327 67.432
3328 67.432
3329 67.432
3330 67.432
3331 67.432
3332 67.432
3333 67.432
3334 67.432
3335 67.432
3336 67.432
3337 67.432
3338 67.432
3339 67.432
3340 67.432
3341 67.432
3342 67.432
3343 67.432
3344 67.432
3345 67.432
3346 67.432
3347 67.432
3348 67.432
3349 67.432
3350 67.432
3351 67.432
3352 67.432
3353 67.432
3354 67.432
3355 67.432
3356 67.432
3357 67.432
3358 67.432
3359 67.432
3360 67.432
3361 67.432
3362 67.432
3363 67.432
3364 67.432
3365 67.432
3366 67.432
3367 67.432
3368 67.432
3369 67.432
3370 67.432
3371 67.432
3372 67.432
3373 67.432
3374 67.432
3375 67.432
3376 67.432
3377 67.432
3378 67.432
3379 67.432
3380 67.432
3381 67.432
3382 67.432
3383 67.432
3384 67.432
3385 67.432
3386 67.432
3387 67.432
3388 67.432
3389 67.432
3390 67.432
3391 67.432
3392 67.432
3393 67.432
3394 67.432
3395 67.432
3396 67.432
3397 67.432
3398 67.432
3399 67.432
3400 67.432
3401 67.432
3402 67.432
3403 67.432
3404 67.432
3405 67.432
3406 67.432
3407 67.432
3408 67.432
3409 67.432
3410 67.432
3411 67.432
3412 67.432
3413 67.432
3414 67.432
3415 67.432
3416 67.432
3417 67.432
3418 67.432
3419 67.432
3420 67.432
3421 67.432
3422 67.432
3423 67.432
3424 67.432
3425 67.432
3426 67.432
3427 67.432
3428 67.432
3429 67.432
3430 67.432
3431 67.432
3432 67.432
3433 67.432
3434 67.432
3435 67.432
3436 67.432
3437 67.432
3438 67.432
3439 67.432
3440 67.432
3441 67.432
3442 67.432
3443 67.432
3444 67.432
3445 67.432
3446 67.432
3447 67.432
3448 67.432
3449 67.432
3450 67.432
3451 67.432
3452 67.432
3453 67.432
3454 67.432
3455 67.432
3456 67.432
3457 67.432
3458 67.432
3459 67.432
3460 67.432
3461 67.432
3462 67.432
3463 67.432
3464 67.432
3465 67.432
3466 67.432
3467 67.432
3468 67.432
3469 67.432
3470 67.432
3471 67.432
3472 67.432
3473 67.432
3474 67.432
3475 67.432
3476 67.432
3477 67.432
3478 67.432
3479 67.432
3480 67.432
3481 67.432
3482 67.432
3483 67.432
3484 67.432
3485 67.432
3486 67.432
3487 67.432
3488 67.432
3489 67.432
3490 67.432
3491 67.432
3492 67.432
3493 67.432
3494 67.432
3495 67.432
3496 67.432
3497 67.432
3498 67.432
3499 67.432
3500 67.432
3501 67.432
3502 67.432
3503 67.432
3504 67.432
3505 67.432
3506 67.432
3507 67.432
3508 67.432
3509 67.432
3510 67.432
3511 67.432
3512 67.432
3513 67.432
3514 67.432
3515 67.432
3516 67.432
3517 67.432
3518 67.432
3519 67.432
3520 67.432
3521 67.432
3522 67.432
3523 67.432
3524 67.432
3525 67.432
3526 67.432
3527 67.432
3528 67.432
3529 67.432
3530 67.432
3531 67.432
3532 67.432
3533 67.432
3534 67.432
3535 67.432
3536 67.432
3537 67.432
3538 67.432
3539 67.432
3540 67.432
3541 67.432
3542 67.432
3543 67.432
3544 67.432
3545 67.432
3546 67.432
3547 67.432
3548 67.432
3549 67.432
3550 67.432
3551 67.432
3552 67.432
3553 67.432
3554 67.432
3555 67.432
3556 67.432
3557 67.432
3558 67.432
3559 67.432
3560 67.432
3561 67.432
3562 67.432
3563 67.432
3564 67.432
3565 67.432
3566 67.432
3567 67.432
3568 67.432
3569 67.432
3570 67.432
3571 67.432
3572 67.432
3573 67.432
3574 67.432
3575 67.432
3576 67.432
3577 67.432
3578 67.432
3579 67.432
3580 67.432
3581 67.432
3582 67.432
3583 67.432
3584 67.432
3585 67.432
3586 67.432
3587 67.432
3588 67.432
3589 67.432
3590 67.432
3591 67.432
3592 67.432
3593 67.432
3594 67.432
3595 67.432
3596 67.432
3597 67.432
3598 67.432
3599 67.432
3600 67.432
3601 67.432
3602 67.432
3603 67.432
3604 67.432
3605 67.432
3606 67.432
3607 67.432
3608 67.432
3609 67.432
3610 67.432
3611 67.432
3612 67.432
3613 67.432
3614 67.432
3615 67.432
3616 67.432
3617 67.432
3618 67.432
3619 67.432
3620 67.432
3621 67.432
3622 67.432
3623 67.432
3624 67.432
3625 67.432
3626 67.432
3627 67.432
3628 67.432
3629 67.432
3630 67.432
3631 67.432
3632 67.432
3633 67.432
3634 67.432
3635 67.432
3636 67.432
3637 67.432
3638 67.432
3639 67.432
3640 67.432
3641 67.432
3642 67.432
3643 67.432
3644 67.432
3645 67.432
3646 67.432
3647 67.432
3648 67.432
3649 67.432
3650 67.432
3651 67.432
3652 67.432
3653 67.432
3654 67.432
3655 67.432
3656 67.432
3657 67.432
3658 67.432
3659 67.432
3660 67.432
3661 67.432
3662 67.432
3663 67.432
3664 67.432
3665 67.432
3666 67.432
3667 67.432
3668 67.432
3669 67.432
3670 67.432
3671 67.432
3672 67.432
3673 67.432
3674 67.432
3675 67.432
3676 67.432
3677 67.432
3678 67.432
3679 67.432
3680 67.432
3681 67.432
3682 67.432
3683 67.432
3684 67.432
3685 67.432
3686 67.432
3687 67.432
3688 67.432
3689 67.432
3690 67.432
3691 67.432
3692 67.432
3693 67.432
3694 67.432
3695 67.432
3696 67.432
3697 67.432
3698 67.432
3699 67.432
3700 67.432
3701 67.432
3702 67.432
3703 67.432
3704 67.432
3705 67.432
3706 67.432
3707 67.432
3708 67.432
3709 67.432
3710 67.432
3711 67.432
3712 67.432
3713 67.432
3714 67.432
3715 67.432
3716 67.432
3717 67.432
3718 67.432
3719 67.432
3720 67.432
3721 67.432
3722 67.432
3723 67.432
3724 67.432
3725 67.432
3726 67.432
3727 67.432
3728 67.432
3729 67.432
3730 67.432
3731 67.432
3732 67.432
3733 67.432
3734 67.432
3735 67.432
3736 67.432
3737 67.432
3738 67.432
3739 67.432
3740 67.432
3741 67.432
3742 67.432
3743 67.432
3744 67.432
3745 67.432
3746 67.432
3747 67.432
3748 67.432
3749 67.432
3750 67.432
3751 67.432
3752 67.432
3753 67.432
3754 67.432
3755 67.432
3756 67.432
3757 67.432
3758 67.432
3759 67.432
3760 67.432
3761 67.432
3762 67.432
3763 67.432
3764 67.432
3765 67.432
3766 67.432
3767 67.432
3768 67.432
3769 67.432
3770 67.432
3771 67.432
3772 67.432
3773 67.432
3774 67.432
3775 67.432
3776 67.432
3777 67.432
3778 67.432
3779 67.432
3780 67.432
3781 67.432
3782 67.432
3783 67.432
3784 67.432
3785 67.432
3786 67.432
3787 67.432
3788 67.432
3789 67.432
3790 67.432
3791 67.432
3792 67.432
3793 67.432
3794 67.432
3795 67.432
3796 67.432
3797 67.432
3798 67.432
3799 67.432
3800 67.432
3801 67.432
3802 67.432
3803 67.432
3804 67.432
3805 67.432
3806 67.432
3807 67.432
3808 67.432
3809 67.432
3810 67.432
3811 67.432
3812 67.432
3813 67.432
3814 67.432
3815 67.432
3816 67.432
3817 67.432
3818 67.432
3819 67.432
3820 67.432
3821 67.432
3822 67.432
3823 67.432
3824 67.432
3825 67.432
3826 67.432
3827 67.432
3828 67.432
3829 67.432
3830 67.432
3831 67.432
3832 67.432
3833 67.432
3834 67.432
3835 67.432
3836 67.432
3837 67.432
3838 67.432
3839 67.432
3840 67.432
3841 67.432
3842 67.432
3843 67.432
3844 67.432
3845 67.432
3846 67.432
3847 67.432
3848 67.432
3849 67.432
3850 67.432
3851 67.432
3852 67.432
3853 67.432
3854 67.432
3855 67.432
3856 67.432
3857 67.432
3858 67.432
3859 67.432
3860 67.432
3861 67.432
3862 67.432
3863 67.432
3864 67.432
3865 67.432
3866 67.432
3867 67.432
3868 67.432
3869 67.432
3870 67.432
3871 67.432
3872 67.432
3873 67.432
3874 67.432
3875 67.432
3876 67.432
3877 67.432
3878 67.432
3879 67.432
3880 67.432
3881 67.432
3882 67.432
3883 67.432
3884 67.432
3885 67.432
3886 67.432
3887 67.432
3888 67.432
3889 67.432
3890 67.432
3891 67.432
3892 67.432
3893 67.432
3894 67.432
3895 67.432
3896 67.432
3897 67.432
3898 67.432
3899 67.432
3900 67.432
3901 67.432
3902 67.432
3903 67.432
3904 67.432
3905 67.432
3906 67.432
3907 67.432
3908 67.432
3909 67.432
3910 67.432
3911 67.432
3912 67.432
3913 67.432
3914 67.432
3915 67.432
3916 67.432
3917 67.432
3918 67.432
3919 67.432
3920 67.432
3921 67.432
3922 67.432
3923 67.432
3924 67.432
3925 67.432
3926 67.432
3927 67.432
3928 67.432
3929 67.432
3930 67.432
3931 67.432
3932 67.432
3933 67.432
3934 67.432
3935 67.432
3936 67.432
3937 67.432
3938 67.432
3939 67.432
3940 67.432
3941 67.432
3942 67.432
3943 67.432
3944 67.432
3945 67.432
3946 67.432
3947 67.432
3948 67.432
3949 67.432
3950 67.432
3951 67.432
3952 67.432
3953 67.432
3954 67.432
3955 67.432
3956 67.432
3957 67.432
3958 67.432
3959 67.432
3960 67.432
3961 67.432
3962 67.432
3963 67.432
3964 67.432
3965 67.432
3966 67.432
3967 67.432
3968 67.432
3969 67.432
3970 67.432
3971 67.432
3972 67.432
3973 67.432
3974 67.432
3975 67.432
3976 67.432
3977 67.432
3978 67.432
3979 67.432
3980 67.432
3981 67.432
3982 67.432
3983 67.432
3984 67.432
3985 67.432
3986 67.432
3987 67.432
3988 67.432
3989 67.432
3990 67.432
3991 67.432
3992 67.432
3993 67.432
3994 67.432
3995 67.432
3996 67.432
3997 67.432
3998 67.432
3999 67.432
4000 67.432
4001 66.89
4002 66.89
4003 66.89
4004 66.89
4005 66.89
4006 66.89
4007 66.89
4008 66.89
4009 66.89
4010 66.89
4011 66.89
4012 66.89
4013 66.89
4014 66.89
4015 66.89
4016 66.89
4017 66.89
4018 66.89
4019 66.89
4020 66.89
4021 66.89
4022 66.89
4023 66.89
4024 66.89
4025 66.89
4026 66.89
4027 66.89
4028 66.89
4029 66.89
4030 66.89
4031 66.89
4032 66.89
4033 66.89
4034 66.89
4035 66.89
4036 66.89
4037 66.89
4038 66.89
4039 66.89
4040 66.89
4041 66.89
4042 66.89
4043 66.89
4044 66.89
4045 66.89
4046 66.89
4047 66.89
4048 66.89
4049 66.89
4050 66.89
4051 66.89
4052 66.89
4053 66.89
4054 66.89
4055 66.89
4056 66.89
4057 66.89
4058 66.89
4059 66.89
4060 66.89
4061 66.89
4062 66.89
4063 66.89
4064 66.89
4065 66.89
4066 66.89
4067 66.89
4068 66.89
4069 66.89
4070 66.89
4071 66.89
4072 66.89
4073 66.89
4074 66.89
4075 66.89
4076 66.89
4077 66.89
4078 66.89
4079 66.89
4080 66.89
4081 66.89
4082 66.89
4083 66.89
4084 66.89
4085 66.89
4086 66.89
4087 66.89
4088 66.89
4089 66.89
4090 66.89
4091 66.89
4092 66.89
4093 66.89
4094 66.89
4095 66.89
4096 66.89
4097 66.89
4098 66.89
4099 66.89
4100 66.89
4101 66.89
4102 66.89
4103 66.89
4104 66.89
4105 66.89
4106 66.89
4107 66.89
4108 66.89
4109 66.89
4110 66.89
4111 66.89
4112 66.89
4113 66.89
4114 66.89
4115 66.89
4116 66.89
4117 66.89
4118 66.89
4119 66.89
4120 66.89
4121 66.89
4122 66.89
4123 66.89
4124 66.89
4125 66.89
4126 66.89
4127 66.89
4128 66.89
4129 66.89
4130 66.89
4131 66.89
4132 66.89
4133 66.89
4134 66.89
4135 66.89
4136 66.89
4137 66.89
4138 66.89
4139 66.89
4140 66.89
4141 66.89
4142 66.89
4143 66.89
4144 66.89
4145 66.89
4146 66.89
4147 66.89
4148 66.89
4149 66.89
4150 66.89
4151 66.89
4152 66.89
4153 66.89
4154 66.89
4155 66.89
4156 66.89
4157 66.89
4158 66.89
4159 66.89
4160 66.89
4161 66.89
4162 66.89
4163 66.89
4164 66.89
4165 66.89
4166 66.89
4167 66.89
4168 66.89
4169 66.89
4170 66.89
4171 66.89
4172 66.89
4173 66.89
4174 66.89
4175 66.89
4176 66.89
4177 66.89
4178 66.89
4179 66.89
4180 66.89
4181 66.89
4182 66.89
4183 66.89
4184 66.89
4185 66.89
4186 66.89
4187 66.89
4188 66.89
4189 66.89
4190 66.89
4191 66.89
4192 66.89
4193 66.89
4194 66.89
4195 66.89
4196 66.89
4197 66.89
4198 66.89
4199 66.89
4200 66.89
4201 66.89
4202 66.89
4203 66.89
4204 66.89
4205 66.89
4206 66.89
4207 66.89
4208 66.89
4209 66.89
4210 66.89
4211 66.89
4212 66.89
4213 66.89
4214 66.89
4215 66.89
4216 66.89
4217 66.89
4218 66.89
4219 66.89
4220 66.89
4221 66.89
4222 66.89
4223 66.89
4224 66.89
4225 66.89
4226 66.89
4227 66.89
4228 66.89
4229 66.89
4230 66.89
4231 66.89
4232 66.89
4233 66.89
4234 66.89
4235 66.89
4236 66.89
4237 66.89
4238 66.89
4239 66.89
4240 66.89
4241 66.89
4242 66.89
4243 66.89
4244 66.89
4245 66.89
4246 66.89
4247 66.89
4248 66.89
4249 66.89
4250 66.89
4251 66.89
4252 66.89
4253 66.89
4254 66.89
4255 66.89
4256 66.89
4257 66.89
4258 66.89
4259 66.89
4260 66.89
4261 66.89
4262 66.89
4263 66.89
4264 66.89
4265 66.89
4266 66.89
4267 66.89
4268 66.89
4269 66.89
4270 66.89
4271 66.89
4272 66.89
4273 66.89
4274 66.89
4275 66.89
4276 66.89
4277 66.89
4278 66.89
4279 66.89
4280 66.89
4281 66.89
4282 66.89
4283 66.89
4284 66.89
4285 66.89
4286 66.89
4287 66.89
4288 66.89
4289 66.89
4290 66.89
4291 66.89
4292 66.89
4293 66.89
4294 66.89
4295 66.89
4296 66.89
4297 66.89
4298 66.89
4299 66.89
4300 66.89
4301 66.89
4302 66.89
4303 66.89
4304 66.89
4305 66.89
4306 66.89
4307 66.89
4308 66.89
4309 66.89
4310 66.89
4311 66.89
4312 66.89
4313 66.89
4314 66.89
4315 66.89
4316 66.89
4317 66.89
4318 66.89
4319 66.89
4320 66.89
4321 66.89
4322 66.89
4323 66.89
4324 66.89
4325 66.89
4326 66.89
4327 66.89
4328 66.89
4329 66.89
4330 66.89
4331 66.89
4332 66.89
4333 66.89
4334 66.89
4335 66.89
4336 66.89
4337 66.89
4338 66.89
4339 66.89
4340 66.89
4341 66.89
4342 66.89
4343 66.89
4344 66.89
4345 66.89
4346 66.89
4347 66.89
4348 66.89
4349 66.89
4350 66.89
4351 66.89
4352 66.89
4353 66.89
4354 66.89
4355 66.89
4356 66.89
4357 66.89
4358 66.89
4359 66.89
4360 66.89
4361 66.89
4362 66.89
4363 66.89
4364 66.89
4365 66.89
4366 66.89
4367 66.89
4368 66.89
4369 66.89
4370 66.89
4371 66.89
4372 66.89
4373 66.89
4374 66.89
4375 66.89
4376 66.89
4377 66.89
4378 66.89
4379 66.89
4380 66.89
4381 66.89
4382 66.89
4383 66.89
4384 66.89
4385 66.89
4386 66.89
4387 66.89
4388 66.89
4389 66.89
4390 66.89
4391 66.89
4392 66.89
4393 66.89
4394 66.89
4395 66.89
4396 66.89
4397 66.89
4398 66.89
4399 66.89
4400 66.89
4401 66.89
4402 66.89
4403 66.89
4404 66.89
4405 66.89
4406 66.89
4407 66.89
4408 66.89
4409 66.89
4410 66.89
4411 66.89
4412 66.89
4413 66.89
4414 66.89
4415 66.89
4416 66.89
4417 66.89
4418 66.89
4419 66.89
4420 66.89
4421 66.89
4422 66.89
4423 66.89
4424 66.89
4425 66.89
4426 66.89
4427 66.89
4428 66.89
4429 66.89
4430 66.89
4431 66.89
4432 66.89
4433 66.89
4434 66.89
4435 66.89
4436 66.89
4437 66.89
4438 66.89
4439 66.89
4440 66.89
4441 66.89
4442 66.89
4443 66.89
4444 66.89
4445 66.89
4446 66.89
4447 66.89
4448 66.89
4449 66.89
4450 66.89
4451 66.89
4452 66.89
4453 66.89
4454 66.89
4455 66.89
4456 66.89
4457 66.89
4458 66.89
4459 66.89
4460 66.89
4461 66.89
4462 66.89
4463 66.89
4464 66.89
4465 66.89
4466 66.89
4467 66.89
4468 66.89
4469 66.89
4470 66.89
4471 66.89
4472 66.89
4473 66.89
4474 66.89
4475 66.89
4476 66.89
4477 66.89
4478 66.89
4479 66.89
4480 66.89
4481 66.89
4482 66.89
4483 66.89
4484 66.89
4485 66.89
4486 66.89
4487 66.89
4488 66.89
4489 66.89
4490 66.89
4491 66.89
4492 66.89
4493 66.89
4494 66.89
4495 66.89
4496 66.89
4497 66.89
4498 66.89
4499 66.89
4500 66.89
4501 66.89
4502 66.89
4503 66.89
4504 66.89
4505 66.89
4506 66.89
4507 66.89
4508 66.89
4509 66.89
4510 66.89
4511 66.89
4512 66.89
4513 66.89
4514 66.89
4515 66.89
4516 66.89
4517 66.89
4518 66.89
4519 66.89
4520 66.89
4521 66.89
4522 66.89
4523 66.89
4524 66.89
4525 66.89
4526 66.89
4527 66.89
4528 66.89
4529 66.89
4530 66.89
4531 66.89
4532 66.89
4533 66.89
4534 66.89
4535 66.89
4536 66.89
4537 66.89
4538 66.89
4539 66.89
4540 66.89
4541 66.89
4542 66.89
4543 66.89
4544 66.89
4545 66.89
4546 66.89
4547 66.89
4548 66.89
4549 66.89
4550 66.89
4551 66.89
4552 66.89
4553 66.89
4554 66.89
4555 66.89
4556 66.89
4557 66.89
4558 66.89
4559 66.89
4560 66.89
4561 66.89
4562 66.89
4563 66.89
4564 66.89
4565 66.89
4566 66.89
4567 66.89
4568 66.89
4569 66.89
4570 66.89
4571 66.89
4572 66.89
4573 66.89
4574 66.89
4575 66.89
4576 66.89
4577 66.89
4578 66.89
4579 66.89
4580 66.89
4581 66.89
4582 66.89
4583 66.89
4584 66.89
4585 66.89
4586 66.89
4587 66.89
4588 66.89
4589 66.89
4590 66.89
4591 66.89
4592 66.89
4593 66.89
4594 66.89
4595 66.89
4596 66.89
4597 66.89
4598 66.89
4599 66.89
4600 66.89
4601 66.89
4602 66.89
4603 66.89
4604 66.89
4605 66.89
4606 66.89
4607 66.89
4608 66.89
4609 66.89
4610 66.89
4611 66.89
4612 66.89
4613 66.89
4614 66.89
4615 66.89
4616 66.89
4617 66.89
4618 66.89
4619 66.89
4620 66.89
4621 66.89
4622 66.89
4623 66.89
4624 66.89
4625 66.89
4626 66.89
4627 66.89
4628 66.89
4629 66.89
4630 66.89
4631 66.89
4632 66.89
4633 66.89
4634 66.89
4635 66.89
4636 66.89
4637 66.89
4638 66.89
4639 66.89
4640 66.89
4641 66.89
4642 66.89
4643 66.89
4644 66.89
4645 66.89
4646 66.89
4647 66.89
4648 66.89
4649 66.89
4650 66.89
4651 66.89
4652 66.89
4653 66.89
4654 66.89
4655 66.89
4656 66.89
4657 66.89
4658 66.89
4659 66.89
4660 66.89
4661 66.89
4662 66.89
4663 66.89
4664 66.89
4665 66.89
4666 66.89
4667 66.89
4668 66.89
4669 66.89
4670 66.89
4671 66.89
4672 66.89
4673 66.89
4674 66.89
4675 66.89
4676 66.89
4677 66.89
4678 66.89
4679 66.89
4680 66.89
4681 66.89
4682 66.89
4683 66.89
4684 66.89
4685 66.89
4686 66.89
4687 66.89
4688 66.89
4689 66.89
4690 66.89
4691 66.89
4692 66.89
4693 66.89
4694 66.89
4695 66.89
4696 66.89
4697 66.89
4698 66.89
4699 66.89
4700 66.89
4701 66.89
4702 66.89
4703 66.89
4704 66.89
4705 66.89
4706 66.89
4707 66.89
4708 66.89
4709 66.89
4710 66.89
4711 66.89
4712 66.89
4713 66.89
4714 66.89
4715 66.89
4716 66.89
4717 66.89
4718 66.89
4719 66.89
4720 66.89
4721 66.89
4722 66.89
4723 66.89
4724 66.89
4725 66.89
4726 66.89
4727 66.89
4728 66.89
4729 66.89
4730 66.89
4731 66.89
4732 66.89
4733 66.89
4734 66.89
4735 66.89
4736 66.89
4737 66.89
4738 66.89
4739 66.89
4740 66.89
4741 66.89
4742 66.89
4743 66.89
4744 66.89
4745 66.89
4746 66.89
4747 66.89
4748 66.89
4749 66.89
4750 66.89
4751 66.89
4752 66.89
4753 66.89
4754 66.89
4755 66.89
4756 66.89
4757 66.89
4758 66.89
4759 66.89
4760 66.89
4761 66.89
4762 66.89
4763 66.89
4764 66.89
4765 66.89
4766 66.89
4767 66.89
4768 66.89
4769 66.89
4770 66.89
4771 66.89
4772 66.89
4773 66.89
4774 66.89
4775 66.89
4776 66.89
4777 66.89
4778 66.89
4779 66.89
4780 66.89
4781 66.89
4782 66.89
4783 66.89
4784 66.89
4785 66.89
4786 66.89
4787 66.89
4788 66.89
4789 66.89
4790 66.89
4791 66.89
4792 66.89
4793 66.89
4794 66.89
4795 66.89
4796 66.89
4797 66.89
4798 66.89
4799 66.89
4800 66.89
4801 66.89
4802 66.89
4803 66.89
4804 66.89
4805 66.89
4806 66.89
4807 66.89
4808 66.89
4809 66.89
4810 66.89
4811 66.89
4812 66.89
4813 66.89
4814 66.89
4815 66.89
4816 66.89
4817 66.89
4818 66.89
4819 66.89
4820 66.89
4821 66.89
4822 66.89
4823 66.89
4824 66.89
4825 66.89
4826 66.89
4827 66.89
4828 66.89
4829 66.89
4830 66.89
4831 66.89
4832 66.89
4833 66.89
4834 66.89
4835 66.89
4836 66.89
4837 66.89
4838 66.89
4839 66.89
4840 66.89
4841 66.89
4842 66.89
4843 66.89
4844 66.89
4845 66.89
4846 66.89
4847 66.89
4848 66.89
4849 66.89
4850 66.89
4851 66.89
4852 66.89
4853 66.89
4854 66.89
4855 66.89
4856 66.89
4857 66.89
4858 66.89
4859 66.89
4860 66.89
4861 66.89
4862 66.89
4863 66.89
4864 66.89
4865 66.89
4866 66.89
4867 66.89
4868 66.89
4869 66.89
4870 66.89
4871 66.89
4872 66.89
4873 66.89
4874 66.89
4875 66.89
4876 66.89
4877 66.89
4878 66.89
4879 66.89
4880 66.89
4881 66.89
4882 66.89
4883 66.89
4884 66.89
4885 66.89
4886 66.89
4887 66.89
4888 66.89
4889 66.89
4890 66.89
4891 66.89
4892 66.89
4893 66.89
4894 66.89
4895 66.89
4896 66.89
4897 66.89
4898 66.89
4899 66.89
4900 66.89
4901 66.89
4902 66.89
4903 66.89
4904 66.89
4905 66.89
4906 66.89
4907 66.89
4908 66.89
4909 66.89
4910 66.89
4911 66.89
4912 66.89
4913 66.89
4914 66.89
4915 66.89
4916 66.89
4917 66.89
4918 66.89
4919 66.89
4920 66.89
4921 66.89
4922 66.89
4923 66.89
4924 66.89
4925 66.89
4926 66.89
4927 66.89
4928 66.89
4929 66.89
4930 66.89
4931 66.89
4932 66.89
4933 66.89
4934 66.89
4935 66.89
4936 66.89
4937 66.89
4938 66.89
4939 66.89
4940 66.89
4941 66.89
4942 66.89
4943 66.89
4944 66.89
4945 66.89
4946 66.89
4947 66.89
4948 66.89
4949 66.89
4950 66.89
4951 66.89
4952 66.89
4953 66.89
4954 66.89
4955 66.89
4956 66.89
4957 66.89
4958 66.89
4959 66.89
4960 66.89
4961 66.89
4962 66.89
4963 66.89
4964 66.89
4965 66.89
4966 66.89
4967 66.89
4968 66.89
4969 66.89
4970 66.89
4971 66.89
4972 66.89
4973 66.89
4974 66.89
4975 66.89
4976 66.89
4977 66.89
4978 66.89
4979 66.89
4980 66.89
4981 66.89
4982 66.89
4983 66.89
4984 66.89
4985 66.89
4986 66.89
4987 66.89
4988 66.89
4989 66.89
4990 66.89
4991 66.89
4992 66.89
4993 66.89
4994 66.89
4995 66.89
4996 66.89
4997 66.89
4998 66.89
4999 66.89
5000 66.89
5001 66.89
5002 66.89
5003 66.89
5004 66.89
5005 66.89
5006 66.89
5007 66.89
5008 66.89
5009 66.89
5010 66.89
5011 66.89
5012 66.89
5013 66.89
5014 66.89
5015 66.89
5016 66.89
5017 66.89
5018 66.89
5019 66.89
5020 66.89
5021 66.89
5022 66.89
5023 66.89
5024 66.89
5025 66.89
5026 66.89
5027 66.89
5028 66.89
5029 66.89
5030 66.89
5031 66.89
5032 66.89
5033 66.89
5034 66.89
5035 66.89
5036 66.89
5037 66.89
5038 66.89
5039 66.89
5040 66.89
5041 66.89
5042 66.89
5043 66.89
5044 66.89
5045 66.89
5046 66.89
5047 66.89
5048 66.89
5049 66.89
5050 66.89
5051 66.89
5052 66.89
5053 66.89
5054 66.89
5055 66.89
5056 66.89
5057 66.89
5058 66.89
5059 66.89
5060 66.89
5061 66.89
5062 66.89
5063 66.89
5064 66.89
5065 66.89
5066 66.89
5067 66.89
5068 66.89
5069 66.89
5070 66.89
5071 66.89
5072 66.89
5073 66.89
5074 66.89
5075 66.89
5076 66.89
5077 66.89
5078 66.89
5079 66.89
5080 66.89
5081 66.89
5082 66.89
5083 66.89
5084 66.89
5085 66.89
5086 66.89
5087 66.89
5088 66.89
5089 66.89
5090 66.89
5091 66.89
5092 66.89
5093 66.89
5094 66.89
5095 66.89
5096 66.89
5097 66.89
5098 66.89
5099 66.89
5100 66.89
5101 66.89
5102 66.89
5103 66.89
5104 66.89
5105 66.89
5106 66.89
5107 66.89
5108 66.89
5109 66.89
5110 66.89
5111 66.89
5112 66.89
5113 66.89
5114 66.89
5115 66.89
5116 66.89
5117 66.89
5118 66.89
5119 66.89
5120 66.89
5121 66.89
5122 66.89
5123 66.89
5124 66.89
5125 66.89
5126 66.89
5127 66.89
5128 66.89
5129 66.89
5130 66.89
5131 66.89
5132 66.89
5133 66.89
5134 66.89
5135 66.89
5136 66.89
5137 66.89
5138 66.89
5139 66.89
5140 66.89
5141 66.89
5142 66.89
5143 66.89
5144 66.89
5145 66.89
5146 66.89
5147 66.89
5148 66.89
5149 66.89
5150 66.89
5151 66.89
5152 66.89
5153 66.89
5154 66.89
5155 66.89
5156 66.89
5157 66.89
5158 66.89
5159 66.89
5160 66.89
5161 66.89
5162 66.89
5163 66.89
5164 66.89
5165 66.89
5166 66.89
5167 66.89
5168 66.89
5169 66.89
5170 66.89
5171 66.89
5172 66.89
5173 66.89
5174 66.89
5175 66.89
5176 66.89
5177 66.89
5178 66.89
5179 66.89
5180 66.89
5181 66.89
5182 66.89
5183 66.89
5184 66.89
5185 66.89
5186 66.89
5187 66.89
5188 66.89
5189 66.89
5190 66.89
5191 66.89
5192 66.89
5193 66.89
5194 66.89
5195 66.89
5196 66.89
5197 66.89
5198 66.89
5199 66.89
5200 66.89
5201 66.89
5202 66.89
5203 66.89
5204 66.89
5205 66.89
5206 66.89
5207 66.89
5208 66.89
5209 66.89
5210 66.89
5211 66.89
5212 66.89
5213 66.89
5214 66.89
5215 66.89
5216 66.89
5217 66.89
5218 66.89
5219 66.89
5220 66.89
5221 66.89
5222 66.89
5223 66.89
5224 66.89
5225 66.89
5226 66.89
5227 66.89
5228 66.89
5229 66.89
5230 66.89
5231 66.89
5232 66.89
5233 66.89
5234 66.89
5235 66.89
5236 66.89
5237 66.89
5238 66.89
5239 66.89
5240 66.89
5241 66.89
5242 66.89
5243 66.89
5244 66.89
5245 66.89
5246 66.89
5247 66.89
5248 66.89
5249 66.89
5250 66.89
5251 66.89
5252 66.89
5253 66.89
5254 66.89
5255 66.89
5256 66.89
5257 66.89
5258 66.89
5259 66.89
5260 66.89
5261 66.89
5262 66.89
5263 66.89
5264 66.89
5265 66.89
5266 66.89
5267 66.89
5268 66.89
5269 66.89
5270 66.89
5271 66.89
5272 66.89
5273 66.89
5274 66.89
5275 66.89
5276 66.89
5277 66.89
5278 66.89
5279 66.89
5280 66.89
5281 66.89
5282 66.89
5283 66.89
5284 66.89
5285 66.89
5286 66.89
5287 66.89
5288 66.89
5289 66.89
5290 66.89
5291 66.89
5292 66.89
5293 66.89
5294 66.89
5295 66.89
5296 66.89
5297 66.89
5298 66.89
5299 66.89
5300 66.89
5301 66.89
5302 66.89
5303 66.89
5304 66.89
5305 66.89
5306 66.89
5307 66.89
5308 66.89
5309 66.89
5310 66.89
5311 66.89
5312 66.89
5313 66.89
5314 66.89
5315 66.89
5316 66.89
5317 66.89
5318 66.89
5319 66.89
5320 66.89
5321 66.89
5322 66.89
5323 66.89
5324 66.89
5325 66.89
5326 66.89
5327 66.89
5328 66.89
5329 66.89
5330 66.89
5331 66.89
5332 66.89
5333 66.89
5334 66.89
5335 66.89
5336 66.89
5337 66.89
5338 66.89
5339 66.89
5340 66.89
5341 66.89
5342 66.89
5343 66.89
5344 66.89
5345 66.89
5346 66.89
5347 66.89
5348 66.89
5349 66.89
5350 66.89
5351 66.89
5352 66.89
5353 66.89
5354 66.89
5355 66.89
5356 66.89
5357 66.89
5358 66.89
5359 66.89
5360 66.89
5361 66.89
5362 66.89
5363 66.89
5364 66.89
5365 66.89
5366 66.89
5367 66.89
5368 66.89
5369 66.89
5370 66.89
5371 66.89
5372 66.89
5373 66.89
5374 66.89
5375 66.89
5376 66.89
5377 66.89
5378 66.89
5379 66.89
5380 66.89
5381 66.89
5382 66.89
5383 66.89
5384 66.89
5385 66.89
5386 66.89
5387 66.89
5388 66.89
5389 66.89
5390 66.89
5391 66.89
5392 66.89
5393 66.89
5394 66.89
5395 66.89
5396 66.89
5397 66.89
5398 66.89
5399 66.89
5400 66.89
5401 66.89
5402 66.89
5403 66.89
5404 66.89
5405 66.89
5406 66.89
5407 66.89
5408 66.89
5409 66.89
5410 66.89
5411 66.89
5412 66.89
5413 66.89
5414 66.89
5415 66.89
5416 66.89
5417 66.89
5418 66.89
5419 66.89
5420 66.89
5421 66.89
5422 66.89
5423 66.89
5424 66.89
5425 66.89
5426 66.89
5427 66.89
5428 66.89
5429 66.89
5430 66.89
5431 66.89
5432 66.89
5433 66.89
5434 66.89
5435 66.89
5436 66.89
5437 66.89
5438 66.89
5439 66.89
5440 66.89
5441 66.89
5442 66.89
5443 66.89
5444 66.89
5445 66.89
5446 66.89
5447 66.89
5448 66.89
5449 66.89
5450 66.89
5451 66.89
5452 66.89
5453 66.89
5454 66.89
5455 66.89
5456 66.89
5457 66.89
5458 66.89
5459 66.89
5460 66.89
5461 66.89
5462 66.89
5463 66.89
5464 66.89
5465 66.89
5466 66.89
5467 66.89
5468 66.89
5469 66.89
5470 66.89
5471 66.89
5472 66.89
5473 66.89
5474 66.89
5475 66.89
5476 66.89
5477 66.89
5478 66.89
5479 66.89
5480 66.89
5481 66.89
5482 66.89
5483 66.89
5484 66.89
5485 66.89
5486 66.89
5487 66.89
5488 66.89
5489 66.89
5490 66.89
5491 66.89
5492 66.89
5493 66.89
5494 66.89
5495 66.89
5496 66.89
5497 66.89
5498 66.89
5499 66.89
5500 66.89
5501 66.89
5502 66.89
5503 66.89
5504 66.89
5505 66.89
5506 66.89
5507 66.89
5508 66.89
5509 66.89
5510 66.89
5511 66.89
5512 66.89
5513 66.89
5514 66.89
5515 66.89
5516 66.89
5517 66.89
5518 66.89
5519 66.89
5520 66.89
5521 66.89
5522 66.89
5523 66.89
5524 66.89
5525 66.89
5526 66.89
5527 66.89
5528 66.89
5529 66.89
5530 66.89
5531 66.89
5532 66.89
5533 66.89
5534 66.89
5535 66.89
5536 66.89
5537 66.89
5538 66.89
5539 66.89
5540 66.89
5541 66.89
5542 66.89
5543 66.89
5544 66.89
5545 66.89
5546 66.89
5547 66.89
5548 66.89
5549 66.89
5550 66.89
5551 66.89
5552 66.89
5553 66.89
5554 66.89
5555 66.89
5556 66.89
5557 66.89
5558 66.89
5559 66.89
5560 66.89
5561 66.89
5562 66.89
5563 66.89
5564 66.89
5565 66.89
5566 66.89
5567 66.89
5568 66.89
5569 66.89
5570 66.89
5571 66.89
5572 66.89
5573 66.89
5574 66.89
5575 66.89
5576 66.89
5577 66.89
5578 66.89
5579 66.89
5580 66.89
5581 66.89
5582 66.89
5583 66.89
5584 66.89
5585 66.89
5586 66.89
5587 66.89
5588 66.89
5589 66.89
5590 66.89
5591 66.89
5592 66.89
5593 66.89
5594 66.89
5595 66.89
5596 66.89
5597 66.89
5598 66.89
5599 66.89
5600 66.89
5601 66.89
5602 66.89
5603 66.89
5604 66.89
5605 66.89
5606 66.89
5607 66.89
5608 66.89
5609 66.89
5610 66.89
5611 66.89
5612 66.89
5613 66.89
5614 66.89
5615 66.89
5616 66.89
5617 66.89
5618 66.89
5619 66.89
5620 66.89
5621 66.89
5622 66.89
5623 66.89
5624 66.89
5625 66.89
5626 66.89
5627 66.89
5628 66.89
5629 66.89
5630 66.89
5631 66.89
5632 66.89
5633 66.89
5634 66.89
5635 66.89
5636 66.89
5637 66.89
5638 66.89
5639 66.89
5640 66.89
5641 66.89
5642 66.89
5643 66.89
5644 66.89
5645 66.89
5646 66.89
5647 66.89
5648 66.89
5649 66.89
5650 66.89
5651 66.89
5652 66.89
5653 66.89
5654 66.89
5655 66.89
5656 66.89
5657 66.89
5658 66.89
5659 66.89
5660 66.89
5661 66.89
5662 66.89
5663 66.89
5664 66.89
5665 66.89
5666 66.89
5667 66.89
5668 66.89
5669 66.89
5670 66.89
5671 66.89
5672 66.89
5673 66.89
5674 66.89
5675 66.89
5676 66.89
5677 66.89
5678 66.89
5679 66.89
5680 66.89
5681 66.89
5682 66.89
5683 66.89
5684 66.89
5685 66.89
5686 66.89
5687 66.89
5688 66.89
5689 66.89
5690 66.89
5691 66.89
5692 66.89
5693 66.89
5694 66.89
5695 66.89
5696 66.89
5697 66.89
5698 66.89
5699 66.89
5700 66.89
5701 66.89
5702 66.89
5703 66.89
5704 66.89
5705 66.89
5706 66.89
5707 66.89
5708 66.89
5709 66.89
5710 66.89
5711 66.89
5712 66.89
5713 66.89
5714 66.89
5715 66.89
5716 66.89
5717 66.89
5718 66.89
5719 66.89
5720 66.89
5721 66.89
5722 66.89
5723 66.89
5724 66.89
5725 66.89
5726 66.89
5727 66.89
5728 66.89
5729 66.89
5730 66.89
5731 66.89
5732 66.89
5733 66.89
5734 66.89
5735 66.89
5736 66.89
5737 66.89
5738 66.89
5739 66.89
5740 66.89
5741 66.89
5742 66.89
5743 66.89
5744 66.89
5745 66.89
5746 66.89
5747 66.89
5748 66.89
5749 66.89
5750 66.89
5751 66.89
5752 66.89
5753 66.89
5754 66.89
5755 66.89
5756 66.89
5757 66.89
5758 66.89
5759 66.89
5760 66.89
5761 66.89
5762 66.89
5763 66.89
5764 66.89
5765 66.89
5766 66.89
5767 66.89
5768 66.89
5769 66.89
5770 66.89
5771 66.89
5772 66.89
5773 66.89
5774 66.89
5775 66.89
5776 66.89
5777 66.89
5778 66.89
5779 66.89
5780 66.89
5781 66.89
5782 66.89
5783 66.89
5784 66.89
5785 66.89
5786 66.89
5787 66.89
5788 66.89
5789 66.89
5790 66.89
5791 66.89
5792 66.89
5793 66.89
5794 66.89
5795 66.89
5796 66.89
5797 66.89
5798 66.89
5799 66.89
5800 66.89
5801 66.89
5802 66.89
5803 66.89
5804 66.89
5805 66.89
5806 66.89
5807 66.89
5808 66.89
5809 66.89
5810 66.89
5811 66.89
5812 66.89
5813 66.89
5814 66.89
5815 66.89
5816 66.89
5817 66.89
5818 66.89
5819 66.89
5820 66.89
5821 66.89
5822 66.89
5823 66.89
5824 66.89
5825 66.89
5826 66.89
5827 66.89
5828 66.89
5829 66.89
5830 66.89
5831 66.89
5832 66.89
5833 66.89
5834 66.89
5835 66.89
5836 66.89
5837 66.89
5838 66.89
5839 66.89
5840 66.89
5841 66.89
5842 66.89
5843 66.89
5844 66.89
5845 66.89
5846 66.89
5847 66.89
5848 66.89
5849 66.89
5850 66.89
5851 66.89
5852 66.89
5853 66.89
5854 66.89
5855 66.89
5856 66.89
5857 66.89
5858 66.89
5859 66.89
5860 66.89
5861 66.89
5862 66.89
5863 66.89
5864 66.89
5865 66.89
5866 66.89
5867 66.89
5868 66.89
5869 66.89
5870 66.89
5871 66.89
5872 66.89
5873 66.89
5874 66.89
5875 66.89
5876 66.89
5877 66.89
5878 66.89
5879 66.89
5880 66.89
5881 66.89
5882 66.89
5883 66.89
5884 66.89
5885 66.89
5886 66.89
5887 66.89
5888 66.89
5889 66.89
5890 66.89
5891 66.89
5892 66.89
5893 66.89
5894 66.89
5895 66.89
5896 66.89
5897 66.89
5898 66.89
5899 66.89
5900 66.89
5901 66.89
5902 66.89
5903 66.89
5904 66.89
5905 66.89
5906 66.89
5907 66.89
5908 66.89
5909 66.89
5910 66.89
5911 66.89
5912 66.89
5913 66.89
5914 66.89
5915 66.89
5916 66.89
5917 66.89
5918 66.89
5919 66.89
5920 66.89
5921 66.89
5922 66.89
5923 66.89
5924 66.89
5925 66.89
5926 66.89
5927 66.89
5928 66.89
5929 66.89
5930 66.89
5931 66.89
5932 66.89
5933 66.89
5934 66.89
5935 66.89
5936 66.89
5937 66.89
5938 66.89
5939 66.89
5940 66.89
5941 66.89
5942 66.89
5943 66.89
5944 66.89
5945 66.89
5946 66.89
5947 66.89
5948 66.89
5949 66.89
5950 66.89
5951 66.89
5952 66.89
5953 66.89
5954 66.89
5955 66.89
5956 66.89
5957 66.89
5958 66.89
5959 66.89
5960 66.89
5961 66.89
5962 66.89
5963 66.89
5964 66.89
5965 66.89
5966 66.89
5967 66.89
5968 66.89
5969 66.89
5970 66.89
5971 66.89
5972 66.89
5973 66.89
5974 66.89
5975 66.89
5976 66.89
5977 66.89
5978 66.89
5979 66.89
5980 66.89
5981 66.89
5982 66.89
5983 66.89
5984 66.89
5985 66.89
5986 66.89
5987 66.89
5988 66.89
5989 66.89
5990 66.89
5991 66.89
5992 66.89
5993 66.89
5994 66.89
5995 66.89
5996 66.89
5997 66.89
5998 66.89
5999 66.89
