0 453.672
1 449.95
2 435.397
3 421.595
4 415.734
5 398.552
6 392.938
7 387.885
8 380.335
9 377.301
10 371.954
11 370.287
12 365.142
13 362.987
14 355.98
15 353.681
16 351.508
17 346.171
18 344.743
19 342.791
20 338.215
21 338.215
22 332.602
23 330.486
24 330.486
25 324.482
26 321.621
27 321.621
28 321.621
29 316.824
30 316.824
31 316.824
32 314.358
33 314.358
34 313.972
35 307.761
36 306.991
37 305.581
38 305.581
39 302.032
40 299.868
41 299.868
42 299.177
43 296.711
44 296.711
45 296.711
46 289.941
47 288.181
48 288.181
49 279.753
50 279.753
51 277.041
52 275.329
53 272.201
54 269.625
55 268.322
56 267.409
57 265.242
58 262.215
59 262.037
60 261.012
61 251.709
62 251.709
63 250.643
64 249.915
65 248.368
66 247.64
67 246.894
68 234.503
69 233.298
70 231.695
71 230.081
72 228.876
73 228.876
74 227.368
75 227.368
76 227.368
77 226.217
78 226.217
79 222.752
80 222.31
81 221.425
82 219.257
83 218.956
84 218.172
85 215.246
86 210.084
87 210.084
88 206.616
89 204.88
90 204.88
91 204.88
92 204.88
93 203.477
94 202.965
95 201.892
96 201.043
97 200.375
98 198.901
99 197.634
100 197.634
101 197.611
102 196.787
103 196.787
104 195.863
105 195.863
106 195.863
107 195.863
108 193.618
109 193.618
110 193.618
111 193.565
112 189.181
113 189.181
114 188.544
115 187.976
116 187.338
117 187.171
118 187.171
119 186.781
120 186.408
121 186.185
122 182.787
123 181.955
124 181.371
125 180.981
126 179.937
127 179.548
128 178.488
129 176.346
130 176.346
131 175.75
132 174.69
133 173.954
134 173.326
135 172.59
136 172.287
137 171.68
138 170.891
139 169.902
140 169.829
141 169.805
142 169.805
143 169.805
144 169.805
145 169.482
146 169.482
147 168.86
148 167.645
149 167.645
150 167.645
151 167.645
152 167.645
153 162.589
154 162.589
155 162.589
156 162.589
157 162.173
158 162.173
159 161.988
160 161.988
161 160.959
162 160.346
163 159.445
164 158.416
165 156.931
166 155.902
167 155.646
168 155.646
169 154.81
170 154.47
171 154.09
172 153.042
173 153.042
174 153.042
175 152.881
176 152.693
177 152.693
178 152.693
179 152.693
180 152.693
181 152.336
182 152.275
183 152.275
184 152.275
185 152.275
186 152.133
187 151.777
188 151.716
189 151.716
190 151.492
191 151.486
192 151.263
193 151.263
194 151.263
195 151.263
196 151.263
197 151.263
198 150.792
199 150.315
200 149.849
201 149.849
202 149.849
203 149.849
204 149.849
205 147.734
206 146.226
207 146.226
208 146.226
209 145.555
210 145.555
211 145.555
212 145.555
213 145.555
214 145.065
215 144.284
216 144.284
217 144.284
218 144.284
219 144.284
220 144.284
221 144.161
222 141.395
223 141.272
224 140.967
225 140.45
226 140.062
227 139.399
228 138.493
229 138.493
230 137.848
231 137.848
232 136.405
233 136.249
234 136.249
235 136.178
236 136.178
237 128.602
238 128.602
239 127.996
240 127.996
241 127.528
242 127.528
243 127.528
244 127.528
245 127.528
246 127.528
247 127.518
248 127.227
249 127.181
250 126.89
251 126.89
252 126.89
253 126.89
254 126.89
255 126.134
256 126.134
257 126.134
258 126.134
259 126.134
260 126.134
261 126.134
262 126.134
263 126.134
264 125.722
265 125.722
266 125.705
267 125.631
268 125.614
269 123.744
270 123.744
271 123.744
272 123.744
273 123.213
274 123.047
275 122.516
276 121.4
277 121.4
278 120.491
279 119.83
280 118.921
281 118.921
282 118.921
283 118.921
284 118.921
285 117.495
286 115.631
287 115.631
288 113.867
289 113.359
290 113.2
291 113.2
292 112.912
293 112.912
294 112.912
295 112.912
296 112.912
297 112.912
298 112.912
299 112.912
300 112.912
301 112.912
302 112.602
303 112.602
304 112.602
305 112.602
306 112.182
307 112.182
308 112.182
309 112.182
310 112.182
311 112.182
312 112.166
313 111.844
314 111.517
315 111.517
316 111.517
317 111.517
318 111.517
319 111.517
320 111.517
321 111.517
322 111.517
323 111.517
324 111.517
325 111.517
326 111.517
327 111.517
328 111.517
329 111.517
330 111.517
331 111.192
332 111.192
333 111.192
334 111.192
335 111.192
336 110.995
337 110.995
338 110.995
339 110.582
340 110.582
341 110.582
342 110.582
343 110.242
344 110.242
345 110.242
346 110.242
347 110.038
348 109.974
349 109.974
350 109.573
351 109.573
352 109.573
353 109.573
354 109.18
355 109.18
356 108.987
357 108.987
358 108.987
359 108.987
360 108.987
361 108.987
362 108.987
363 108.657
364 108.657
365 108.657
366 108.657
367 108.541
368 108.211
369 108.211
370 108.211
371 108.211
372 108.211
373 108.211
374 108.211
375 108.211
376 107.956
377 107.956
378 107.956
379 107.847
380 107.847
381 107.847
382 107.847
383 107.847
384 107.847
385 107.847
386 107.847
387 107.847
388 107.847
389 107.847
390 107.847
391 107.847
392 107.847
393 107.847
394 107.847
395 107.847
396 107.847
397 107.847
398 107.847
399 107.802
400 107.802
401 107.294
402 107.232
403 107.232
404 106.938
405 106.889
406 106.161
407 106.161
408 105.73
409 105.73
410 105.73
411 105.73
412 105.57
413 105.57
414 105.57
415 105.57
416 105.57
417 105.209
418 105.209
419 105.209
420 105.209
421 104.447
422 104.447
423 104.447
424 104.447
425 104.447
426 104.447
427 104.447
428 104.447
429 104.447
430 103.862
431 103.862
432 103.862
433 103.862
434 103.51
435 103.51
436 103.51
437 103.51
438 103.51
439 103.51
440 103.51
441 103.51
442 103.51
443 103.51
444 103.51
445 103.51
446 103.51
447 103.51
448 103.51
449 103.488
450 103.488
451 103.488
452 103.488
453 103.488
454 103.488
455 103.488
456 103.488
457 103.488
458 103.488
459 103.488
460 102.93
461 102.93
462 102.649
463 102.649
464 102.649
465 102.649
466 102.649
467 102.649
468 102.649
469 102.649
470 102.649
471 102.649
472 102.649
473 102.649
474 102.649
475 102.649
476 102.649
477 102.649
478 102.649
479 102.649
480 102.649
481 102.649
482 102.649
483 102.649
484 102.649
485 102.649
486 102.649
487 102.649
488 102.649
489 102.649
490 102.649
491 102.649
492 102.514
493 102.514
494 102.514
495 102.252
496 102.252
497 102.252
498 102.154
499 102.154
500 102.154
501 102.154
502 102.154
503 102.154
504 102.154
505 102.154
506 102.154
507 102.154
508 102.154
509 102.154
510 102.154
511 102.154
512 102.154
513 102.154
514 102.154
515 102.154
516 102.154
517 102.154
518 101.471
519 101.471
520 101.471
521 101.471
522 101.471
523 101.471
524 101.471
525 101.471
526 101.471
527 101.471
528 101.471
529 101.471
530 101.471
531 101.471
532 101.471
533 101.471
534 101.471
535 101.471
536 101.471
537 101.471
538 101.471
539 101.471
540 101.471
541 101.471
542 101.471
543 101.471
544 101.471
545 101.471
546 101.471
547 101.471
548 101.471
549 101.471
550 101.471
551 101.471
552 101.471
553 100.831
554 100.831
555 100.831
556 100.831
557 100.831
558 100.831
559 100.831
560 100.831
561 100.831
562 100.831
563 100.831
564 98.3183
565 98.3183
566 98.3183
567 98.3183
568 98.3183
569 98.3183
570 98.3183
571 97.2623
572 97.2623
573 97.105
574 97.105
575 97.105
576 97.105
577 97.105
578 97.105
579 97.105
580 97.105
581 97.105
582 97.105
583 97.105
584 97.105
585 97.105
586 97.105
587 97.105
588 97.105
589 97.105
590 97.105
591 96.7396
592 96.7396
593 96.7396
594 96.7396
595 96.4746
596 96.4746
597 96.4746
598 96.4746
599 96.4746
600 96.4746
601 95.7762
602 95.7762
603 95.7762
604 95.7762
605 95.7762
606 95.7762
607 95.7762
608 95.7762
609 95.7762
610 95.7762
611 95.7762
612 95.7762
613 95.7762
614 95.7762
615 95.7762
616 95.7762
617 95.7762
618 95.7762
619 95.7762
620 95.512
621 95.512
622 95.512
623 95.512
624 95.512
625 95.512
626 95.512
627 95.512
628 95.512
629 94.618
630 94.618
631 94.618
632 94.618
633 94.618
634 94.618
635 94.618
636 94.618
637 94.618
638 94.618
639 94.618
640 94.618
641 94.618
642 94.618
643 94.618
644 94.618
645 94.618
646 94.618
647 94.618
648 94.618
649 94.618
650 94.618
651 94.618
652 94.618
653 94.618
654 94.618
655 94.618
656 94.618
657 94.618
658 94.618
659 94.618
660 93.1866
661 93.1866
662 92.9873
663 92.9873
664 92.7912
665 92.7912
666 92.7912
667 92.7912
668 92.7912
669 92.7912
670 92.5228
671 92.5228
672 92.5228
673 92.5228
674 92.5228
675 92.5228
676 92.5228
677 92.5228
678 92.5228
679 92.5228
680 92.5228
681 92.5228
682 92.5228
683 92.5228
684 92.5228
685 92.5228
686 92.395
687 92.395
688 92.395
689 92.395
690 92.395
691 91.2646
692 91.2646
693 91.2646
694 91.2646
695 91.2646
696 91.2646
697 91.2646
698 91.2646
699 91.2646
700 91.2646
701 91.2646
702 91.2594
703 91.2594
704 91.2594
705 91.2594
706 91.2594
707 91.2594
708 91.2594
709 91.2594
710 91.2594
711 91.2594
712 91.2594
713 91.2594
714 91.2594
715 91.2594
716 91.2594
717 91.2594
718 91.2594
719 91.2594
720 91.2594
721 91.2594
722 91.2594
723 91.2594
724 91.2594
725 91.2089
726 91.2089
727 91.2089
728 91.2089
729 91.2089
730 91.2089
731 91.2089
732 91.2089
733 91.2089
734 90.9598
735 89.6709
736 89.6709
737 89.6709
738 89.6709
739 89.6709
740 89.6709
741 89.6709
742 89.6709
743 89.6709
744 89.6709
745 89.6709
746 89.6709
747 89.6709
748 89.6709
749 89.6709
750 89.6709
751 89.6709
752 89.6709
753 89.5713
754 89.5713
755 89.5713
756 89.5713
757 89.5713
758 89.5713
759 88.9602
760 88.9602
761 88.9602
762 88.9602
763 88.9602
764 88.9602
765 88.9602
766 88.9602
767 88.9602
768 88.9602
769 88.9602
770 88.9602
771 88.9602
772 88.9602
773 88.9602
774 88.9602
775 88.9602
776 88.9602
777 88.9602
778 88.9602
779 88.9602
780 88.9602
781 88.9602
782 88.9602
783 88.9602
784 88.9602
785 88.9602
786 88.9602
787 88.3274
788 88.3274
789 88.3274
790 88.0449
791 87.9932
792 87.9932
793 87.9932
794 87.8566
795 87.8566
796 87.8566
797 87.8566
798 87.8566
799 87.8566
800 87.8566
801 87.8566
802 87.8566
803 87.8566
804 87.8566
805 87.8566
806 87.8566
807 87.8566
808 87.8566
809 87.8566
810 87.8566
811 87.8566
812 87.8566
813 87.8566
814 87.5299
815 87.5299
816 87.5299
817 87.5299
818 87.5299
819 87.5299
820 87.5299
821 87.5299
822 87.5299
823 87.5299
824 87.5299
825 87.5299
826 87.5299
827 87.2566
828 87.2566
829 87.2566
830 87.2566
831 87.2566
832 87.2566
833 87.2566
834 87.2566
835 87.2566
836 87.2566
837 87.2566
838 87.2566
839 87.2566
840 87.2566
841 87.2566
842 87.2566
843 87.2566
844 87.2566
845 87.2566
846 87.2566
847 87.2566
848 87.2566
849 87.2566
850 87.2566
851 87.2566
852 87.2566
853 87.2566
854 87.2566
855 87.2566
856 87.2566
857 87.2566
858 87.2566
859 87.2566
860 87.2566
861 87.2566
862 87.2566
863 87.2566
864 87.2566
865 87.2566
866 87.2566
867 87.2566
868 87.2566
869 87.2566
870 87.2566
871 87.2566
872 87.2566
873 87.2566
874 87.2566
875 87.2566
876 87.2566
877 87.2566
878 87.2566
879 87.2566
880 87.2005
881 87.2005
882 87.2005
883 87.2005
884 87.2005
885 87.169
886 87.169
887 87.169
888 87.169
889 87.169
890 85.9424
891 85.9424
892 85.9424
893 85.1756
894 85.1756
895 85.1756
896 85.1756
897 85.1756
898 85.1756
899 85.1756
900 85.1756
901 85.1756
902 85.1756
903 85.1756
904 85.1756
905 84.0594
906 84.0594
907 84.0594
908 84.0594
909 84.0594
910 84.0594
911 84.0594
912 84.0594
913 84.0594
914 84.0594
915 84.0594
916 84.0594
917 84.0594
918 84.0594
919 84.0594
920 84.0594
921 84.0594
922 84.0594
923 84.0594
924 84.0594
925 84.0594
926 84.0594
927 84.0594
928 84.0594
929 84.0594
930 84.0594
931 84.0594
932 84.0594
933 84.0594
934 84.0594
935 84.0594
936 84.0594
937 84.0594
938 84.0594
939 84.0594
940 84.0594
941 83.7721
942 83.7721
943 83.7721
944 83.7721
945 83.7721
946 83.7721
947 83.7721
948 83.7721
949 83.7721
950 83.7721
951 83.7721
952 83.7721
953 83.7721
954 83.7721
955 82.5089
956 82.5089
957 82.5089
958 82.5089
959 82.2443
960 82.2443
961 82.2443
962 82.2443
963 82.2443
964 82.2443
965 82.2443
966 82.2443
967 82.2443
968 82.2443
969 82.2443
970 82.2443
971 82.2443
972 82.2443
973 82.2443
974 82.2443
975 82.2443
976 82.2443
977 82.2443
978 82.2443
979 82.2443
980 82.2443
981 82.2443
982 82.2443
983 82.2443
984 82.2443
985 82.2443
986 82.2443
987 82.2443
988 82.2443
989 82.2443
990 82.2443
991 82.2443
992 82.2443
993 82.2443
994 82.2443
995 82.2443
996 82.2443
997 82.2443
998 82.2443
999 82.2443
1000 82.2443
1001 82.2443
1002 82.2443
1003 82.2443
1004 82.2443
1005 82.2443
1006 82.2443
1007 82.2443
1008 82.2443
1009 82.2443
1010 82.2443
1011 82.2443
1012 82.2443
1013 82.2443
1014 82.2443
1015 82.2443
1016 82.2443
1017 82.2443
1018 82.2443
1019 82.2443
1020 82.2443
1021 82.2443
1022 82.2443
1023 82.2443
1024 82.2443
1025 82.2443
1026 82.2443
1027 82.2443
1028 82.2443
1029 82.2443
1030 82.2443
1031 82.2443
1032 82.2443
1033 82.2443
1034 82.2443
1035 82.2443
1036 82.2443
1037 82.2443
1038 82.2443
1039 82.2443
1040 82.2443
1041 82.2443
1042 82.2443
1043 82.2443
1044 82.2443
1045 82.2443
1046 82.2443
1047 82.2443
1048 82.2443
1049 82.2443
1050 82.2443
1051 82.2443
1052 82.2443
1053 82.2443
1054 82.2443
1055 82.2443
1056 82.2443
1057 82.2443
1058 82.2443
1059 82.2443
1060 82.2443
1061 82.2443
1062 82.2443
1063 82.2443
1064 82.2443
1065 82.2443
1066 82.2443
1067 82.2443
1068 82.2443
1069 82.2443
1070 82.2443
1071 82.1939
1072 82.1939
1073 82.1939
1074 82.1939
1075 82.1939
1076 82.1939
1077 82.1939
1078 82.1939
1079 82.1939
1080 82.1939
1081 82.1939
1082 82.1939
1083 82.1939
1084 82.1939
1085 82.1939
1086 82.1939
1087 82.1939
1088 82.1939
1089 82.1939
1090 82.1939
1091 82.1939
1092 82.1939
1093 82.1939
1094 82.1939
1095 82.1939
1096 82.1939
1097 82.1939
1098 82.1939
1099 82.1939
1100 82.1939
1101 82.1939
1102 82.1939
1103 82.1939
1104 82.1939
1105 82.1939
1106 82.1939
1107 82.1939
1108 82.1939
1109 82.1939
1110 82.1939
1111 82.1939
1112 82.1939
1113 82.1939
1114 82.1939
1115 82.1939
1116 82.1939
1117 82.1939
1118 82.1939
1119 82.1939
1120 82.1939
1121 82.1939
1122 82.1939
1123 82.1939
1124 82.1939
1125 82.1939
1126 82.1939
1127 82.1939
1128 82.1939
1129 82.1939
1130 82.1939
1131 82.1939
1132 82.1939
1133 82.1939
1134 82.1939
1135 82.1939
1136 82.1939
1137 82.1939
1138 82.1939
1139 82.1939
1140 82.1939
1141 82.1939
1142 82.1939
1143 82.1939
1144 82.1939
1145 82.1939
1146 82.1939
1147 82.1939
1148 82.1939
1149 81.4311
1150 81.4311
1151 81.4311
1152 81.4311
1153 81.4311
1154 81.4311
1155 81.4311
1156 81.4311
1157 81.4311
1158 81.4311
1159 81.4311
1160 81.4311
1161 81.4311
1162 81.4311
1163 81.4311
1164 81.4311
1165 81.4311
1166 81.4311
1167 81.4311
1168 81.4311
1169 81.4311
1170 81.4311
1171 81.4311
1172 81.4311
1173 81.4311
1174 81.4311
1175 81.4311
1176 81.4311
1177 81.4311
1178 81.4311
1179 81.4311
1180 81.4311
1181 81.4311
1182 81.4311
1183 81.4311
1184 81.4311
1185 81.4311
1186 81.4311
1187 81.0243
1188 81.0243
1189 81.0243
1190 81.0243
1191 81.0243
1192 81.0243
1193 81.0243
1194 81.0243
1195 81.0243
1196 81.0243
1197 81.0243
1198 81.0243
1199 81.0243
1200 81.0243
1201 81.0243
1202 81.0243
1203 81.0243
1204 81.0243
1205 81.0243
1206 81.0243
1207 81.0243
1208 81.0243
1209 80.9695
1210 80.9695
1211 80.9695
1212 80.9695
1213 80.9695
1214 80.9695
1215 80.9695
1216 80.9695
1217 80.9695
1218 80.9695
1219 80.9695
1220 80.9695
1221 80.9695
1222 80.9695
1223 80.9695
1224 80.9695
1225 80.9695
1226 80.9695
1227 80.9695
1228 80.9695
1229 80.9695
1230 80.9695
1231 80.9695
1232 80.9695
1233 80.9695
1234 80.9695
1235 80.9695
1236 80.9695
1237 80.9695
1238 80.9695
1239 80.9695
1240 80.9695
1241 80.9695
1242 80.9695
1243 80.9695
1244 80.9695
1245 80.9695
1246 80.9695
1247 80.4733
1248 80.4733
1249 80.4733
1250 80.4733
1251 80.4733
1252 80.4733
1253 80.4733
1254 80.4733
1255 80.3213
1256 80.3213
1257 80.3213
1258 80.3213
1259 80.3213
1260 80.3213
1261 80.3213
1262 80.3213
1263 80.3213
1264 80.3213
1265 80.3213
1266 80.3213
1267 80.3213
1268 80.3213
1269 80.2575
1270 80.2575
1271 80.2575
1272 80.2575
1273 80.2575
1274 80.2575
1275 80.2575
1276 80.2575
1277 80.2575
1278 80.2575
1279 80.2575
1280 80.2575
1281 80.2575
1282 80.2575
1283 80.2575
1284 80.2575
1285 80.2575
1286 80.2575
1287 80.2575
1288 80.2575
1289 80.2575
1290 80.2575
1291 80.2575
1292 80.2575
1293 80.2575
1294 80.2575
1295 80.2575
1296 80.2575
1297 80.2575
1298 80.2575
1299 80.2575
1300 80.2575
1301 80.2575
1302 80.2575
1303 80.2575
1304 80.2575
1305 80.2575
1306 80.2575
1307 80.2575
1308 80.2575
1309 80.2575
1310 80.2575
1311 80.2575
1312 80.2575
1313 80.2575
1314 80.2575
1315 80.2575
1316 80.2575
1317 80.2575
1318 80.2575
1319 80.2575
1320 80.2575
1321 80.2575
1322 80.2575
1323 80.2575
1324 80.2575
1325 80.2575
1326 80.2575
1327 80.2575
1328 80.2575
1329 80.2575
1330 80.2575
1331 80.2575
1332 80.2575
1333 80.2575
1334 80.2575
1335 80.2575
1336 80.2575
1337 80.2575
1338 80.2575
1339 80.2575
1340 80.2575
1341 80.2575
1342 80.1746
1343 80.1746
1344 80.1746
1345 80.1746
1346 80.1746
1347 80.1746
1348 80.1746
1349 80.1746
1350 80.1746
1351 80.1109
1352 80.1109
1353 80.1109
1354 80.1109
1355 80.1109
1356 80.1109
1357 80.1109
1358 80.1109
1359 79.8954
1360 79.6102
1361 79.6102
1362 79.6102
1363 79.6102
1364 79.4069
1365 79.4069
1366 79.4069
1367 79.3854
1368 79.3854
1369 79.3567
1370 79.3567
1371 79.3567
1372 79.3567
1373 78.8249
1374 78.8249
1375 78.8249
1376 78.8249
1377 78.8249
1378 78.8249
1379 78.8249
1380 78.8249
1381 78.564
1382 78.564
1383 78.564
1384 78.564
1385 78.564
1386 78.564
1387 78.564
1388 78.564
1389 78.564
1390 78.564
1391 78.564
1392 78.564
1393 78.564
1394 78.564
1395 78.564
1396 78.564
1397 78.564
1398 78.5156
1399 78.5156
1400 78.5156
1401 78.5156
1402 78.5156
1403 78.5156
1404 78.5156
1405 78.5156
1406 78.5156
1407 78.5156
1408 78.5156
1409 78.5156
1410 78.5156
1411 78.5156
1412 78.5156
1413 78.5156
1414 78.5156
1415 78.5156
1416 78.5156
1417 78.5156
1418 78.5156
1419 78.5156
1420 78.5156
1421 78.5156
1422 78.5156
1423 78.5156
1424 78.5156
1425 78.5156
1426 78.5156
1427 78.4699
1428 78.4699
1429 78.4699
1430 78.4699
1431 78.4699
1432 78.4699
1433 78.4699
1434 78.4699
1435 78.4699
1436 78.4699
1437 78.4699
1438 78.4699
1439 78.4699
1440 78.4699
1441 78.4699
1442 78.4699
1443 78.4699
1444 78.4699
1445 78.4699
1446 78.4699
1447 78.4699
1448 78.4699
1449 78.4699
1450 78.4699
1451 78.4699
1452 78.4699
1453 78.4699
1454 78.4699
1455 78.4699
1456 78.4699
1457 78.4699
1458 78.4699
1459 78.4699
1460 78.4699
1461 78.4699
1462 78.4699
1463 78.4699
1464 78.4699
1465 78.4699
1466 78.4699
1467 78.4699
1468 78.4699
1469 78.4699
1470 78.4699
1471 78.4699
1472 78.4699
1473 78.4699
1474 78.4699
1475 78.4699
1476 78.2858
1477 78.2858
1478 78.2858
1479 78.2858
1480 78.2858
1481 78.2858
1482 78.2858
1483 78.2858
1484 78.2858
1485 78.2858
1486 78.2858
1487 78.2858
1488 78.0371
1489 78.0371
1490 78.0371
1491 78.0371
1492 78.0371
1493 78.0371
1494 78.0371
1495 78.0371
1496 78.0371
1497 78.0371
1498 78.0371
1499 78.0371
1500 78.0371
1501 78.0371
1502 78.0371
1503 78.0371
1504 78.0371
1505 78.0371
1506 78.0371
1507 78.0371
1508 78.0371
1509 78.0371
1510 78.0371
1511 78.0371
1512 78.0371
1513 78.0371
1514 78.0371
1515 78.0371
1516 78.0371
1517 78.0371
1518 78.0371
1519 78.0371
1520 78.0371
1521 78.0371
1522 78.0371
1523 78.0371
1524 78.0371
1525 78.0371
1526 78.0371
1527 78.0371
1528 78.0371
1529 78.0371
1530 78.0371
1531 78.0371
1532 78.0371
1533 78.0371
1534 78.0371
1535 78.0371
1536 78.0371
1537 78.0371
1538 78.0371
1539 78.0371
1540 78.0371
1541 78.0371
1542 78.0371
1543 78.0371
1544 78.0371
1545 78.0371
1546 78.0371
1547 78.0371
1548 78.0371
1549 78.0371
1550 78.0371
1551 78.0371
1552 78.0371
1553 78.0371
1554 78.0371
1555 78.0371
1556 78.0371
1557 78.0371
1558 78.0371
1559 78.0371
1560 78.0371
1561 78.0371
1562 78.0371
1563 78.0371
1564 78.0371
1565 78.0371
1566 78.0371
1567 78.0371
1568 78.0371
1569 78.0371
1570 78.0371
1571 78.0371
1572 78.0371
1573 78.0371
1574 78.0371
1575 78.0371
1576 78.0371
1577 78.0371
1578 78.0371
1579 78.0371
1580 78.0371
1581 78.0371
1582 78.0371
1583 77.9913
1584 77.9913
1585 77.9913
1586 77.9913
1587 77.9913
1588 77.9913
1589 77.9913
1590 77.9913
1591 77.9913
1592 77.9913
1593 77.9913
1594 77.9913
1595 77.9913
1596 77.9913
1597 77.9913
1598 77.9913
1599 77.9913
1600 77.9913
1601 77.9913
1602 77.9913
1603 77.9913
1604 77.9913
1605 77.9913
1606 77.777
1607 77.777
1608 77.777
1609 77.777
1610 77.777
1611 77.777
1612 77.777
1613 77.777
1614 77.777
1615 77.777
1616 77.777
1617 77.777
1618 77.5965
1619 77.5965
1620 77.5965
1621 77.5965
1622 77.5965
1623 77.5965
1624 77.5965
1625 77.5965
1626 77.5965
1627 77.5965
1628 77.5965
1629 77.5965
1630 77.5965
1631 77.5965
1632 77.5965
1633 77.5965
1634 77.5965
1635 77.5965
1636 77.5965
1637 77.5965
1638 77.5965
1639 77.5965
1640 77.5965
1641 77.5965
1642 77.5965
1643 77.5965
1644 77.5965
1645 77.5965
1646 77.5965
1647 77.4531
1648 77.4079
1649 77.4079
1650 77.4079
1651 77.1991
1652 77.1991
1653 77.1991
1654 77.1991
1655 77.1991
1656 77.1991
1657 77.1991
1658 77.1991
1659 77.1991
1660 77.1991
1661 77.1991
1662 77.1991
1663 77.1991
1664 77.1991
1665 77.1991
1666 77.1991
1667 77.1991
1668 77.1991
1669 77.1991
1670 77.1991
1671 77.1991
1672 77.1991
1673 77.1991
1674 77.1991
1675 77.1991
1676 77.1991
1677 77.1991
1678 77.1991
1679 77.1991
1680 77.1991
1681 77.1991
1682 77.1991
1683 77.1991
1684 77.1991
1685 77.1991
1686 77.1991
1687 77.1991
1688 77.1991
1689 77.1991
1690 77.1991
1691 77.1991
1692 77.1991
1693 77.1991
1694 77.1991
1695 77.1991
1696 77.1991
1697 77.1991
1698 77.1991
1699 77.1991
1700 77.1991
1701 77.1991
1702 77.1991
1703 77.1991
1704 77.1991
1705 77.1991
1706 77.1991
1707 77.1991
1708 77.1991
1709 77.1991
1710 77.1991
1711 77.1991
1712 77.1991
1713 77.1991
1714 77.1991
1715 77.1991
1716 77.1991
1717 77.1991
1718 77.1991
1719 77.1991
1720 77.1991
1721 77.1991
1722 77.1991
1723 77.1991
1724 77.1991
1725 77.1991
1726 77.1991
1727 77.1991
1728 77.1991
1729 77.1991
1730 77.1991
1731 77.1991
1732 77.1991
1733 77.1991
1734 77.1991
1735 77.1991
1736 77.1991
1737 77.1991
1738 77.1991
1739 77.1991
1740 77.1991
1741 77.1991
1742 77.1991
1743 77.1991
1744 77.1991
1745 77.1991
1746 77.1991
1747 77.1991
1748 77.1991
1749 77.1991
1750 77.1991
1751 77.1991
1752 77.1991
1753 77.1991
1754 77.1991
1755 77.1991
1756 77.1991
1757 77.1991
1758 77.1991
1759 77.1991
1760 77.1991
1761 77.1991
1762 77.1991
1763 77.1991
1764 77.1991
1765 77.1991
1766 77.1991
1767 77.1991
1768 77.1991
1769 77.1991
1770 77.1991
1771 77.1991
1772 77.1991
1773 77.1991
1774 77.1991
1775 77.1991
1776 77.1991
1777 77.1991
1778 77.1991
1779 77.1991
1780 77.1991
1781 77.1991
1782 77.1991
1783 76.8486
1784 76.8486
1785 76.8486
1786 76.8486
1787 76.2429
1788 76.2429
1789 76.2429
1790 76.2429
1791 76.2429
1792 76.2429
1793 76.1285
1794 76.1285
1795 76.1285
1796 76.1285
1797 76.1285
1798 76.1285
1799 75.651
1800 75.651
1801 75.651
1802 75.651
1803 75.651
1804 75.651
1805 75.651
1806 75.651
1807 75.651
1808 75.651
1809 75.651
1810 75.651
1811 75.5044
1812 75.5044
1813 75.5044
1814 75.5044
1815 75.5044
1816 75.5044
1817 75.5044
1818 75.5044
1819 75.5044
1820 75.5044
1821 75.5044
1822 75.5044
1823 75.5044
1824 75.5044
1825 75.5044
1826 75.5044
1827 75.5044
1828 75.5044
1829 75.5044
1830 75.5044
1831 75.5044
1832 75.5044
1833 75.5044
1834 75.5044
1835 75.5044
1836 75.5044
1837 75.5044
1838 75.5044
1839 75.5044
1840 75.5044
1841 75.5044
1842 75.5044
1843 75.5044
1844 75.5044
1845 75.5044
1846 75.5044
1847 75.5044
1848 75.5044
1849 75.5044
1850 75.5044
1851 75.5044
1852 75.5044
1853 75.5044
1854 75.5044
1855 75.5044
1856 75.5044
1857 75.5044
1858 75.5044
1859 75.5044
1860 75.5044
1861 75.5044
1862 75.5044
1863 75.5044
1864 75.5044
1865 75.5044
1866 75.5044
1867 75.5044
1868 75.5044
1869 75.5044
1870 75.5044
1871 75.5044
1872 75.5044
1873 75.5044
1874 75.5044
1875 75.5044
1876 75.5044
1877 75.5044
1878 75.5044
1879 75.5044
1880 75.5044
1881 75.5044
1882 75.5044
1883 75.5044
1884 75.5044
1885 75.5044
1886 75.5044
1887 75.5044
1888 75.5044
1889 75.5044
1890 75.5044
1891 75.5044
1892 75.5044
1893 75.5044
1894 75.5044
1895 75.5044
1896 75.5044
1897 75.5044
1898 75.5044
1899 75.5044
1900 75.5044
1901 75.5044
1902 75.5044
1903 75.5044
1904 75.5044
1905 75.5044
1906 75.5044
1907 75.5044
1908 75.5044
1909 75.5044
1910 75.5044
1911 75.5044
1912 75.5044
1913 75.5044
1914 75.5044
1915 75.5044
1916 75.5044
1917 75.5044
1918 75.5044
1919 75.5044
1920 75.5044
1921 75.5044
1922 75.5044
1923 75.5044
1924 75.5044
1925 75.5044
1926 75.5044
1927 75.5044
1928 75.5044
1929 75.5044
1930 75.5044
1931 75.5044
1932 75.5044
1933 75.5044
1934 75.5044
1935 75.5044
1936 75.5044
1937 75.5044
1938 75.5044
1939 75.5044
1940 75.5044
1941 75.5044
1942 75.5044
1943 75.5044
1944 75.5044
1945 75.5044
1946 75.5044
1947 75.5044
1948 75.5044
1949 75.5044
1950 75.5044
1951 75.5044
1952 75.5044
1953 75.5044
1954 75.5044
1955 75.5044
1956 75.5044
1957 75.5044
1958 75.5044
1959 75.5044
1960 75.5044
1961 75.5044
1962 75.5044
1963 75.5044
1964 75.5044
1965 75.5044
1966 75.5044
1967 75.5044
1968 75.5044
1969 75.5044
1970 75.5044
1971 75.5044
1972 75.5044
1973 75.5044
1974 75.5044
1975 75.5044
1976 75.5044
1977 75.5044
1978 75.5044
1979 75.5044
1980 75.5044
1981 75.5044
1982 75.5044
1983 75.5044
1984 75.5044
1985 75.5044
1986 75.5044
1987 75.5044
1988 75.5044
1989 75.5044
1990 75.5044
1991 75.5044
1992 75.5044
1993 75.5044
1994 75.5044
1995 75.5044
1996 75.5044
1997 75.5044
1998 75.5044
1999 75.5044
2000 75.5044
2001 75.5044
2002 75.5044
2003 75.5044
2004 75.5044
2005 75.5044
2006 75.5044
2007 75.5044
2008 75.5044
2009 75.5044
2010 75.5044
2011 75.5044
2012 75.5044
2013 75.5044
2014 75.5044
2015 75.5044
2016 75.5044
2017 75.5044
2018 75.5044
2019 75.5044
2020 75.5044
2021 75.5044
2022 75.5044
2023 75.5044
2024 75.5044
2025 75.5044
2026 75.5044
2027 75.5044
2028 75.5044
2029 75.5044
2030 75.5044
2031 75.5044
2032 75.5044
2033 75.5044
2034 75.5044
2035 75.5044
2036 75.5044
2037 75.5044
2038 75.2788
2039 75.2788
2040 75.2788
2041 75.2788
2042 75.2788
2043 75.2788
2044 75.2788
2045 75.2788
2046 75.2788
2047 75.2788
2048 75.2788
2049 75.2788
2050 75.2788
2051 75.2788
2052 75.2788
2053 75.2788
2054 74.854
2055 74.854
2056 74.4361
2057 74.4361
2058 74.4361
2059 73.2684
2060 73.2684
2061 73.2684
2062 73.2684
2063 73.2684
2064 73.2684
2065 73.0714
2066 73.0714
2067 73.0714
2068 73.0714
2069 73.0714
2070 73.0714
2071 73.0714
2072 73.0714
2073 73.0714
2074 73.0714
2075 73.0714
2076 73.0714
2077 73.0714
2078 73.0714
2079 73.0714
2080 73.0714
2081 73.0714
2082 73.009
2083 73.009
2084 73.009
2085 73.009
2086 73.009
2087 73.009
2088 73.009
2089 73.009
2090 73.009
2091 73.009
2092 73.009
2093 73.009
2094 73.009
2095 73.009
2096 73.009
2097 73.009
2098 73.009
2099 73.009
2100 73.009
2101 73.009
2102 73.009
2103 73.009
2104 73.009
2105 73.009
2106 73.009
2107 73.009
2108 73.009
2109 72.8648
2110 72.8648
2111 72.8648
2112 72.8648
2113 72.8648
2114 72.8648
2115 72.8648
2116 72.8648
2117 72.8648
2118 72.8648
2119 72.8648
2120 72.8648
2121 72.8648
2122 72.7323
2123 72.7323
2124 72.7323
2125 72.7323
2126 72.7323
2127 72.7323
2128 72.7323
2129 72.7323
2130 72.7323
2131 72.7323
2132 72.7323
2133 72.7323
2134 72.7323
2135 72.7323
2136 72.7323
2137 72.7323
2138 72.7323
2139 72.7323
2140 72.7323
2141 72.7323
2142 72.7323
2143 72.7323
2144 72.7323
2145 72.7323
2146 72.7323
2147 72.7323
2148 72.7323
2149 72.7323
2150 72.7323
2151 72.7323
2152 72.7323
2153 72.7323
2154 72.7323
2155 72.7323
2156 72.7323
2157 72.7323
2158 72.7323
2159 72.7323
2160 72.7323
2161 72.7323
2162 72.7323
2163 72.7323
2164 72.7323
2165 72.7323
2166 72.7323
2167 72.7323
2168 72.7323
2169 72.7323
2170 72.7323
2171 72.7323
2172 72.7323
2173 72.7323
2174 72.7323
2175 72.7323
2176 72.7323
2177 72.7323
2178 72.7323
2179 72.7323
2180 72.7323
2181 72.7323
2182 72.7323
2183 72.7323
2184 72.7323
2185 72.7323
2186 72.7323
2187 72.7323
2188 72.7323
2189 72.7323
2190 72.7323
2191 72.7323
2192 72.7323
2193 72.7323
2194 72.7323
2195 72.7323
2196 72.7323
2197 72.7323
2198 72.7323
2199 72.7323
2200 72.7323
2201 72.7323
2202 72.7323
2203 72.7323
2204 72.7323
2205 72.7323
2206 72.7323
2207 72.7323
2208 72.7323
2209 72.7323
2210 72.7323
2211 72.7323
2212 72.7323
2213 72.7323
2214 72.7323
2215 72.7323
2216 72.7323
2217 72.7323
2218 72.7323
2219 72.7323
2220 72.7323
2221 72.7323
2222 72.7323
2223 72.7323
2224 72.7323
2225 72.7323
2226 72.7323
2227 72.7323
2228 72.7323
2229 72.7323
2230 72.7323
2231 72.7323
2232 72.7323
2233 72.7323
2234 72.7323
2235 72.7323
2236 72.7323
2237 72.7323
2238 72.7323
2239 72.7323
2240 72.7323
2241 72.7323
2242 72.7323
2243 72.7323
2244 72.7323
2245 72.7323
2246 72.7323
2247 72.7323
2248 72.7323
2249 72.7323
2250 72.7323
2251 72.7323
2252 72.7323
2253 72.7323
2254 72.7323
2255 72.7323
2256 72.7323
2257 72.7323
2258 72.7323
2259 72.7323
2260 72.7323
2261 72.7323
2262 72.7323
2263 72.7323
2264 72.7323
2265 72.7323
2266 72.7323
2267 72.7323
2268 72.7323
2269 72.7323
2270 72.7323
2271 72.7323
2272 72.7323
2273 72.7323
2274 72.7323
2275 72.7323
2276 72.7323
2277 72.7323
2278 72.7323
2279 72.7323
2280 72.7323
2281 72.7323
2282 72.7323
2283 72.7323
2284 72.7323
2285 72.7323
2286 72.7323
2287 72.3535
2288 72.3535
2289 72.3535
2290 72.3535
2291 72.3535
2292 72.3535
2293 72.3535
2294 72.3535
2295 72.3535
2296 72.3535
2297 72.3535
2298 72.3535
2299 72.3535
2300 72.3535
2301 72.3535
2302 72.3535
2303 72.3535
2304 72.3535
2305 72.3535
2306 72.3535
2307 72.3535
2308 72.3535
2309 72.3535
2310 72.3535
2311 72.3535
2312 72.3535
2313 72.3535
2314 72.3535
2315 72.3535
2316 72.3535
2317 72.3535
2318 72.3535
2319 72.3535
2320 72.3535
2321 72.3535
2322 72.3535
2323 72.3535
2324 72.3535
2325 72.3535
2326 72.3535
2327 72.3535
2328 72.3535
2329 72.3535
2330 72.3535
2331 72.3535
2332 72.3535
2333 72.3535
2334 72.3535
2335 72.3535
2336 72.3535
2337 72.3535
2338 72.3535
2339 72.3535
2340 72.3535
2341 72.3535
2342 72.3535
2343 72.3535
2344 72.3535
2345 72.3535
2346 72.3535
2347 72.3535
2348 72.3535
2349 72.3535
2350 72.3535
2351 72.3535
2352 72.3535
2353 72.3535
2354 72.3535
2355 72.3535
2356 72.3535
2357 72.3535
2358 72.3535
2359 72.3535
2360 72.3535
2361 72.3535
2362 72.3535
2363 72.3535
2364 72.3535
2365 72.3535
2366 72.3535
2367 72.3535
2368 72.3535
2369 72.3535
2370 72.3535
2371 72.3535
2372 72.3535
2373 72.3535
2374 72.3535
2375 72.3535
2376 72.3535
2377 72.3535
2378 72.3535
2379 72.3535
2380 72.3535
2381 72.3535
2382 72.3535
2383 72.3535
2384 72.3535
2385 72.3535
2386 72.3535
2387 72.3535
2388 72.3535
2389 72.3535
2390 72.3535
2391 72.3535
2392 72.3535
2393 72.3535
2394 72.3535
2395 72.3535
2396 72.3535
2397 72.3535
2398 72.3535
2399 72.3535
2400 72.3535
2401 72.3535
2402 72.3535
2403 72.3535
2404 72.3535
2405 72.3535
2406 72.3535
2407 72.3535
2408 72.3535
2409 72.3535
2410 72.3535
2411 72.3535
2412 72.3535
2413 72.3535
2414 72.3535
2415 72.3535
2416 72.3535
2417 72.3535
2418 72.3535
2419 72.3535
2420 72.3535
2421 72.3535
2422 72.3535
2423 72.3535
2424 72.3535
2425 72.3535
2426 72.3535
2427 72.3535
2428 72.3535
2429 72.3535
2430 72.3535
2431 72.3535
2432 72.3535
2433 72.3535
2434 72.3535
2435 72.3535
2436 72.3535
2437 72.3535
2438 72.3535
2439 72.3535
2440 72.3535
2441 72.3535
2442 72.3535
2443 72.3535
2444 72.3535
2445 72.3535
2446 72.3535
2447 72.3535
2448 72.3535
2449 72.3535
2450 72.3535
2451 72.3535
2452 72.3535
2453 72.3535
2454 72.3535
2455 72.3535
2456 72.3535
2457 72.3535
2458 72.3535
2459 72.3535
2460 72.3535
2461 72.3535
2462 72.3535
2463 72.3535
2464 72.3535
2465 72.3535
2466 72.3535
2467 72.3535
2468 72.3535
2469 72.3535
2470 72.3535
2471 72.3535
2472 72.3535
2473 72.3535
2474 72.3535
2475 72.3535
2476 72.3535
2477 72.3535
2478 72.3535
2479 72.3535
2480 72.3535
2481 72.3535
2482 72.3535
2483 72.3535
2484 72.3535
2485 72.3535
2486 72.3535
2487 72.3535
2488 72.3535
2489 72.3535
2490 72.3535
2491 72.3535
2492 72.3535
2493 72.3535
2494 72.3535
2495 72.3535
2496 72.3535
2497 72.3535
2498 72.3535
2499 72.3535
2500 72.3535
2501 72.3535
2502 72.3535
2503 72.3535
2504 72.3535
2505 72.3535
2506 72.3535
2507 72.3535
2508 72.3535
2509 72.3535
2510 72.3535
2511 72.3535
2512 72.3535
2513 72.3535
2514 72.3535
2515 72.3535
2516 72.3535
2517 72.3535
2518 72.3535
2519 72.3535
2520 72.3535
2521 72.3535
2522 72.3535
2523 72.3535
2524 72.3535
2525 72.3535
2526 72.3535
2527 72.3535
2528 72.3535
2529 72.3535
2530 72.3535
2531 72.3535
2532 72.3535
2533 72.3535
2534 72.3535
2535 72.3535
2536 72.3535
2537 72.3535
2538 72.3535
2539 72.3535
2540 72.3535
2541 72.3535
2542 72.3535
2543 72.3535
2544 72.3535
2545 72.3535
2546 72.3535
2547 72.3535
2548 72.3535
2549 72.3535
2550 72.3535
2551 72.3535
2552 72.3535
2553 72.3535
2554 72.3535
2555 72.3535
2556 72.3535
2557 72.3535
2558 72.3535
2559 72.3535
2560 72.3535
2561 72.3535
2562 72.3535
2563 72.3535
2564 72.3535
2565 72.3535
2566 72.3535
2567 72.3535
2568 72.3535
2569 72.3535
2570 72.3535
2571 72.3535
2572 72.3535
2573 72.3535
2574 72.3535
2575 72.3535
2576 72.3535
2577 72.3535
2578 72.3535
2579 72.3535
2580 72.3535
2581 72.3535
2582 72.3535
2583 72.3535
2584 72.3535
2585 72.3535
2586 72.3535
2587 72.3535
2588 72.3535
2589 72.3535
2590 72.3535
2591 72.3535
2592 72.3535
2593 72.3535
2594 72.3535
2595 72.3535
2596 72.3535
2597 72.3535
2598 72.3535
2599 72.3535
2600 72.3535
2601 72.3535
2602 72.3535
2603 72.3535
2604 72.3535
2605 72.3535
2606 72.3535
2607 72.3535
2608 72.3535
2609 72.3535
2610 72.3535
2611 72.3535
2612 72.3535
2613 72.3535
2614 72.3535
2615 72.3535
2616 72.3535
2617 72.3535
2618 72.3535
2619 72.3535
2620 72.3535
2621 72.3535
2622 72.3535
2623 72.3535
2624 72.3535
2625 72.3535
2626 72.3535
2627 72.3535
2628 72.3535
2629 72.3535
2630 72.3535
2631 72.3535
2632 72.3535
2633 72.3535
2634 72.3535
2635 72.3535
2636 72.3535
2637 72.3535
2638 72.3535
2639 72.3535
2640 72.3535
2641 72.3535
2642 72.3535
2643 72.3535
2644 72.3535
2645 72.3535
2646 72.3535
2647 72.3535
2648 72.3535
2649 72.3535
2650 72.3535
2651 72.3535
2652 72.3535
2653 72.3535
2654 72.3535
2655 72.3535
2656 72.3535
2657 72.3535
2658 72.3535
2659 72.3535
2660 72.3535
2661 72.3535
2662 72.3535
2663 72.3535
2664 72.3535
2665 72.3535
2666 72.3535
2667 72.3535
2668 72.3535
2669 72.3535
2670 72.3535
2671 72.3535
2672 72.3535
2673 72.3535
2674 72.3535
2675 72.3535
2676 72.3535
2677 72.3535
2678 72.3535
2679 72.3535
2680 72.3535
2681 72.3535
2682 72.3535
2683 72.3535
2684 72.3535
2685 72.3535
2686 72.3535
2687 72.3535
2688 72.3535
2689 72.3535
2690 72.3535
2691 72.3535
2692 72.3535
2693 72.3535
2694 72.3535
2695 72.3535
2696 72.3535
2697 72.3535
2698 72.3535
2699 72.3535
2700 72.3535
2701 72.3535
2702 72.3535
2703 72.3535
2704 72.3535
2705 72.3535
2706 72.3535
2707 72.3535
2708 72.3535
2709 72.3535
2710 72.3535
2711 72.3535
2712 72.3535
2713 72.3535
2714 72.3535
2715 72.3535
2716 72.3535
2717 72.3535
2718 72.3535
2719 72.3535
2720 72.3535
2721 72.3535
2722 72.3535
2723 72.3535
2724 72.3535
2725 72.3535
2726 72.3535
2727 72.3535
2728 72.3535
2729 72.3535
2730 72.3535
2731 72.3535
2732 72.3535
2733 72.3535
2734 72.3535
2735 72.3535
2736 72.3535
2737 72.3535
2738 72.3535
2739 72.3535
2740 72.3535
2741 72.3535
2742 72.3535
2743 72.3535
2744 72.3535
2745 72.3535
2746 72.3535
2747 72.3535
2748 72.3535
2749 72.3535
2750 72.3535
2751 72.3535
2752 72.3535
2753 72.3535
2754 72.3535
2755 72.3535
2756 72.3535
2757 72.3535
2758 72.3535
2759 72.3535
2760 72.3535
2761 72.3535
2762 72.3535
2763 72.3535
2764 72.3535
2765 72.3535
2766 72.3535
2767 72.3535
2768 72.3535
2769 72.3535
2770 72.3535
2771 72.3535
2772 72.3535
2773 72.3535
2774 72.3535
2775 72.3535
2776 72.3535
2777 72.3535
2778 72.3535
2779 72.3535
2780 72.3535
2781 72.3535
2782 72.3535
2783 72.3535
2784 72.3535
2785 72.3535
2786 72.3535
2787 72.3535
2788 72.3535
2789 72.3535
2790 72.3535
2791 72.3535
2792 72.3535
2793 72.3535
2794 72.3535
2795 72.3535
2796 72.3535
2797 72.3535
2798 72.3535
2799 72.3535
2800 72.3535
2801 72.3535
2802 72.3535
2803 72.3535
2804 72.3535
2805 72.3535
2806 72.3535
2807 72.3535
2808 72.3535
2809 72.3535
2810 72.3535
2811 72.3535
2812 72.3535
2813 72.3535
2814 72.3535
2815 72.3535
2816 72.3535
2817 72.3535
2818 72.3535
2819 72.3535
2820 72.3535
2821 72.3535
2822 72.3535
2823 72.3535
2824 72.3535
2825 72.3535
2826 72.3535
2827 72.3535
2828 72.3535
2829 72.3535
2830 72.3535
2831 72.3535
2832 72.3535
2833 72.3535
2834 72.3535
2835 72.3535
2836 72.3535
2837 72.3535
2838 72.3535
2839 72.3535
2840 72.3535
2841 72.3535
2842 72.3535
2843 72.3535
2844 72.3535
2845 72.3535
2846 72.3535
2847 72.3535
2848 72.3535
2849 72.3535
2850 72.3535
2851 72.3535
2852 72.3535
2853 72.3535
2854 72.3535
2855 72.3535
2856 72.3535
2857 72.3535
2858 72.3535
2859 72.3535
2860 72.3535
2861 72.3535
2862 72.3535
2863 72.3535
2864 72.3535
2865 72.3535
2866 72.3535
2867 72.3535
2868 72.3535
2869 72.3535
2870 72.3535
2871 72.3535
2872 72.3535
2873 72.3535
2874 72.3535
2875 72.3535
2876 72.3535
2877 72.3535
2878 72.3535
2879 72.3535
2880 72.3535
2881 72.3535
2882 72.3535
2883 72.3535
2884 72.3535
2885 72.3535
2886 72.3535
2887 72.3535
2888 72.3535
2889 72.3535
2890 72.3535
2891 72.3535
2892 72.3535
2893 72.3535
2894 72.3535
2895 72.3535
2896 72.3535
2897 72.3535
2898 72.3535
2899 72.3535
2900 72.3535
2901 72.3535
2902 72.3535
2903 72.3535
2904 72.3535
2905 72.3535
2906 72.3535
2907 72.3535
2908 72.3535
2909 72.3535
2910 72.3535
2911 72.3535
2912 72.3535
2913 72.3535
2914 72.3535
2915 72.3535
2916 72.3535
2917 72.3535
2918 72.3535
2919 72.3535
2920 72.3535
2921 72.3535
2922 72.3535
2923 72.3535
2924 72.3535
2925 72.3535
2926 72.3535
2927 72.3535
2928 72.3535
2929 72.3535
2930 72.3535
2931 72.3535
2932 72.3535
2933 72.3535
2934 72.3535
2935 72.3535
2936 72.3535
2937 72.3535
2938 72.3535
2939 72.3535
2940 72.3535
2941 72.3535
2942 72.3535
2943 72.3535
2944 72.3535
2945 72.3535
2946 72.3535
2947 72.3535
2948 72.3535
2949 72.3535
2950 72.3535
2951 72.3535
2952 72.3535
2953 72.3535
2954 72.3535
2955 72.3535
2956 72.3535
2957 72.3535
2958 72.3535
2959 72.3535
2960 72.3535
2961 72.3535
2962 72.3535
2963 72.3535
2964 72.3535
2965 72.3535
2966 72.3535
2967 72.3535
2968 72.3535
2969 72.3535
2970 72.3535
2971 72.3535
2972 72.3535
2973 72.3535
2974 72.3535
2975 72.3535
2976 72.3535
2977 72.3535
2978 72.3535
2979 72.3535
2980 72.3535
2981 72.3535
2982 72.3535
2983 72.3535
2984 72.3535
2985 72.3535
2986 72.3535
2987 72.3535
2988 72.3535
2989 72.3535
2990 72.3535
2991 72.3535
2992 72.3535
2993 72.3535
2994 72.3535
2995 72.3535
2996 72.3535
2997 72.3535
2998 72.3535
2999 72.3535
3000 72.3535
3001 72.3535
3002 72.3535
3003 72.3535
3004 72.3535
3005 72.3535
3006 72.3535
3007 72.3535
3008 72.3535
3009 72.3535
3010 72.3535
3011 72.3535
3012 72.3535
3013 72.3535
3014 72.3535
3015 72.3535
3016 72.3535
3017 72.3535
3018 72.3535
3019 72.3535
3020 72.3535
3021 72.3535
3022 72.3535
3023 72.3535
3024 72.3535
3025 72.3535
3026 72.3535
3027 72.3535
3028 72.3535
3029 72.3535
3030 72.3535
3031 72.3535
3032 72.3535
3033 72.3535
3034 72.3535
3035 72.3535
3036 72.3535
3037 72.3535
3038 72.3535
3039 72.3535
3040 72.3535
3041 72.3535
3042 72.3535
3043 72.3535
3044 72.3535
3045 72.3535
3046 72.3535
3047 72.3535
3048 72.3535
3049 72.3535
3050 72.3535
3051 72.3535
3052 72.3535
3053 72.3535
3054 72.3535
3055 72.3535
3056 72.3535
3057 72.3535
3058 72.3535
3059 72.3535
3060 72.3535
3061 72.3535
3062 72.3535
3063 72.3535
3064 72.3535
3065 72.3535
3066 72.3535
3067 72.3535
3068 72.3535
3069 72.3535
3070 72.3535
3071 72.3535
3072 72.3535
3073 72.3535
3074 72.3535
3075 72.3535
3076 72.3535
3077 72.3535
3078 72.3535
3079 72.3535
3080 72.3535
3081 72.3535
3082 72.3535
3083 72.3535
3084 72.3535
3085 72.3535
3086 72.3535
3087 72.3535
3088 72.3535
3089 72.3535
3090 72.3535
3091 72.3535
3092 72.3535
3093 72.3535
3094 72.3535
3095 72.3535
3096 72.3535
3097 72.3535
3098 72.3535
3099 72.3535
3100 72.3535
3101 72.3535
3102 72.3535
3103 72.3535
3104 72.3535
3105 72.3535
3106 72.3535
3107 72.3535
3108 72.3535
3109 72.3535
3110 72.3535
3111 72.3535
3112 72.3535
3113 72.3535
3114 72.3535
3115 72.3535
3116 72.2346
3117 72.2346
3118 72.2346
3119 72.2346
3120 72.2346
3121 72.2346
3122 72.2346
3123 72.2346
3124 72.2346
3125 72.2346
3126 72.2346
3127 72.2346
3128 72.2346
3129 72.2346
3130 72.2346
3131 72.2346
3132 72.2346
3133 72.2346
3134 72.2346
3135 72.2346
3136 72.2346
3137 72.2346
3138 72.2346
3139 72.2346
3140 72.2346
3141 72.2346
3142 72.2346
3143 72.2346
3144 72.2346
3145 72.2346
3146 72.2346
3147 72.2346
3148 72.2346
3149 72.2346
3150 72.2346
3151 72.2346
3152 72.2346
3153 72.2346
3154 72.2346
3155 72.2346
3156 72.2346
3157 72.2346
3158 72.2346
3159 72.2346
3160 72.2346
3161 72.2346
3162 72.2346
3163 72.2346
3164 72.2346
3165 72.2346
3166 72.2346
3167 72.2346
3168 72.2346
3169 72.2346
3170 72.2346
3171 72.2346
3172 72.2346
3173 72.2346
3174 72.2346
3175 72.2346
3176 72.2346
3177 72.2346
3178 72.2346
3179 72.2346
3180 72.2346
3181 72.2346
3182 72.2346
3183 72.2346
3184 72.2346
3185 72.2346
3186 72.2346
3187 72.2346
3188 72.2346
3189 72.2346
3190 72.2346
3191 72.2346
3192 72.2346
3193 72.2346
3194 72.2346
3195 72.2346
3196 72.2346
3197 72.2346
3198 72.2346
3199 72.2346
3200 72.2346
3201 72.2346
3202 72.2346
3203 72.2346
3204 72.2346
3205 72.2346
3206 72.2346
3207 72.2346
3208 72.2346
3209 72.2346
3210 72.2346
3211 72.2346
3212 72.2346
3213 72.2346
3214 72.2346
3215 72.2346
3216 72.2346
3217 72.2346
3218 72.2346
3219 72.2346
3220 72.2346
3221 72.2346
3222 72.2346
3223 72.2346
3224 72.2346
3225 72.2346
3226 72.2346
3227 72.2346
3228 72.2346
3229 72.2346
3230 72.2346
3231 72.2346
3232 72.2346
3233 72.2346
3234 72.2346
3235 72.2346
3236 72.2346
3237 72.2346
3238 72.2346
3239 72.2346
3240 72.2346
3241 72.2346
3242 72.2346
3243 72.2346
3244 72.2346
3245 72.2346
3246 72.2346
3247 72.2346
3248 72.2346
3249 72.2346
3250 72.2346
3251 72.2346
3252 72.2346
3253 72.2346
3254 72.2346
3255 72.2346
3256 72.2346
3257 72.2346
3258 72.2346
3259 72.2346
3260 72.2346
3261 72.2346
3262 72.2346
3263 72.2346
3264 72.2346
3265 72.2346
3266 72.2346
3267 72.2346
3268 72.2346
3269 72.2346
3270 72.2346
3271 72.2346
3272 72.2346
3273 72.2346
3274 72.2346
3275 72.2346
3276 72.2346
3277 72.2346
3278 72.2346
3279 72.2346
3280 72.2346
3281 72.2346
3282 72.2346
3283 72.2346
3284 72.2346
3285 72.2346
3286 72.2346
3287 72.2346
3288 72.2346
3289 72.2346
3290 72.2346
3291 72.2346
3292 72.2346
3293 72.2346
3294 72.2346
3295 72.2346
3296 72.2346
3297 72.2346
3298 72.2346
3299 72.2346
3300 72.2346
3301 72.2346
3302 72.2346
3303 72.2346
3304 72.2346
3305 72.2346
3306 72.2346
3307 72.2346
3308 72.2346
3309 72.2346
3310 72.2346
3311 72.2346
3312 72.2346
3313 72.2346
3314 72.2346
3315 72.2346
3316 72.2346
3317 72.2346
3318 72.2346
3319 72.2346
3320 72.2346
3321 72.2346
3322 72.2346
3323 72.2346
3324 72.2346
3325 72.2346
3326 72.2346
3327 72.2346
3328 72.2346
3329 72.2346
3330 72.2346
3331 72.2346
3332 72.2346
3333 72.2346
3334 72.2346
3335 72.2346
3336 72.2346
3337 72.2346
3338 72.2346
3339 72.2346
3340 72.2346
3341 72.2346
3342 72.2346
3343 72.2346
3344 72.2346
3345 72.2346
3346 72.2346
3347 72.2346
3348 72.2346
3349 72.2346
3350 72.2346
3351 72.2346
3352 72.2346
3353 72.2346
3354 72.2346
3355 72.2346
3356 72.2346
3357 72.2346
3358 72.2346
3359 72.2346
3360 72.2346
3361 72.2346
3362 72.2346
3363 72.2346
3364 72.2346
3365 72.2346
3366 72.2346
3367 72.2346
3368 72.2346
3369 72.2346
3370 72.2346
3371 72.2346
3372 72.2346
3373 72.2346
3374 72.2346
3375 72.2346
3376 72.2346
3377 72.2346
3378 72.2346
3379 72.2346
3380 72.2346
3381 72.2346
3382 72.2346
3383 72.2346
3384 72.2346
3385 72.2346
3386 72.2346
3387 72.2346
3388 72.2346
3389 72.2346
3390 72.2346
3391 72.2346
3392 72.2346
3393 72.2346
3394 72.2346
3395 72.2346
3396 72.2346
3397 72.2346
3398 72.2346
3399 72.2346
3400 72.2346
3401 72.2346
3402 72.2346
3403 72.2346
3404 72.2346
3405 72.2346
3406 72.2346
3407 72.2346
3408 72.2346
3409 72.2346
3410 72.2346
3411 72.2346
3412 72.2346
3413 72.2346
3414 72.2346
3415 72.2346
3416 72.2346
3417 72.2346
3418 72.2346
3419 72.2346
3420 72.2346
3421 72.2346
3422 72.2346
3423 72.2346
3424 72.2346
3425 72.2346
3426 72.2346
3427 72.2346
3428 72.2346
3429 72.2346
3430 72.2346
3431 72.2346
3432 72.2346
3433 72.2346
3434 72.2346
3435 72.2346
3436 72.2346
3437 72.2346
3438 72.2346
3439 72.2346
3440 72.2346
3441 72.2346
3442 72.2346
3443 72.2346
3444 72.2346
3445 72.2346
3446 72.2346
3447 72.2346
3448 72.2346
3449 72.2346
3450 72.2346
3451 72.2346
3452 72.2346
3453 72.2346
3454 72.2346
3455 72.2346
3456 72.2346
3457 72.2346
3458 72.2346
3459 72.2346
3460 72.2346
3461 72.2346
3462 72.2346
3463 72.2346
3464 72.2346
3465 72.2346
3466 72.2346
3467 72.2346
3468 72.2346
3469 72.2346
3470 72.2346
3471 72.2346
3472 72.2346
3473 72.2346
3474 72.2346
3475 72.2346
3476 72.2346
3477 72.2346
3478 72.2346
3479 72.2346
3480 72.2346
3481 72.2346
3482 72.2346
3483 72.2346
3484 72.2346
3485 72.2346
3486 72.2346
3487 72.2346
3488 72.2346
3489 72.2282
3490 72.2282
3491 72.2282
3492 72.2282
3493 72.2282
3494 72.2282
3495 72.2282
3496 72.2282
3497 72.2282
3498 72.2282
3499 72.2282
3500 72.2282
3501 72.2282
3502 72.2282
3503 72.2282
3504 72.2282
3505 72.2282
3506 72.2282
3507 72.2282
3508 72.2282
3509 72.2282
3510 72.2282
3511 72.2282
3512 72.2282
3513 72.2282
3514 72.2282
3515 72.2282
3516 72.2282
3517 72.2282
3518 72.2282
3519 72.2282
3520 72.2282
3521 72.2282
3522 72.2282
3523 72.2282
3524 72.2282
3525 72.2282
3526 72.2282
3527 72.2282
3528 72.2282
3529 72.2282
3530 72.2282
3531 72.2282
3532 72.2282
3533 72.2282
3534 72.2282
3535 72.2282
3536 72.2282
3537 72.2282
3538 72.2282
3539 72.2282
3540 72.2282
3541 72.2282
3542 72.2282
3543 72.2282
3544 72.2282
3545 72.2282
3546 72.2282
3547 72.2282
3548 72.2282
3549 72.2282
3550 72.2282
3551 72.2282
3552 72.2282
3553 72.2282
3554 72.2282
3555 72.2282
3556 72.2282
3557 72.2282
3558 72.2282
3559 72.2282
3560 72.1926
3561 72.1926
3562 72.1926
3563 72.1926
3564 72.0353
3565 72.0353
3566 72.0353
3567 72.0353
3568 72.0353
3569 72.0353
3570 72.0353
3571 72.0353
3572 72.0353
3573 72.0353
3574 72.0353
3575 72.0353
3576 72.0353
3577 72.0353
3578 72.0353
3579 72.0353
3580 72.0353
3581 72.0353
3582 72.0353
3583 72.0353
3584 72.0353
3585 72.0353
3586 72.0353
3587 72.0353
3588 72.0353
3589 72.0353
3590 72.0353
3591 72.0353
3592 72.0353
3593 72.0353
3594 72.0353
3595 72.0353
3596 72.0353
3597 72.0353
3598 72.0353
3599 72.0353
3600 72.0353
3601 72.0353
3602 72.0353
3603 72.0353
3604 72.0353
3605 72.0353
3606 72.0353
3607 72.0353
3608 72.0353
3609 72.0353
3610 72.0353
3611 72.0353
3612 72.0353
3613 72.0353
3614 72.0353
3615 72.0353
3616 72.0353
3617 72.0353
3618 72.0353
3619 72.0353
3620 72.0353
3621 72.0353
3622 72.0353
3623 72.0353
3624 72.0353
3625 72.0353
3626 72.0353
3627 72.0353
3628 72.0353
3629 72.0353
3630 72.0353
3631 72.0353
3632 72.0353
3633 72.0353
3634 72.0353
3635 72.0353
3636 72.0353
3637 72.0353
3638 72.0353
3639 72.0353
3640 72.0353
3641 72.0353
3642 72.0353
3643 72.0353
3644 72.0353
3645 72.0353
3646 72.0353
3647 72.0353
3648 72.0353
3649 72.0353
3650 72.0353
3651 72.0353
3652 72.0353
3653 72.0353
3654 72.0353
3655 72.0353
3656 72.0353
3657 72.0353
3658 72.0353
3659 72.0353
3660 72.0353
3661 72.0353
3662 72.0353
3663 72.0353
3664 72.0353
3665 72.0353
3666 72.0353
3667 72.0353
3668 72.0353
3669 72.0353
3670 72.0353
3671 72.0353
3672 72.0353
3673 72.0353
3674 72.0353
3675 72.0353
3676 72.0353
3677 72.0353
3678 72.0353
3679 72.0353
3680 72.0353
3681 72.0353
3682 72.0353
3683 72.0353
3684 72.0353
3685 72.0353
3686 72.0353
3687 72.0353
3688 72.0353
3689 72.0353
3690 72.0353
3691 72.0353
3692 72.0353
3693 72.0353
3694 72.0353
3695 72.0353
3696 72.0353
3697 72.0353
3698 72.0353
3699 72.0353
3700 72.0353
3701 72.0353
3702 72.0353
3703 72.0353
3704 72.0353
3705 72.0353
3706 72.0353
3707 72.0353
3708 72.0353
3709 72.0353
3710 72.0353
3711 72.0353
3712 72.0353
3713 72.0353
3714 72.0353
3715 72.0353
3716 72.0353
3717 72.0353
3718 72.0353
3719 72.0353
3720 72.0353
3721 72.0353
3722 72.0353
3723 72.0353
3724 72.0353
3725 72.0353
3726 72.0353
3727 72.0353
3728 72.0353
3729 72.0353
3730 72.0353
3731 72.0353
3732 72.0353
3733 72.0353
3734 72.0353
3735 72.0353
3736 72.0353
3737 71.9232
3738 71.9232
3739 71.9232
3740 71.9232
3741 71.9232
3742 71.9232
3743 71.9232
3744 71.9232
3745 71.9232
3746 71.9232
3747 71.9232
3748 71.9232
3749 71.9232
3750 71.9232
3751 71.9232
3752 71.9232
3753 71.9232
3754 71.9232
3755 71.9232
3756 71.9232
3757 71.9232
3758 71.9232
3759 71.9232
3760 71.9232
3761 71.9232
3762 71.9232
3763 71.9232
3764 71.9232
3765 71.9232
3766 71.9232
3767 71.9232
3768 71.9232
3769 71.9232
3770 71.9232
3771 71.9232
3772 71.9232
3773 71.9232
3774 71.9232
3775 71.9232
3776 71.9232
3777 71.9232
3778 71.9232
3779 71.9232
3780 71.9232
3781 71.9232
3782 71.9232
3783 71.9232
3784 71.9232
3785 71.9232
3786 71.9232
3787 71.9232
3788 71.9232
3789 71.9232
3790 71.9232
3791 71.9232
3792 71.9232
3793 71.9232
3794 71.9232
3795 71.9232
3796 71.9232
3797 71.9232
3798 71.9232
3799 71.9232
3800 71.9232
3801 71.9232
3802 71.9232
3803 71.9232
3804 71.9232
3805 71.9232
3806 71.9232
3807 71.9232
3808 71.9232
3809 71.9232
3810 71.9232
3811 71.9232
3812 71.9232
3813 71.9232
3814 71.9232
3815 71.9232
3816 71.9232
3817 71.9232
3818 71.9232
3819 71.9232
3820 71.9232
3821 71.9232
3822 71.9232
3823 71.9232
3824 71.9232
3825 71.9232
3826 71.9232
3827 71.9232
3828 71.9232
3829 71.9232
3830 71.9232
3831 71.9232
3832 71.9232
3833 71.9232
3834 71.9232
3835 71.9232
3836 71.9232
3837 71.9232
3838 71.9232
3839 71.9232
3840 71.9232
3841 71.9232
3842 71.9232
3843 71.9232
3844 71.9232
3845 71.9232
3846 71.9232
3847 71.9232
3848 71.9232
3849 71.9232
3850 71.9232
3851 71.9232
3852 71.9232
3853 71.9232
3854 71.9232
3855 71.9232
3856 71.9232
3857 71.9232
3858 71.9232
3859 71.9232
3860 71.9232
3861 71.9232
3862 71.9232
3863 71.9232
3864 71.9232
3865 71.9232
3866 71.9232
3867 71.9232
3868 71.9232
3869 71.9232
3870 71.9232
3871 71.9232
3872 71.9232
3873 71.9232
3874 71.9232
3875 71.9232
3876 71.9232
3877 71.9232
3878 71.9232
3879 71.9232
3880 71.9232
3881 71.9232
3882 71.9232
3883 71.9232
3884 71.9232
3885 71.9232
3886 71.9232
3887 71.9232
3888 71.9232
3889 71.9232
3890 71.9232
3891 71.9232
3892 71.9232
3893 71.9232
3894 71.9232
3895 71.9232
3896 71.9232
3897 71.9232
3898 71.9232
3899 71.9232
3900 71.9232
3901 71.9232
3902 71.9232
3903 71.9232
3904 71.9232
3905 71.9232
3906 71.9232
3907 71.9232
3908 71.9232
3909 71.9232
3910 71.9232
3911 71.9232
3912 71.9232
3913 71.9232
3914 71.9232
3915 71.9232
3916 71.9232
3917 71.9232
3918 71.9232
3919 71.9232
3920 71.9232
3921 71.9232
3922 71.9232
3923 71.9232
3924 71.9232
3925 71.9232
3926 71.9232
3927 71.9232
3928 71.9232
3929 71.9232
3930 71.9232
3931 71.9232
3932 71.9232
3933 71.9232
3934 71.9232
3935 71.9232
3936 71.9232
3937 71.9232
3938 71.9232
3939 71.9232
3940 71.9232
3941 71.9232
3942 71.9232
3943 71.9232
3944 71.9232
3945 71.9232
3946 71.9232
3947 71.9232
3948 71.9232
3949 71.9232
3950 71.9232
3951 71.9232
3952 71.9232
3953 71.9232
3954 71.9232
3955 71.9232
3956 71.9232
3957 71.9232
3958 71.1564
3959 71.1564
3960 71.1564
3961 71.1564
3962 71.1564
3963 71.1564
3964 71.1564
3965 71.1564
3966 71.1564
3967 71.1564
3968 71.1564
3969 71.1564
3970 71.1564
3971 71.1564
3972 71.1564
3973 71.1564
3974 71.1564
3975 71.1564
3976 71.1564
3977 71.1564
3978 71.1564
3979 71.1564
3980 71.1564
3981 71.1564
3982 71.1564
3983 71.1564
3984 71.1564
3985 71.1564
3986 71.1564
3987 71.1564
3988 71.1564
3989 71.0717
3990 71.0717
3991 71.0717
3992 71.0717
3993 71.0717
3994 71.0717
3995 71.0717
3996 71.0717
3997 71.0717
3998 71.0717
3999 71.0717
4000 71.0717
4001 71.0717
4002 71.0717
4003 71.0717
4004 71.0717
4005 71.0717
4006 71.0717
4007 71.0717
4008 71.0717
4009 71.0717
4010 71.0717
4011 71.0717
4012 71.0717
4013 71.0717
4014 71.0717
4015 71.0717
4016 71.0717
4017 71.0717
4018 71.0717
4019 71.0717
4020 71.0717
4021 71.0717
4022 71.0717
4023 71.0717
4024 71.0717
4025 71.0717
4026 71.0717
4027 71.0717
4028 71.0717
4029 71.0717
4030 71.0717
4031 71.0717
4032 71.0717
4033 71.0717
4034 71.0717
4035 71.0717
4036 71.0717
4037 71.0717
4038 71.0717
4039 71.0717
4040 71.0717
4041 71.0717
4042 71.0717
4043 71.0717
4044 71.0717
4045 71.0717
4046 71.0717
4047 71.0717
4048 71.0717
4049 71.0717
4050 71.0717
4051 71.0717
4052 71.0717
4053 71.0717
4054 71.0717
4055 71.0717
4056 71.0717
4057 71.0717
4058 71.0717
4059 71.0717
4060 71.0717
4061 71.0717
4062 71.0717
4063 71.0717
4064 71.0717
4065 71.0717
4066 71.0717
4067 71.0717
4068 71.0717
4069 71.0717
4070 71.0717
4071 71.0717
4072 71.0717
4073 71.0717
4074 71.0717
4075 71.0717
4076 71.0717
4077 71.0717
4078 71.0717
4079 71.0717
4080 71.0717
4081 71.0717
4082 71.0717
4083 71.0717
4084 71.0717
4085 71.0717
4086 71.0717
4087 71.0717
4088 71.0717
4089 71.0717
4090 71.0717
4091 71.0717
4092 71.0717
4093 71.0717
4094 71.0717
4095 71.0717
4096 71.0717
4097 71.0717
4098 71.0717
4099 71.0717
4100 71.0717
4101 71.0717
4102 71.0717
4103 71.0717
4104 71.0717
4105 71.0717
4106 71.0717
4107 71.0717
4108 71.0717
4109 71.0717
4110 71.0717
4111 71.0717
4112 71.0717
4113 71.0717
4114 71.0717
4115 71.0717
4116 71.0717
4117 71.0717
4118 71.0717
4119 71.0717
4120 71.0717
4121 71.0717
4122 71.0717
4123 71.0717
4124 71.0717
4125 71.0717
4126 71.0717
4127 71.0717
4128 71.0717
4129 71.0717
4130 71.0717
4131 71.0717
4132 71.0717
4133 71.0717
4134 71.0717
4135 71.0717
4136 71.0717
4137 71.0717
4138 71.0717
4139 71.0717
4140 71.0717
4141 71.0717
4142 71.0717
4143 71.0717
4144 71.0717
4145 71.0717
4146 71.0717
4147 71.0717
4148 71.0717
4149 71.0717
4150 71.0717
4151 71.0717
4152 71.0717
4153 71.0717
4154 71.0717
4155 71.0717
4156 71.0717
4157 71.0717
4158 71.0717
4159 71.0717
4160 71.0717
4161 71.0717
4162 71.0717
4163 71.0717
4164 71.0717
4165 71.0717
4166 71.0717
4167 71.0717
4168 71.0717
4169 71.0717
4170 71.0717
4171 71.0717
4172 71.0717
4173 71.0717
4174 71.0717
4175 71.0717
4176 71.0717
4177 71.0717
4178 71.0717
4179 71.0717
4180 71.0717
4181 71.0717
4182 71.0717
4183 71.0717
4184 71.0717
4185 71.0717
4186 71.0717
4187 71.0717
4188 71.0717
4189 71.0717
4190 71.0717
4191 71.0717
4192 71.0717
4193 71.0717
4194 71.0717
4195 71.0717
4196 71.0717
4197 71.0717
4198 71.0717
4199 71.0717
4200 71.0717
4201 71.0717
4202 71.0717
4203 71.0717
4204 71.0717
4205 71.0717
4206 71.0717
4207 71.0717
4208 71.0717
4209 71.0717
4210 71.0717
4211 71.0717
4212 71.0717
4213 71.0717
4214 71.0717
4215 71.0717
4216 71.0717
4217 71.0717
4218 71.0717
4219 71.0717
4220 71.0717
4221 71.0717
4222 71.0717
4223 71.0717
4224 71.0717
4225 71.0717
4226 71.0717
4227 71.0717
4228 71.0717
4229 71.0717
4230 71.0717
4231 71.0717
4232 71.0717
4233 71.0717
4234 71.0717
4235 71.0717
4236 71.0717
4237 71.0717
4238 71.0717
4239 71.0717
4240 71.0717
4241 71.0717
4242 71.0717
4243 71.0717
4244 71.0717
4245 71.0717
4246 71.0717
4247 71.0717
4248 71.0717
4249 71.0717
4250 71.0717
4251 71.0717
4252 71.0717
4253 71.0717
4254 71.0717
4255 71.0717
4256 71.0717
4257 71.0717
4258 71.0717
4259 71.0717
4260 71.0717
4261 71.0717
4262 71.0717
4263 71.0717
4264 71.0717
4265 71.0717
4266 71.0717
4267 71.0717
4268 71.0717
4269 71.0717
4270 71.0717
4271 71.0717
4272 71.0717
4273 71.0717
4274 71.0717
4275 71.0717
4276 71.0717
4277 71.0717
4278 71.0717
4279 71.0717
4280 71.0717
4281 71.0717
4282 71.0717
4283 71.0717
4284 71.0717
4285 71.0717
4286 71.0717
4287 71.0717
4288 71.0717
4289 71.0717
4290 71.0717
4291 70.8822
4292 70.8822
4293 70.8822
4294 70.8822
4295 70.8822
4296 70.5573
4297 70.3679
4298 70.3679
4299 70.3679
4300 70.3679
4301 70.3679
4302 70.0656
4303 70.0656
4304 70.0656
4305 70.0656
4306 70.0656
4307 70.0656
4308 70.0656
4309 70.0656
4310 70.0656
4311 70.0656
4312 70.0656
4313 70.0656
4314 70.0656
4315 70.0656
4316 70.0656
4317 70.0656
4318 70.0656
4319 70.0656
4320 70.0656
4321 70.0656
4322 70.0656
4323 70.0656
4324 70.0656
4325 70.0656
4326 70.0656
4327 70.0656
4328 70.0656
4329 70.0656
4330 70.0656
4331 70.0656
4332 70.0656
4333 70.0656
4334 70.0656
4335 70.0656
4336 70.0656
4337 70.0656
4338 70.0656
4339 70.0656
4340 70.0656
4341 70.0656
4342 70.0656
4343 70.0656
4344 70.0656
4345 70.0656
4346 70.0656
4347 70.0656
4348 70.0656
4349 70.0656
4350 70.0656
4351 70.0656
4352 70.0656
4353 70.0656
4354 70.0656
4355 70.0656
4356 70.0656
4357 70.0656
4358 70.0656
4359 70.0656
4360 70.0656
4361 70.0656
4362 70.0656
4363 70.0656
4364 70.0656
4365 70.0656
4366 70.0656
4367 70.0656
4368 70.0656
4369 70.0656
4370 70.0656
4371 70.0656
4372 70.0656
4373 70.0656
4374 70.0656
4375 70.0656
4376 70.0656
4377 70.0656
4378 70.0656
4379 70.0656
4380 70.0656
4381 70.0656
4382 70.0656
4383 70.0656
4384 70.0656
4385 70.0656
4386 70.0656
4387 70.0656
4388 70.0656
4389 70.0656
4390 70.0656
4391 70.0656
4392 70.0656
4393 70.0656
4394 70.0656
4395 70.0656
4396 70.0656
4397 70.0656
4398 70.0656
4399 70.0656
4400 70.0656
4401 70.0656
4402 70.0656
4403 70.0656
4404 70.0656
4405 70.0656
4406 70.0656
4407 70.0656
4408 70.0656
4409 70.0656
4410 70.0656
4411 70.0656
4412 70.0656
4413 70.0656
4414 70.0656
4415 70.0656
4416 70.0656
4417 70.0656
4418 70.0656
4419 70.0656
4420 70.0656
4421 70.0656
4422 70.0656
4423 70.0656
4424 70.0656
4425 70.0656
4426 70.0656
4427 70.0656
4428 70.0656
4429 70.0656
4430 70.0656
4431 70.0656
4432 70.0656
4433 70.0656
4434 70.0656
4435 70.0656
4436 70.0656
4437 70.0656
4438 70.0656
4439 70.0656
4440 70.0656
4441 70.0656
4442 70.0656
4443 70.0656
4444 70.0656
4445 70.0656
4446 70.0656
4447 70.0656
4448 70.0656
4449 70.0656
4450 70.0656
4451 70.0656
4452 70.0656
4453 70.0656
4454 70.0656
4455 70.0656
4456 70.0656
4457 70.0656
4458 70.0656
4459 70.0656
4460 70.0656
4461 70.0656
4462 70.0656
4463 70.0656
4464 70.0656
4465 70.0656
4466 70.0656
4467 70.0656
4468 70.0656
4469 70.0656
4470 70.0656
4471 70.0656
4472 70.0656
4473 70.0656
4474 70.0656
4475 70.0656
4476 70.0656
4477 70.0656
4478 70.0656
4479 70.0656
4480 70.0656
4481 70.0656
4482 70.0656
4483 70.0656
4484 70.0656
4485 70.0656
4486 70.0656
4487 70.0656
4488 70.0656
4489 70.0656
4490 70.0656
4491 70.0656
4492 70.0656
4493 70.0656
4494 70.0656
4495 70.0656
4496 70.0656
4497 70.0656
4498 70.0656
4499 70.0656
4500 70.0656
4501 70.0656
4502 70.0656
4503 70.0656
4504 70.0656
4505 70.0656
4506 70.0656
4507 70.0656
4508 70.0656
4509 70.0656
4510 70.0656
4511 70.0656
4512 70.0656
4513 70.0656
4514 70.0656
4515 70.0656
4516 70.0656
4517 70.0656
4518 70.0656
4519 70.0656
4520 70.0656
4521 70.0656
4522 70.0656
4523 70.0656
4524 70.0656
4525 70.0656
4526 70.0656
4527 70.0656
4528 70.0656
4529 70.0656
4530 70.0656
4531 70.0656
4532 70.0656
4533 70.0656
4534 70.0656
4535 70.0656
4536 70.0656
4537 70.0656
4538 70.0656
4539 70.0656
4540 70.0656
4541 70.0656
4542 70.0656
4543 70.0656
4544 70.0656
4545 70.0656
4546 70.0656
4547 70.0656
4548 70.0656
4549 70.0656
4550 70.0656
4551 70.0656
4552 70.0656
4553 70.0656
4554 70.0656
4555 70.0656
4556 70.0656
4557 70.0656
4558 70.0656
4559 70.0656
4560 70.0656
4561 70.0656
4562 70.0656
4563 70.0656
4564 70.0656
4565 70.0656
4566 70.0656
4567 70.0656
4568 70.0656
4569 70.0656
4570 70.0656
4571 70.0656
4572 70.0656
4573 70.0656
4574 70.0656
4575 70.0656
4576 70.0656
4577 70.0656
4578 70.0656
4579 70.0656
4580 70.0656
4581 70.0656
4582 70.0656
4583 70.0656
4584 70.0656
4585 70.0656
4586 70.0656
4587 70.0656
4588 70.0656
4589 70.0656
4590 70.0656
4591 70.0656
4592 70.0656
4593 70.0656
4594 70.0656
4595 70.0656
4596 70.0656
4597 70.0656
4598 70.0656
4599 70.0656
4600 70.0656
4601 70.0656
4602 70.0656
4603 70.0656
4604 70.0656
4605 70.0656
4606 70.0656
4607 70.0656
4608 70.0656
4609 70.0656
4610 70.0656
4611 70.0656
4612 70.0656
4613 70.0656
4614 70.0656
4615 70.0656
4616 70.0656
4617 70.0656
4618 70.0656
4619 70.0656
4620 70.0656
4621 70.0656
4622 70.0656
4623 70.0656
4624 70.0656
4625 70.0656
4626 70.0656
4627 70.0656
4628 70.0656
4629 70.0656
4630 70.0656
4631 70.0656
4632 70.0656
4633 70.0656
4634 70.0656
4635 70.0656
4636 70.0656
4637 70.0656
4638 70.0656
4639 70.0656
4640 70.0656
4641 70.0656
4642 70.0656
4643 70.0656
4644 70.0656
4645 70.0656
4646 70.0656
4647 70.0656
4648 70.0656
4649 70.0656
4650 70.0656
4651 70.0656
4652 70.0656
4653 70.0656
4654 70.0656
4655 70.0656
4656 70.0656
4657 70.0656
4658 70.0656
4659 70.0656
4660 70.0656
4661 70.0656
4662 70.0656
4663 70.0656
4664 70.0656
4665 70.0656
4666 70.0656
4667 70.0656
4668 70.0656
4669 70.0656
4670 70.0656
4671 70.0656
4672 69.9661
4673 69.9661
4674 69.9661
4675 69.9661
4676 69.9661
4677 69.9661
4678 69.9661
4679 69.9661
4680 69.9661
4681 69.9661
4682 69.9661
4683 69.9661
4684 69.9661
4685 69.9661
4686 69.9661
4687 69.9661
4688 69.9661
4689 69.9661
4690 69.9661
4691 69.9661
4692 69.9661
4693 69.9661
4694 69.9661
4695 69.9661
4696 69.9661
4697 69.9661
4698 69.9661
4699 69.9661
4700 69.9661
4701 69.9661
4702 69.9661
4703 69.9661
4704 69.9661
4705 69.9661
4706 69.9661
4707 69.9661
4708 69.9661
4709 69.9661
4710 69.9661
4711 69.9661
4712 69.9661
4713 69.9661
4714 69.9661
4715 69.9661
4716 69.9661
4717 69.9661
4718 69.9661
4719 69.9661
4720 69.9661
4721 69.9661
4722 69.9661
4723 69.9661
4724 69.9661
4725 69.9661
4726 69.9661
4727 69.9661
4728 69.9661
4729 69.9661
4730 69.9661
4731 69.9661
4732 69.9661
4733 69.9661
4734 69.9661
4735 69.9661
4736 69.9661
4737 69.9661
4738 69.9661
4739 69.9661
4740 69.9661
4741 69.9661
4742 69.9661
4743 69.9661
4744 69.9661
4745 69.9661
4746 69.9661
4747 69.9661
4748 69.9661
4749 69.9661
4750 69.9661
4751 69.9661
4752 69.9661
4753 69.9661
4754 69.9661
4755 69.9661
4756 69.9661
4757 69.9661
4758 69.9661
4759 69.9661
4760 69.9661
4761 69.9661
4762 69.9661
4763 69.9661
4764 69.9661
4765 69.9661
4766 69.9661
4767 69.9661
4768 69.9661
4769 69.9661
4770 69.9661
4771 69.9661
4772 69.9661
4773 69.9661
4774 69.9661
4775 69.9661
4776 69.9661
4777 69.9661
4778 69.9661
4779 69.9661
4780 69.9661
4781 69.9661
4782 69.9661
4783 69.9661
4784 69.9661
4785 69.9661
4786 69.9661
4787 69.9661
4788 69.9661
4789 69.9661
4790 69.9661
4791 69.9661
4792 69.9661
4793 69.9661
4794 69.9661
4795 69.9661
4796 69.9661
4797 69.9661
4798 69.9661
4799 69.9661
4800 69.9661
4801 69.9661
4802 69.9661
4803 69.9661
4804 69.9661
4805 69.9661
4806 69.9661
4807 69.9661
4808 69.9661
4809 69.9661
4810 69.9661
4811 69.9661
4812 69.9661
4813 69.9661
4814 69.9661
4815 69.9661
4816 69.9661
4817 69.9661
4818 69.9661
4819 69.9661
4820 69.9661
4821 69.9661
4822 69.9661
4823 69.9661
4824 69.9661
4825 69.9661
4826 69.9661
4827 69.9661
4828 69.9661
4829 69.9661
4830 69.9661
4831 69.9661
4832 69.9661
4833 69.9661
4834 69.9661
4835 69.9661
4836 69.9661
4837 69.9661
4838 69.9661
4839 69.9661
4840 69.9661
4841 69.9661
4842 69.9661
4843 69.9661
4844 69.9661
4845 69.9661
4846 69.9661
4847 69.9661
4848 69.9661
4849 69.9661
4850 69.9661
4851 69.9661
4852 69.9661
4853 69.9661
4854 69.9661
4855 69.9661
4856 69.9661
4857 69.9661
4858 69.9661
4859 69.9661
4860 69.9661
4861 69.9661
4862 69.9661
4863 69.9661
4864 69.9661
4865 69.9661
4866 69.9661
4867 69.9661
4868 69.9661
4869 69.9661
4870 69.9661
4871 69.9661
4872 69.9661
4873 69.9661
4874 69.9661
4875 69.9661
4876 69.8413
4877 69.8413
4878 69.8413
4879 69.8413
4880 69.8413
4881 69.8413
4882 69.8413
4883 69.8413
4884 69.8413
4885 69.8413
4886 69.8413
4887 69.8413
4888 69.8413
4889 69.8413
4890 69.8413
4891 69.8413
4892 69.8413
4893 69.8413
4894 69.8413
4895 69.8413
4896 69.8413
4897 69.8413
4898 69.8413
4899 69.8413
4900 69.8413
4901 69.8413
4902 69.8413
4903 69.8413
4904 69.8413
4905 69.8413
4906 69.8413
4907 69.8413
4908 69.8413
4909 69.8413
4910 69.8413
4911 69.8413
4912 69.8413
4913 69.8413
4914 69.8413
4915 69.8413
4916 69.8413
4917 69.8413
4918 69.8413
4919 69.8413
4920 69.8413
4921 69.8413
4922 69.8413
4923 69.8413
4924 69.8413
4925 69.8413
4926 69.8413
4927 69.8413
4928 69.8413
4929 69.8413
4930 69.8413
4931 69.8413
4932 69.8413
4933 69.8413
4934 69.8413
4935 69.8413
4936 69.8413
4937 69.8413
4938 69.8413
4939 69.8413
4940 69.8413
4941 69.8413
4942 69.8413
4943 69.8413
4944 69.8413
4945 69.8413
4946 69.8413
4947 69.8413
4948 69.8413
4949 69.8413
4950 69.8413
4951 69.8413
4952 69.8413
4953 69.8413
4954 69.8413
4955 69.8413
4956 69.8413
4957 69.8413
4958 69.8413
4959 69.8413
4960 69.8413
4961 69.8413
4962 69.8413
4963 69.8413
4964 69.8413
4965 69.8413
4966 69.8413
4967 69.8413
4968 69.8413
4969 69.8413
4970 69.8413
4971 69.8413
4972 69.8413
4973 69.8413
4974 69.8413
4975 69.8413
4976 69.8413
4977 69.8413
4978 69.8413
4979 69.8413
4980 69.8413
4981 69.8413
4982 69.8413
4983 69.8413
4984 69.8413
4985 69.8413
4986 69.8413
4987 69.8413
4988 69.8413
4989 69.8413
4990 69.8413
4991 69.8413
4992 69.8413
4993 69.8413
4994 69.8413
4995 69.8413
4996 69.8413
4997 69.8413
4998 69.8413
4999 69.8413
5000 69.8413
5001 69.8413
5002 69.8413
5003 69.8413
5004 69.8413
5005 69.8413
5006 69.8413
5007 69.8413
5008 69.8413
5009 69.8413
5010 69.8413
5011 69.8413
5012 69.8413
5013 69.8413
5014 69.8413
5015 69.8413
5016 69.8413
5017 69.8413
5018 69.8413
5019 69.8413
5020 69.8413
5021 69.8413
5022 69.8413
5023 69.8413
5024 69.8413
5025 69.8413
5026 69.8413
5027 69.8413
5028 69.8413
5029 69.8413
5030 69.8413
5031 69.8413
5032 69.8413
5033 69.8413
5034 69.8413
5035 69.8413
5036 69.8413
5037 69.8413
5038 69.8413
5039 69.8413
5040 69.8413
5041 69.8413
5042 69.8413
5043 69.8413
5044 69.8413
5045 69.8413
5046 69.8413
5047 69.8413
5048 69.8413
5049 69.8413
5050 69.8413
5051 69.8413
5052 69.8413
5053 69.8413
5054 69.8413
5055 69.8413
5056 69.8413
5057 69.8413
5058 69.8413
5059 69.8413
5060 69.8413
5061 69.8413
5062 69.8413
5063 69.8413
5064 69.8413
5065 69.8413
5066 69.8413
5067 69.8413
5068 69.8413
5069 69.8413
5070 69.8413
5071 69.8413
5072 69.8413
5073 69.8413
5074 69.8413
5075 69.8413
5076 69.8413
5077 69.8413
5078 69.8413
5079 69.8413
5080 69.8413
5081 69.8413
5082 69.8413
5083 69.8413
5084 69.8413
5085 69.8413
5086 69.8413
5087 69.8413
5088 69.8413
5089 69.8413
5090 69.8413
5091 69.8413
5092 69.8413
5093 69.8413
5094 69.8413
5095 69.8413
5096 69.8413
5097 69.8413
5098 69.8413
5099 69.8413
5100 69.8413
5101 69.8413
5102 69.8413
5103 69.8413
5104 69.8413
5105 69.8413
5106 69.8413
5107 69.8413
5108 69.8413
5109 69.8413
5110 69.8413
5111 69.8413
5112 69.8413
5113 69.8413
5114 69.8413
5115 69.8413
5116 69.8413
5117 69.8413
5118 69.8413
5119 69.8413
5120 69.8413
5121 69.8413
5122 69.8413
5123 69.8413
5124 69.8413
5125 69.8413
5126 69.8413
5127 69.8413
5128 69.8413
5129 69.8413
5130 69.8413
5131 69.8413
5132 69.8413
5133 69.8413
5134 69.8413
5135 69.8413
5136 69.8413
5137 69.8413
5138 69.8413
5139 69.8413
5140 69.8413
5141 69.8413
5142 69.8413
5143 69.8413
5144 69.8413
5145 69.8413
5146 69.8413
5147 69.8413
5148 69.8413
5149 69.8413
5150 69.8413
5151 69.8413
5152 69.8413
5153 69.8413
5154 69.8413
5155 69.8413
5156 69.8413
5157 69.8413
5158 69.8413
5159 69.8413
5160 69.8413
5161 69.8413
5162 69.8413
5163 69.8413
5164 69.8413
5165 69.8413
5166 69.8413
5167 69.8413
5168 69.8413
5169 69.8413
5170 69.8413
5171 69.8413
5172 69.8413
5173 69.8413
5174 69.8413
5175 69.8413
5176 69.8413
5177 69.8413
5178 69.8413
5179 69.8413
5180 69.8413
5181 69.8413
5182 69.8413
5183 69.8413
5184 69.8413
5185 69.8413
5186 69.8413
5187 69.8413
5188 69.8413
5189 69.8413
5190 69.8413
5191 69.8413
5192 69.8413
5193 69.8413
5194 69.8413
5195 69.8413
5196 69.8413
5197 69.8413
5198 69.8413
5199 69.8413
5200 69.8413
5201 69.8413
5202 69.8413
5203 69.8413
5204 69.8413
5205 69.8413
5206 69.8413
5207 69.8413
5208 69.8413
5209 69.8413
5210 69.8413
5211 69.8413
5212 69.8413
5213 69.8413
5214 69.8413
5215 69.8413
5216 69.8413
5217 69.8413
5218 69.8413
5219 69.8413
5220 69.8413
5221 69.8413
5222 69.8413
5223 69.8413
5224 69.8413
5225 69.8413
5226 69.8413
5227 69.8413
5228 69.8413
5229 69.8413
5230 69.8413
5231 69.8413
5232 69.8413
5233 69.8413
5234 69.8413
5235 69.8413
5236 69.8413
5237 69.8413
5238 69.8413
5239 69.8413
5240 69.8413
5241 69.8413
5242 69.8413
5243 69.8413
5244 69.8413
5245 69.8413
5246 69.8413
5247 69.8413
5248 69.8413
5249 69.8413
5250 69.8413
5251 69.8413
5252 69.8413
5253 69.8413
5254 69.8413
5255 69.8413
5256 69.8413
5257 69.8413
5258 69.8413
5259 69.8413
5260 69.8413
5261 69.8413
5262 69.8413
5263 69.8413
5264 69.8413
5265 69.8413
5266 69.8413
5267 69.8413
5268 69.8413
5269 69.8413
5270 69.8413
5271 69.8413
5272 69.8413
5273 69.8413
5274 69.8413
5275 69.8413
5276 69.8413
5277 69.8413
5278 69.8413
5279 69.8413
5280 69.8413
5281 69.8413
5282 69.8413
5283 69.8413
5284 69.8413
5285 69.8413
5286 69.8413
5287 69.8413
5288 69.8413
5289 69.8413
5290 69.8413
5291 69.8413
5292 69.8413
5293 69.8413
5294 69.8413
5295 69.8413
5296 69.8413
5297 69.8413
5298 69.8413
5299 69.8413
5300 69.8413
5301 69.8413
5302 69.8413
5303 69.8413
5304 69.8413
5305 69.8413
5306 69.8413
5307 69.8413
5308 69.8413
5309 69.8413
5310 69.8413
5311 69.8413
5312 69.8413
5313 69.8413
5314 69.8413
5315 69.8413
5316 69.8413
5317 69.8413
5318 69.8413
5319 69.8413
5320 69.8413
5321 69.8413
5322 69.8413
5323 69.8413
5324 69.8413
5325 69.8413
5326 69.8413
5327 69.8413
5328 69.8413
5329 69.8413
5330 69.8413
5331 69.8413
5332 69.8413
5333 69.8413
5334 69.8413
5335 69.8413
5336 69.8413
5337 69.8413
5338 69.8413
5339 69.8413
5340 69.8413
5341 69.8413
5342 69.8413
5343 69.8413
5344 69.8413
5345 69.8413
5346 69.8413
5347 69.8413
5348 69.8413
5349 69.8413
5350 69.8413
5351 69.8413
5352 69.8413
5353 69.8413
5354 69.8413
5355 69.8413
5356 69.8413
5357 69.8413
5358 69.8413
5359 69.8413
5360 69.8413
5361 69.8413
5362 69.8413
5363 69.8413
5364 69.8413
5365 69.8413
5366 69.8413
5367 69.8413
5368 69.8413
5369 69.8413
5370 69.8413
5371 69.8413
5372 69.8413
5373 69.8413
5374 69.8413
5375 69.8413
5376 69.8413
5377 69.8413
5378 69.8413
5379 69.8413
5380 69.8413
5381 69.8413
5382 69.8413
5383 69.8413
5384 69.8413
5385 69.8413
5386 69.8413
5387 69.8413
5388 69.8413
5389 69.8413
5390 69.8413
5391 69.8413
5392 69.8413
5393 69.8413
5394 69.8413
5395 69.8413
5396 69.8413
5397 69.8413
5398 69.8413
5399 69.8413
5400 69.8413
5401 69.8413
5402 69.8413
5403 69.8413
5404 69.8413
5405 69.8413
5406 69.8413
5407 69.8413
5408 69.8413
5409 69.8413
5410 69.8413
5411 69.8413
5412 69.8413
5413 69.8413
5414 69.8413
5415 69.8413
5416 69.8413
5417 69.8413
5418 69.8413
5419 69.8413
5420 69.8413
5421 69.8413
5422 69.8413
5423 69.8413
5424 69.8413
5425 69.8413
5426 69.8413
5427 69.8413
5428 69.8413
5429 69.8413
5430 69.8413
5431 69.8413
5432 69.8413
5433 69.8413
5434 69.8413
5435 69.8413
5436 69.8413
5437 69.8413
5438 69.8413
5439 69.8413
5440 69.8413
5441 69.8413
5442 69.8413
5443 69.8413
5444 69.8413
5445 69.8413
5446 69.8413
5447 69.8413
5448 69.8413
5449 69.8413
5450 69.8413
5451 69.8413
5452 69.8413
5453 69.8413
5454 69.8413
5455 69.8413
5456 69.8413
5457 69.8413
5458 69.8413
5459 69.8413
5460 69.8413
5461 69.8413
5462 69.8413
5463 69.8413
5464 69.8413
5465 69.8413
5466 69.8413
5467 69.8413
5468 69.8413
5469 69.8413
5470 69.8413
5471 69.8413
5472 69.8413
5473 69.8413
5474 69.8413
5475 69.8413
5476 69.8413
5477 69.8413
5478 69.8413
5479 69.8413
5480 69.8413
5481 69.8413
5482 69.8413
5483 69.8413
5484 69.8413
5485 69.8413
5486 69.8413
5487 69.8413
5488 69.8413
5489 69.8413
5490 69.8413
5491 69.8413
5492 69.8413
5493 69.8413
5494 69.8413
5495 69.8413
5496 69.8413
5497 69.8413
5498 69.8413
5499 69.8413
5500 69.8413
5501 69.8413
5502 69.8413
5503 69.8413
5504 69.8413
5505 69.8413
5506 69.8413
5507 69.8413
5508 69.8413
5509 69.8413
5510 69.8413
5511 69.8413
5512 69.8413
5513 69.8413
5514 69.8413
5515 69.8413
5516 69.8413
5517 69.8413
5518 69.8413
5519 69.8413
5520 69.8413
5521 69.8413
5522 69.8413
5523 69.8413
5524 69.8413
5525 69.8413
5526 69.8413
5527 69.8413
5528 69.8413
5529 69.8413
5530 69.8413
5531 69.8413
5532 69.8413
5533 69.8413
5534 69.8413
5535 69.8413
5536 69.8413
5537 69.8413
5538 69.8413
5539 69.8413
5540 69.8413
5541 69.8413
5542 69.8413
5543 69.8413
5544 69.8413
5545 69.8413
5546 69.8413
5547 69.8413
5548 69.8413
5549 69.8413
5550 69.8413
5551 69.8413
5552 69.8413
5553 69.8413
5554 69.8413
5555 69.8413
5556 69.8413
5557 69.8413
5558 69.8413
5559 69.8413
5560 69.8413
5561 69.8413
5562 69.8413
5563 69.8413
5564 69.8413
5565 69.8413
5566 69.8413
5567 69.8413
5568 69.8413
5569 69.8413
5570 69.8413
5571 69.8413
5572 69.8413
5573 69.8413
5574 69.8413
5575 69.8413
5576 69.8413
5577 69.8413
5578 69.8413
5579 69.8413
5580 69.8413
5581 69.8413
5582 69.8413
5583 69.8413
5584 69.8413
5585 69.8413
5586 69.8413
5587 69.8413
5588 69.8413
5589 69.8413
5590 69.8413
5591 69.8413
5592 69.8413
5593 69.8413
5594 69.8413
5595 69.8413
5596 69.8413
5597 69.8413
5598 69.8413
5599 69.8413
5600 69.8413
5601 69.8413
5602 69.8413
5603 69.8413
5604 69.8413
5605 69.8413
5606 69.8413
5607 69.8413
5608 69.8413
5609 69.8413
5610 69.8413
5611 69.8413
5612 69.8413
5613 69.8413
5614 69.8413
5615 69.8413
5616 69.8413
5617 69.8413
5618 69.8413
5619 69.8413
5620 69.8413
5621 69.8413
5622 69.8413
5623 69.8413
5624 69.8413
5625 69.8413
5626 69.8413
5627 69.8413
5628 69.8413
5629 69.8413
5630 69.8413
5631 69.8413
5632 69.8413
5633 69.8413
5634 69.8413
5635 69.8413
5636 69.8413
5637 69.8413
5638 69.8413
5639 69.8413
5640 69.8413
5641 69.8413
5642 69.8413
5643 69.8413
5644 69.8413
5645 69.8413
5646 69.8413
5647 69.8413
5648 69.8413
5649 69.8413
5650 69.8413
5651 69.8413
5652 69.8413
5653 69.8413
5654 69.8413
5655 69.8413
5656 69.8413
5657 69.8413
5658 69.8413
5659 69.8413
5660 69.8413
5661 69.8413
5662 69.8413
5663 69.8413
5664 69.8413
5665 69.8413
5666 69.8413
5667 69.8413
5668 69.8413
5669 69.8413
5670 69.8413
5671 69.8413
5672 69.8413
5673 69.8413
5674 69.8413
5675 69.8413
5676 69.8413
5677 69.8413
5678 69.8413
5679 69.8413
5680 69.8413
5681 69.8413
5682 69.8413
5683 69.8413
5684 69.8413
5685 69.8413
5686 69.8413
5687 69.8413
5688 69.8413
5689 69.8413
5690 69.8413
5691 69.8413
5692 69.8413
5693 69.8413
5694 69.8413
5695 69.8413
5696 69.8413
5697 69.8413
5698 69.8413
5699 69.8413
5700 69.8413
5701 69.8413
5702 69.8413
5703 69.8413
5704 69.8413
5705 69.8413
5706 69.8413
5707 69.8413
5708 69.8413
5709 69.8413
5710 69.8413
5711 69.8413
5712 69.8413
5713 69.8413
5714 69.8413
5715 69.8413
5716 69.8413
5717 69.8413
5718 69.8413
5719 69.8413
5720 69.8413
5721 69.8413
5722 69.8413
5723 69.8413
5724 69.8413
5725 69.8413
5726 69.8413
5727 69.8413
5728 69.8413
5729 69.8413
5730 69.8413
5731 69.8413
5732 69.8413
5733 69.8413
5734 69.8413
5735 69.8413
5736 69.8413
5737 69.8413
5738 69.8413
5739 69.8413
5740 69.8413
5741 69.8413
5742 69.8413
5743 69.8413
5744 69.8413
5745 69.8413
5746 69.8413
5747 69.8413
5748 69.8413
5749 69.8413
5750 69.8413
5751 69.8413
5752 69.8413
5753 69.8413
5754 69.8413
5755 69.8413
5756 69.8413
5757 69.8413
5758 69.8413
5759 69.8413
5760 69.8413
5761 69.8413
5762 69.8413
5763 69.8413
5764 69.8413
5765 69.8413
5766 69.8413
5767 69.8413
5768 69.8413
5769 69.8413
5770 69.8413
5771 69.8413
5772 69.8413
5773 69.8413
5774 69.8413
5775 69.8413
5776 69.8413
5777 69.8413
5778 69.8413
5779 69.8413
5780 69.8413
5781 69.8413
5782 69.8413
5783 69.8413
5784 69.8413
5785 69.8413
5786 69.8413
5787 69.8413
5788 69.8413
5789 69.8413
5790 69.8413
5791 69.8413
5792 69.8413
5793 69.8413
5794 69.8413
5795 69.8413
5796 69.8413
5797 69.8413
5798 69.8413
5799 69.8413
5800 69.8413
5801 69.8413
5802 69.8413
5803 69.8413
5804 69.8413
5805 69.8413
5806 69.8413
5807 69.8413
5808 69.8413
5809 69.8413
5810 69.8413
5811 69.8413
5812 69.8413
5813 69.8413
5814 69.8413
5815 69.8413
5816 69.8413
5817 69.8413
5818 69.8413
5819 69.8413
5820 69.8413
5821 69.8413
5822 69.8413
5823 69.8413
5824 69.8413
5825 69.8413
5826 69.8413
5827 69.8413
5828 69.8413
5829 69.8413
5830 69.8413
5831 69.8413
5832 69.8413
5833 69.8413
5834 69.8413
5835 69.8413
5836 69.8413
5837 69.8413
5838 69.8413
5839 69.8413
5840 69.8413
5841 69.8413
5842 69.8413
5843 69.8413
5844 69.8413
5845 69.8413
5846 69.8413
5847 69.8413
5848 69.8413
5849 69.8413
5850 69.8413
5851 69.8413
5852 69.8413
5853 69.8413
5854 69.8413
5855 69.8413
5856 69.8413
5857 69.8413
5858 69.8413
5859 69.8413
5860 69.8413
5861 69.8413
5862 69.8413
5863 69.8413
5864 69.8413
5865 69.8413
5866 69.8413
5867 69.8413
5868 69.8413
5869 69.8413
5870 69.8413
5871 69.8413
5872 69.8413
5873 69.8413
5874 69.8413
5875 69.8413
5876 69.8413
5877 69.8413
5878 69.8413
5879 69.8413
5880 69.8413
5881 69.8413
5882 69.8413
5883 69.8413
5884 69.8413
5885 69.8413
5886 69.8413
5887 69.8413
5888 69.8413
5889 69.8413
5890 69.8413
5891 69.8413
5892 69.8413
5893 69.8413
5894 69.8413
5895 69.8413
5896 69.8413
5897 69.8413
5898 69.8413
5899 69.8413
5900 69.8413
5901 69.8413
5902 69.8413
5903 69.8413
5904 69.8413
5905 69.8413
5906 69.8413
5907 69.8413
5908 69.8413
5909 69.8413
5910 69.8413
5911 69.8413
5912 69.8413
5913 69.8413
5914 69.8413
5915 69.8413
5916 69.8413
5917 69.8413
5918 69.8413
5919 69.8413
5920 69.8413
5921 69.8413
5922 69.8413
5923 69.8413
5924 69.8413
5925 69.8413
5926 69.8413
5927 69.8413
5928 69.8413
5929 69.8413
5930 69.8413
5931 69.8413
5932 69.8413
5933 69.8413
5934 69.8413
5935 69.8413
5936 69.8413
5937 69.8413
5938 69.8413
5939 69.8413
5940 69.8413
5941 69.8413
5942 69.8413
5943 69.8413
5944 69.8413
5945 69.8413
5946 69.8413
5947 69.8413
5948 69.8413
5949 69.8413
5950 69.8413
5951 69.8413
5952 69.8413
5953 69.8413
5954 69.8413
5955 69.8413
5956 69.8413
5957 69.8413
5958 69.8413
5959 69.8413
5960 69.8413
5961 69.8413
5962 69.8413
5963 69.8413
5964 69.8413
5965 69.8413
5966 69.8413
5967 69.8413
5968 69.8413
5969 69.8413
5970 69.8413
5971 69.8413
5972 69.8413
5973 69.8413
5974 69.8413
5975 69.8413
5976 69.8413
5977 69.8413
5978 69.8413
5979 69.8413
5980 69.8413
5981 69.8413
5982 69.8413
5983 69.8413
5984 69.8413
5985 69.8413
5986 69.8413
5987 69.8413
5988 69.8413
5989 69.8413
5990 69.8413
5991 69.8413
5992 69.8413
5993 69.8413
5994 69.8413
5995 69.8413
5996 69.8413
5997 69.8413
5998 69.8413
5999 69.8413
