0 463.887
1 438.075
2 427.689
3 423.602
4 415.298
5 408.699
6 405.972
7 399.373
8 399.197
9 398.895
10 397.486
11 394.981
12 390.17
13 388.68
14 381.083
15 378.005
16 375.991
17 370.271
18 367.81
19 362.463
20 362.463
21 358.783
22 353.5
23 353.5
24 343.883
25 343.328
26 337.752
27 336.845
28 331.248
29 331.248
30 326.907
31 326.907
32 323.719
33 316.814
34 305.187
35 305.187
36 301.229
37 296.75
38 292.79
39 292.79
40 289.804
41 288.67
42 285.294
43 283.307
44 277.196
45 271.631
46 270.21
47 270.21
48 270.21
49 268.762
50 268.217
51 267.814
52 264.933
53 258.811
54 258.811
55 256.151
56 254.96
57 254.272
58 252.297
59 250.689
60 250.209
61 246.69
62 245.151
63 245.151
64 245.062
65 243.386
66 242.707
67 241.143
68 241.143
69 241.143
70 238.256
71 238.256
72 237.568
73 237.568
74 236.887
75 236.887
76 236.098
77 236.098
78 235.9
79 234.228
80 233.31
81 231.44
82 231.345
83 231.345
84 231.345
85 229.475
86 227.719
87 226.651
88 226.592
89 225.443
90 224.865
91 221.524
92 219.11
93 218.536
94 212.428
95 212.428
96 212.017
97 208.773
98 208.773
99 208.773
100 208.773
101 197.591
102 196.933
103 196.933
104 196.162
105 193.899
106 193.899
107 193.593
108 193.244
109 192.668
110 192.602
111 190.037
112 190.037
113 187.952
114 187.19
115 185.909
116 183.288
117 182.477
118 181.964
119 181.792
120 179.22
121 178.535
122 178.315
123 177.63
124 177.63
125 174.825
126 173.628
127 172.67
128 172.58
129 172.185
130 171.595
131 171.13
132 171.13
133 169.895
134 169.895
135 169.231
136 169.231
137 169.189
138 166.384
139 166.12
140 165.246
141 164.591
142 164.591
143 164.545
144 163.538
145 163.492
146 163.183
147 162.96
148 162.96
149 162.96
150 161.893
151 154.754
152 152.183
153 150.125
154 147.553
155 145.621
156 145.621
157 143.985
158 143.985
159 143.985
160 143.985
161 143.361
162 143.361
163 143.361
164 143.361
165 143.361
166 142.495
167 142.495
168 142.495
169 141.983
170 141.385
171 140.871
172 140.245
173 139.73
174 139.73
175 139.73
176 139.73
177 139.73
178 139.73
179 139.73
180 139.73
181 139.73
182 139.584
183 139.584
184 138.838
185 138.838
186 138.838
187 138.838
188 137.577
189 136.976
190 136.976
191 136.976
192 133.486
193 133.203
194 133.203
195 133.203
196 133.203
197 133.203
198 132.703
199 132.703
200 132.703
201 132.703
202 132.703
203 132.703
204 132.28
205 132.191
206 132.191
207 132.191
208 132.191
209 132.191
210 131.924
211 131.137
212 131.137
213 131.039
214 130.778
215 130.679
216 130.409
217 126.885
218 126.302
219 125.816
220 125.234
221 125.234
222 125.234
223 123.813
224 123.78
225 122.194
226 122.194
227 122.066
228 122.039
229 121.735
230 121.655
231 121.489
232 121.489
233 121.489
234 121.489
235 121.489
236 121.489
237 121.489
238 120.713
239 120.698
240 120.698
241 120.698
242 120.567
243 120.567
244 120.567
245 120.567
246 120.567
247 120.567
248 120.333
249 120.333
250 120.329
251 120.333
252 120.333
253 120.333
254 119.728
255 119.728
256 119.728
257 119.728
258 119.623
259 119.623
260 119.193
261 119.193
262 119.193
263 118.479
264 118.479
265 118.479
266 118.479
267 118.479
268 118.234
269 118.234
270 116.943
271 116.943
272 116.943
273 116.943
274 116.943
275 116.943
276 116.943
277 116.943
278 116.943
279 116.943
280 115.153
281 114.996
282 114.996
283 114.996
284 114.996
285 114.996
286 114.725
287 114.725
288 114.323
289 114.323
290 114.323
291 114.323
292 114.323
293 113.713
294 113.713
295 113.132
296 113.132
297 111.692
298 110.796
299 110.796
300 110.796
301 110.637
302 110.637
303 110.637
304 110.637
305 110.599
306 110.445
307 110.445
308 110.412
309 110.185
310 110.185
311 110.185
312 110.185
313 110.185
314 110.08
315 110.08
316 110.08
317 110.08
318 110.08
319 109.113
320 109.113
321 109.113
322 109.113
323 109.113
324 109.113
325 109.113
326 109.113
327 108.286
328 108.286
329 107.45
330 106.082
331 106.082
332 106.082
333 106.082
334 106.082
335 106.082
336 106.082
337 106.082
338 106.082
339 106.082
340 106.082
341 106.082
342 106.082
343 106.082
344 106.082
345 106.082
346 106.082
347 105.851
348 105.851
349 105.599
350 105.599
351 105.599
352 105.599
353 105.599
354 105.464
355 105.464
356 105.148
357 104.38
358 103.986
359 103.986
360 103.737
361 103.737
362 103.737
363 103.737
364 103.325
365 103.325
366 103.325
367 103.12
368 103.12
369 103.12
370 103.12
371 103.12
372 103.12
373 103.12
374 103.12
375 103.12
376 102.876
377 102.876
378 101.402
379 101.402
380 101.402
381 101.355
382 100.676
383 100.676
384 100.676
385 100.216
386 100.216
387 100.216
388 100.216
389 100.216
390 100.105
391 100.105
392 100.105
393 100.105
394 100.105
395 100.105
396 100.105
397 100.105
398 100.105
399 100.105
400 100.105
401 100.105
402 100.105
403 100.105
404 100.105
405 100.105
406 99.5167
407 99.5167
408 99.5167
409 99.4946
410 97.9434
411 97.9434
412 97.9434
413 94.2573
414 94.2573
415 93.6851
416 93.6851
417 93.6851
418 93.6851
419 93.6851
420 93.6851
421 93.6851
422 93.6851
423 93.6851
424 93.6851
425 93.6851
426 93.6851
427 93.6851
428 93.1082
429 93.1082
430 93.1082
431 91.9743
432 91.9743
433 91.9187
434 91.9187
435 91.9187
436 91.9187
437 91.9187
438 91.9187
439 91.9187
440 91.9187
441 91.9187
442 91.9187
443 91.7746
444 91.6168
445 90.9098
446 90.9098
447 90.9098
448 90.9098
449 90.9098
450 90.9098
451 90.8656
452 90.8656
453 90.8656
454 90.8656
455 90.8656
456 90.8656
457 90.8656
458 90.8656
459 90.8656
460 90.5694
461 90.452
462 90.452
463 90.452
464 90.0006
465 90.0006
466 90.0006
467 90.0006
468 90.0006
469 90.0006
470 90.0006
471 89.7938
472 89.7938
473 89.7938
474 89.6829
475 89.6829
476 89.6829
477 89.6829
478 89.6829
479 89.6829
480 89.6829
481 89.6829
482 89.6829
483 89.5731
484 89.5731
485 89.5731
486 89.5731
487 89.5731
488 89.5731
489 89.5731
490 89.5731
491 89.5731
492 89.5731
493 89.5731
494 89.5731
495 89.5731
496 89.5731
497 89.5731
498 89.5731
499 89.5731
500 89.5731
501 89.5731
502 89.5731
503 89.5731
504 89.5731
505 89.5731
506 89.5731
507 89.5731
508 89.5731
509 89.5731
510 89.5731
511 89.5731
512 89.5731
513 89.5731
514 89.5731
515 89.4339
516 89.1555
517 89.1555
518 88.4125
519 88.4125
520 88.4125
521 88.3228
522 88.3228
523 88.3228
524 88.3228
525 88.3228
526 88.3228
527 88.3228
528 88.3228
529 88.3228
530 88.3228
531 88.3228
532 88.3228
533 88.3228
534 88.3228
535 88.3228
536 88.3228
537 88.3228
538 88.3228
539 88.3228
540 88.3228
541 88.3228
542 88.3228
543 88.1513
544 88.1513
545 88.1513
546 88.1513
547 87.6174
548 87.6174
549 86.8727
550 86.8727
551 86.8727
552 86.8727
553 86.8727
554 86.8727
555 86.8727
556 86.8727
557 86.8727
558 86.8727
559 86.8727
560 86.8727
561 86.8727
562 86.8727
563 86.8727
564 86.8727
565 86.8727
566 86.8727
567 86.8727
568 86.8727
569 86.8727
570 86.8727
571 86.8727
572 86.3646
573 86.3646
574 86.3646
575 86.3646
576 86.3646
577 86.3646
578 86.3646
579 86.3646
580 86.2068
581 86.2068
582 86.2068
583 86.2068
584 86.2068
585 86.2068
586 86.2068
587 86.2068
588 86.2068
589 86.2068
590 86.2068
591 86.2068
592 86.2068
593 85.9565
594 85.9565
595 85.4659
596 85.4659
597 85.4659
598 85.4659
599 85.4659
600 85.4659
601 84.6043
602 84.6043
603 84.6043
604 84.6043
605 84.6043
606 84.5447
607 84.2429
608 83.203
609 83.1435
610 83.1435
611 83.1435
612 83.1435
613 83.1435
614 83.1435
615 83.1435
616 83.1435
617 83.1435
618 83.1435
619 83.1435
620 83.1435
621 83.1435
622 83.1435
623 83.1435
624 83.1435
625 83.1435
626 83.1435
627 83.1435
628 83.1435
629 83.1435
630 83.1435
631 83.1435
632 83.1435
633 83.1435
634 83.1435
635 83.1435
636 83.1435
637 83.1435
638 83.1435
639 83.1435
640 83.1435
641 83.1435
642 83.1435
643 83.1435
644 83.0861
645 83.0861
646 83.0861
647 83.0861
648 83.0861
649 83.0861
650 83.0861
651 83.0861
652 83.0861
653 83.0861
654 83.0861
655 83.0861
656 83.0861
657 83.0861
658 83.0861
659 83.0861
660 83.0861
661 83.0861
662 83.0861
663 83.0861
664 83.0861
665 83.0861
666 83.0861
667 83.0861
668 83.0861
669 83.0861
670 83.0861
671 83.0861
672 83.0861
673 83.0861
674 83.0861
675 83.0861
676 83.0861
677 83.0861
678 83.0861
679 83.0861
680 83.0861
681 83.0861
682 83.0861
683 83.0861
684 83.0861
685 83.0861
686 82.9005
687 82.9005
688 82.9005
689 82.9005
690 82.9005
691 82.9005
692 82.9005
693 82.9005
694 82.9005
695 82.9005
696 82.9005
697 82.9005
698 82.9005
699 82.9005
700 82.9005
701 82.9005
702 82.9005
703 82.9005
704 82.9005
705 82.9005
706 82.9005
707 82.9005
708 82.9005
709 82.9005
710 82.9005
711 82.9005
712 82.9005
713 82.9005
714 82.9005
715 82.9005
716 82.9005
717 82.9005
718 82.9005
719 82.9005
720 82.9005
721 82.9005
722 82.9005
723 82.9005
724 82.9005
725 82.9005
726 82.9005
727 82.9005
728 82.9005
729 82.9005
730 82.9005
731 82.9005
732 82.9005
733 82.844
734 82.844
735 82.844
736 82.844
737 82.5639
738 82.5639
739 82.5639
740 82.5639
741 82.5009
742 82.5009
743 82.5009
744 82.5009
745 82.5009
746 82.5009
747 82.5009
748 82.5009
749 82.5009
750 82.5009
751 82.4411
752 82.4411
753 82.4411
754 82.4411
755 82.4411
756 82.4411
757 82.4411
758 82.4411
759 82.4411
760 82.4411
761 82.4411
762 82.4411
763 82.4411
764 82.4411
765 82.4411
766 82.4411
767 82.4411
768 82.4411
769 82.4411
770 82.4411
771 82.4411
772 82.4411
773 82.4411
774 82.4411
775 82.4411
776 82.4411
777 82.4248
778 82.4248
779 82.0255
780 82.0092
781 82.0092
782 82.0092
783 82.0092
784 81.9696
785 81.9696
786 81.9696
787 81.9696
788 81.9696
789 81.9696
790 81.9696
791 81.9696
792 81.9696
793 81.9696
794 81.9696
795 81.9696
796 81.9696
797 81.9696
798 81.9696
799 81.9696
800 81.9696
801 81.9696
802 81.9696
803 81.9696
804 81.9696
805 81.9696
806 81.9696
807 81.9696
808 81.9696
809 81.9696
810 81.9696
811 81.9696
812 81.9696
813 81.9696
814 81.9696
815 81.9696
816 81.9696
817 81.9696
818 81.9696
819 81.9696
820 81.9696
821 81.9696
822 81.9696
823 81.5947
824 81.5947
825 81.5911
826 81.5911
827 81.5108
828 80.814
829 80.7337
830 80.7337
831 80.7337
832 80.7337
833 80.7337
834 80.7337
835 80.7337
836 80.7337
837 80.7337
838 80.7337
839 80.7337
840 80.7337
841 80.7337
842 80.7337
843 80.7337
844 80.7337
845 80.7337
846 80.7337
847 80.7337
848 80.7337
849 80.7337
850 80.7337
851 78.6515
852 78.062
853 78.062
854 78.062
855 78.062
856 78.062
857 78.062
858 78.062
859 78.062
860 78.062
861 78.062
862 78.062
863 78.062
864 78.062
865 78.062
866 78.062
867 78.062
868 78.062
869 78.062
870 78.062
871 78.062
872 78.062
873 78.062
874 78.062
875 78.062
876 78.062
877 78.062
878 78.062
879 78.062
880 77.7558
881 77.7558
882 77.7558
883 77.7558
884 77.7558
885 77.7558
886 77.7558
887 77.7558
888 77.5537
889 77.5537
890 77.5537
891 77.5537
892 77.5537
893 77.5537
894 77.5537
895 77.5537
896 77.5537
897 77.5537
898 77.5537
899 77.5537
900 77.5537
901 77.5537
902 77.5537
903 77.5537
904 77.5537
905 77.5537
906 77.5537
907 77.5537
908 77.5537
909 77.5537
910 77.5537
911 77.5537
912 77.5537
913 77.5537
914 77.5537
915 77.5537
916 77.5537
917 77.5537
918 77.5537
919 77.5537
920 77.5537
921 77.5537
922 77.5537
923 77.5537
924 77.5537
925 77.5537
926 77.5537
927 77.5537
928 77.5537
929 77.5537
930 77.5537
931 77.5537
932 77.5537
933 77.5537
934 77.5537
935 77.5537
936 77.5537
937 77.5537
938 77.5537
939 77.5482
940 77.5482
941 77.5482
942 77.5482
943 77.5482
944 77.5482
945 77.5482
946 77.5482
947 77.5482
948 77.5482
949 77.5482
950 77.5482
951 75.5573
952 75.5573
953 75.5573
954 75.5573
955 75.5573
956 75.3606
957 75.3606
958 75.3606
959 75.3606
960 75.3606
961 75.3606
962 75.3606
963 75.3606
964 75.3606
965 75.3606
966 75.3606
967 75.3606
968 75.3606
969 75.3606
970 75.3606
971 75.3606
972 75.3606
973 75.3606
974 75.3606
975 75.3606
976 75.3606
977 75.3606
978 75.3606
979 75.3606
980 75.3606
981 75.3606
982 75.3606
983 75.3606
984 75.3606
985 75.3606
986 75.3606
987 75.3606
988 75.3606
989 75.3606
990 75.3606
991 75.3606
992 75.3606
993 75.3606
994 75.3606
995 75.3606
996 75.3606
997 75.3606
998 75.3606
999 75.3606
1000 75.3606
1001 75.1566
1002 75.1566
1003 75.1566
1004 75.1566
1005 75.1566
1006 75.1566
1007 75.1566
1008 75.1566
1009 75.1566
1010 75.1566
1011 75.1566
1012 75.1566
1013 75.1566
1014 75.1566
1015 75.1566
1016 75.1566
1017 75.1566
1018 75.1566
1019 75.1566
1020 75.1566
1021 75.1566
1022 74.9928
1023 74.9928
1024 74.9928
1025 74.9928
1026 74.9928
1027 74.9928
1028 74.9928
1029 74.9928
1030 74.9928
1031 74.9928
1032 74.9928
1033 74.9928
1034 74.9928
1035 74.9928
1036 74.9928
1037 74.9045
1038 74.9045
1039 74.9045
1040 74.9045
1041 74.9045
1042 74.9045
1043 74.9045
1044 74.9045
1045 74.9045
1046 74.9045
1047 74.9045
1048 74.9045
1049 74.9045
1050 74.9045
1051 74.9045
1052 74.9045
1053 74.9045
1054 74.9045
1055 74.9045
1056 74.9045
1057 74.9045
1058 74.9045
1059 74.9045
1060 74.9045
1061 74.9045
1062 74.9045
1063 74.9045
1064 74.9045
1065 74.9045
1066 74.9045
1067 74.9045
1068 74.9045
1069 74.9045
1070 74.9045
1071 74.9045
1072 74.9045
1073 74.9045
1074 74.9045
1075 74.9045
1076 74.9045
1077 74.9045
1078 74.9045
1079 74.9045
1080 74.9045
1081 74.9045
1082 74.9045
1083 74.9045
1084 74.9045
1085 74.7391
1086 74.7391
1087 74.7391
1088 74.7391
1089 74.7391
1090 74.7391
1091 74.7391
1092 74.7391
1093 74.7391
1094 74.7391
1095 74.7391
1096 74.7391
1097 74.7391
1098 74.7391
1099 74.7391
1100 74.7391
1101 74.7391
1102 74.7391
1103 74.7391
1104 74.7391
1105 74.7391
1106 74.7391
1107 74.7391
1108 74.7391
1109 74.7391
1110 74.7391
1111 74.7391
1112 74.7391
1113 74.7391
1114 74.7391
1115 74.7391
1116 74.7391
1117 74.7391
1118 74.7391
1119 74.7391
1120 74.7391
1121 74.7391
1122 74.7391
1123 74.7391
1124 74.7391
1125 74.7391
1126 74.7391
1127 74.7391
1128 74.7391
1129 74.7391
1130 74.7391
1131 74.7391
1132 74.7391
1133 74.7391
1134 74.7391
1135 74.7391
1136 74.7391
1137 74.7391
1138 74.7391
1139 74.7391
1140 74.7391
1141 74.7391
1142 74.7391
1143 74.7391
1144 74.7391
1145 74.7391
1146 74.7391
1147 74.7391
1148 74.7391
1149 74.7391
1150 74.7391
1151 71.7015
1152 71.7015
1153 71.7015
1154 71.7015
1155 71.7015
1156 71.7015
1157 71.7015
1158 71.7015
1159 71.7015
1160 71.4791
1161 71.4791
1162 71.4791
1163 71.4791
1164 71.4791
1165 71.4791
1166 71.4791
1167 71.4791
1168 71.4791
1169 71.4791
1170 71.4791
1171 71.4791
1172 71.4791
1173 71.4791
1174 71.4791
1175 71.4791
1176 71.4791
1177 71.4791
1178 71.4791
1179 71.4791
1180 71.4791
1181 71.4791
1182 71.4791
1183 71.4791
1184 71.4791
1185 71.4791
1186 71.4791
1187 71.4791
1188 71.4791
1189 71.4791
1190 71.4791
1191 71.4791
1192 71.4791
1193 71.4791
1194 71.4791
1195 71.4791
1196 71.4791
1197 71.4361
1198 71.4361
1199 71.4361
1200 71.4361
1201 70.6136
1202 70.6136
1203 70.6136
1204 70.6136
1205 70.6136
1206 70.6136
1207 70.6136
1208 70.6136
1209 70.6136
1210 70.6136
1211 70.6136
1212 70.6136
1213 70.6136
1214 70.6136
1215 70.6136
1216 70.6136
1217 70.6136
1218 70.6136
1219 70.6136
1220 70.6136
1221 70.6136
1222 70.6136
1223 70.6136
1224 70.6136
1225 70.6136
1226 70.6136
1227 70.6136
1228 70.6136
1229 70.6136
1230 70.6136
1231 70.6136
1232 70.6136
1233 70.6136
1234 70.6136
1235 70.6136
1236 70.6136
1237 70.6136
1238 70.6136
1239 70.6136
1240 70.6136
1241 70.6136
1242 70.6136
1243 70.6136
1244 70.6136
1245 70.6136
1246 70.6136
1247 70.6136
1248 70.6136
1249 70.6136
1250 70.6136
1251 70.2941
1252 70.2941
1253 70.2941
1254 69.8722
1255 69.8722
1256 69.8722
1257 69.8722
1258 69.8722
1259 69.8722
1260 69.8722
1261 69.8722
1262 69.8722
1263 69.8722
1264 69.8722
1265 69.8722
1266 69.8722
1267 69.8722
1268 69.8722
1269 69.8722
1270 69.8722
1271 69.8722
1272 69.8722
1273 69.8722
1274 69.8722
1275 69.8722
1276 69.8722
1277 69.8722
1278 69.8722
1279 69.8722
1280 69.8722
1281 69.8722
1282 69.8722
1283 69.8722
1284 69.8722
1285 69.8722
1286 69.8722
1287 69.8722
1288 69.8722
1289 69.8722
1290 69.8722
1291 69.8722
1292 69.8722
1293 69.8722
1294 69.8722
1295 69.8722
1296 69.8722
1297 69.8722
1298 69.8722
1299 69.8722
1300 69.8722
1301 69.8722
1302 69.8722
1303 69.8722
1304 69.8722
1305 69.8722
1306 69.8722
1307 69.8722
1308 69.8722
1309 69.8722
1310 69.8722
1311 69.8722
1312 69.8722
1313 69.8722
1314 69.8722
1315 69.8722
1316 69.8722
1317 69.8722
1318 69.8722
1319 69.8722
1320 69.8722
1321 69.8722
1322 69.8722
1323 69.8722
1324 69.8722
1325 69.8722
1326 69.8722
1327 69.8722
1328 69.8722
1329 69.8722
1330 69.8722
1331 69.8722
1332 69.8722
1333 69.8722
1334 69.8722
1335 69.8722
1336 69.8722
1337 69.8722
1338 69.8722
1339 69.8722
1340 69.8722
1341 69.8722
1342 69.8722
1343 69.8722
1344 69.8722
1345 69.8722
1346 69.8722
1347 69.8722
1348 69.8722
1349 69.8722
1350 69.8722
1351 68.6582
1352 68.6582
1353 68.6582
1354 68.6582
1355 68.6582
1356 68.6582
1357 68.6582
1358 68.6582
1359 68.6582
1360 68.6582
1361 68.6582
1362 68.6582
1363 68.6582
1364 68.6582
1365 68.6582
1366 68.6582
1367 68.6582
1368 68.6582
1369 68.6582
1370 68.6582
1371 68.6582
1372 68.6582
1373 68.6582
1374 68.6582
1375 68.6582
1376 68.6582
1377 68.6582
1378 68.6582
1379 68.6582
1380 68.6582
1381 68.6582
1382 68.6582
1383 68.6582
1384 68.6582
1385 68.6582
1386 68.6582
1387 68.6582
1388 68.6582
1389 68.6582
1390 68.6582
1391 68.6582
1392 68.6582
1393 68.6582
1394 68.6582
1395 68.6582
1396 68.6582
1397 68.6582
1398 68.6582
1399 68.6582
1400 68.6582
1401 68.4364
1402 68.4364
1403 68.4364
1404 68.4364
1405 68.4364
1406 68.4364
1407 68.4364
1408 68.4364
1409 68.4364
1410 68.4364
1411 68.4364
1412 68.4364
1413 68.4364
1414 68.4364
1415 68.4364
1416 68.4364
1417 68.4364
1418 68.4364
1419 68.4364
1420 68.4364
1421 68.4364
1422 68.4364
1423 68.4364
1424 68.4364
1425 68.4364
1426 68.4364
1427 68.4364
1428 68.4364
1429 68.4364
1430 68.4364
1431 68.4364
1432 68.4364
1433 68.4364
1434 68.4364
1435 68.4364
1436 68.4364
1437 68.4364
1438 68.4364
1439 68.4364
1440 68.4364
1441 68.4364
1442 68.4364
1443 68.4364
1444 68.4364
1445 68.4364
1446 68.4364
1447 68.4364
1448 68.4364
1449 68.4364
1450 68.4364
1451 68.4364
1452 68.4364
1453 68.4364
1454 68.4364
1455 68.4364
1456 68.4364
1457 68.4364
1458 68.4364
1459 68.4364
1460 68.4364
1461 68.4364
1462 68.4364
1463 68.4364
1464 68.4364
1465 68.4364
1466 68.4364
1467 68.4364
1468 68.4364
1469 68.4364
1470 68.4364
1471 68.4364
1472 68.4364
1473 68.4364
1474 68.4364
1475 68.4364
1476 68.4364
1477 68.4364
1478 68.4364
1479 68.4364
1480 68.4364
1481 68.4364
1482 68.4364
1483 68.4364
1484 68.4364
1485 68.4364
1486 68.4364
1487 68.4364
1488 68.4364
1489 68.4364
1490 68.4364
1491 68.4364
1492 68.4364
1493 68.4364
1494 68.4364
1495 68.4364
1496 68.4364
1497 68.4364
1498 68.4364
1499 68.4364
1500 68.4364
1501 68.4364
1502 68.4364
1503 68.4364
1504 68.4364
1505 68.4364
1506 68.4364
1507 68.4364
1508 68.4364
1509 68.4364
1510 68.4364
1511 68.4364
1512 68.4364
1513 68.4364
1514 68.4364
1515 68.4364
1516 68.4364
1517 68.4364
1518 68.4364
1519 68.4364
1520 68.4364
1521 68.4364
1522 68.4364
1523 68.4364
1524 68.4364
1525 68.4364
1526 68.4364
1527 68.4364
1528 68.4364
1529 68.4364
1530 68.4364
1531 68.4364
1532 68.4364
1533 68.4364
1534 68.4364
1535 68.4364
1536 68.4364
1537 68.4364
1538 68.4364
1539 68.4364
1540 68.4364
1541 68.4364
1542 68.4364
1543 68.4364
1544 68.4364
1545 68.4364
1546 68.4364
1547 68.4364
1548 68.4364
1549 68.4364
1550 68.4364
1551 68.4364
1552 68.4364
1553 68.4364
1554 68.4364
1555 68.4364
1556 68.4364
1557 68.4364
1558 68.4364
1559 68.4364
1560 68.4364
1561 68.4364
1562 68.4364
1563 68.4364
1564 68.4364
1565 68.4364
1566 68.4364
1567 68.4364
1568 68.4364
1569 68.4364
1570 68.4364
1571 68.4364
1572 68.4364
1573 68.4364
1574 68.4364
1575 68.4364
1576 68.4364
1577 68.4364
1578 68.4364
1579 68.4364
1580 68.4364
1581 68.4364
1582 68.4364
1583 68.4364
1584 68.4364
1585 68.4364
1586 68.4364
1587 68.4364
1588 68.4364
1589 68.4364
1590 68.4364
1591 68.4364
1592 68.4364
1593 68.4364
1594 68.4364
1595 68.4364
1596 68.4364
1597 68.4364
1598 68.4364
1599 68.4364
1600 68.4364
1601 68.4364
1602 68.4364
1603 68.4364
1604 68.4364
1605 68.4364
1606 68.4364
1607 68.4364
1608 68.4364
1609 68.4364
1610 68.4364
1611 68.4364
1612 68.4364
1613 68.4364
1614 68.4364
1615 68.4364
1616 68.2992
1617 68.2992
1618 68.2992
1619 68.2992
1620 68.2992
1621 68.2992
1622 68.2992
1623 68.2992
1624 68.2992
1625 68.2992
1626 68.2992
1627 68.2992
1628 68.2992
1629 68.2992
1630 68.2992
1631 68.2992
1632 68.2992
1633 68.2992
1634 68.2992
1635 68.2992
1636 68.2992
1637 68.2992
1638 68.2992
1639 68.2992
1640 68.2992
1641 68.2992
1642 68.2992
1643 68.2992
1644 68.2992
1645 68.2992
1646 68.2992
1647 68.2992
1648 68.2992
1649 68.2992
1650 68.2992
1651 68.2992
1652 67.9117
1653 67.9117
1654 67.9117
1655 67.9117
1656 67.9117
1657 67.9117
1658 67.9117
1659 67.9117
1660 67.9117
1661 67.9117
1662 67.9117
1663 67.9117
1664 67.9117
1665 67.9117
1666 67.9117
1667 67.9117
1668 67.9117
1669 67.9117
1670 67.9117
1671 67.9117
1672 67.9117
1673 67.9117
1674 67.9117
1675 67.9117
1676 67.9117
1677 67.9117
1678 67.9117
1679 67.9117
1680 67.9117
1681 67.9117
1682 67.9117
1683 67.9117
1684 67.9117
1685 67.9117
1686 67.9117
1687 67.9117
1688 67.9117
1689 67.9117
1690 67.9117
1691 67.9117
1692 67.9117
1693 67.9117
1694 67.9117
1695 67.9117
1696 67.9117
1697 67.9117
1698 67.9117
1699 67.9117
1700 67.9117
1701 67.9117
1702 67.9117
1703 67.9117
1704 67.9117
1705 67.9117
1706 67.9117
1707 67.9117
1708 67.9117
1709 67.9117
1710 67.9117
1711 67.9117
1712 67.9117
1713 67.9117
1714 67.9117
1715 67.9117
1716 67.9117
1717 67.9117
1718 67.9117
1719 67.9117
1720 67.9117
1721 67.9117
1722 67.9117
1723 67.9117
1724 67.9117
1725 67.9117
1726 67.9117
1727 67.9117
1728 67.9117
1729 67.9117
1730 67.9117
1731 67.9117
1732 67.9117
1733 67.9117
1734 67.9117
1735 67.9117
1736 67.9117
1737 67.9117
1738 67.9117
1739 67.9117
1740 67.9117
1741 67.9117
1742 67.9117
1743 67.9117
1744 67.9117
1745 67.9117
1746 67.9117
1747 67.9117
1748 67.9117
1749 67.9117
1750 67.9117
1751 67.9117
1752 67.9117
1753 67.9117
1754 67.9117
1755 67.9117
1756 67.9117
1757 67.9117
1758 67.9117
1759 67.9117
1760 67.9117
1761 67.9117
1762 67.9117
1763 67.9117
1764 67.9117
1765 67.9117
1766 67.9117
1767 67.9117
1768 67.9117
1769 67.9117
1770 67.9117
1771 67.9117
1772 67.9117
1773 67.9117
1774 67.9117
1775 67.9117
1776 67.9117
1777 67.9117
1778 67.9117
1779 67.9117
1780 67.9117
1781 67.9117
1782 67.9117
1783 67.9117
1784 67.9117
1785 67.9117
1786 67.9117
1787 67.9117
1788 67.9117
1789 67.9117
1790 67.9117
1791 67.9117
1792 67.9117
1793 67.9117
1794 67.9117
1795 67.9117
1796 67.9117
1797 67.9117
1798 67.9117
1799 67.9117
1800 67.9117
1801 67.9117
1802 67.9117
1803 67.9117
1804 67.9117
1805 67.9117
1806 67.9117
1807 67.9117
1808 67.9117
1809 67.9117
1810 67.9117
1811 67.9117
1812 67.9117
1813 67.9117
1814 67.9117
1815 67.9117
1816 67.9117
1817 67.9117
1818 67.9117
1819 67.9117
1820 67.9117
1821 67.9117
1822 67.9117
1823 67.9117
1824 67.9117
1825 67.9117
1826 67.9117
1827 67.9117
1828 67.9117
1829 67.9117
1830 67.9117
1831 67.9117
1832 67.9117
1833 67.9117
1834 67.9117
1835 67.9117
1836 67.9117
1837 67.9117
1838 67.9117
1839 67.9117
1840 67.9117
1841 67.9117
1842 67.9117
1843 67.9117
1844 67.9117
1845 67.9117
1846 67.9117
1847 67.9117
1848 67.9117
1849 67.9117
1850 67.9117
1851 67.7399
1852 67.7399
1853 67.7399
1854 67.7399
1855 67.7399
1856 67.7399
1857 67.7399
1858 67.7399
1859 67.7399
1860 67.7399
1861 67.7399
1862 67.7399
1863 67.7399
1864 67.7399
1865 67.7399
1866 67.7399
1867 67.7399
1868 67.7399
1869 67.7399
1870 67.7399
1871 67.7399
1872 67.7399
1873 67.7399
1874 67.7399
1875 67.7399
1876 67.7399
1877 67.7399
1878 67.7399
1879 67.7399
1880 67.7399
1881 67.7399
1882 67.7399
1883 67.7399
1884 67.7399
1885 67.7399
1886 67.7399
1887 67.7399
1888 67.7399
1889 67.7399
1890 67.7399
1891 67.7399
1892 67.7399
1893 67.7399
1894 67.7399
1895 67.7399
1896 67.7399
1897 67.7399
1898 67.7399
1899 67.7399
1900 67.7399
1901 67.7399
1902 67.7399
1903 67.7399
1904 67.7399
1905 67.7399
1906 67.7399
1907 67.7399
1908 67.7399
1909 67.7399
1910 67.7399
1911 67.7399
1912 67.7399
1913 67.7399
1914 67.7399
1915 67.7399
1916 67.7399
1917 67.7399
1918 67.7399
1919 67.7399
1920 67.7399
1921 67.7399
1922 67.7399
1923 67.7399
1924 67.7399
1925 67.7399
1926 67.7399
1927 67.7399
1928 67.7399
1929 67.7399
1930 67.7399
1931 67.7399
1932 67.7399
1933 67.7399
1934 67.7399
1935 67.7399
1936 67.7399
1937 67.7399
1938 67.7399
1939 67.7399
1940 67.7399
1941 67.7399
1942 67.7399
1943 67.7399
1944 67.7399
1945 67.7399
1946 67.7399
1947 67.7399
1948 67.7399
1949 67.7399
1950 67.7399
1951 67.7399
1952 67.7399
1953 67.7399
1954 67.7399
1955 67.7399
1956 67.7399
1957 67.7399
1958 67.7399
1959 67.7399
1960 67.7399
1961 67.7399
1962 67.7399
1963 67.7399
1964 67.7399
1965 67.7399
1966 67.7399
1967 67.7399
1968 67.7399
1969 67.7399
1970 67.7399
1971 67.7399
1972 67.7399
1973 67.7399
1974 67.7399
1975 67.7399
1976 67.7399
1977 67.7399
1978 67.7399
1979 67.7399
1980 67.7399
1981 67.7399
1982 67.7399
1983 67.7399
1984 67.7399
1985 67.7399
1986 67.7399
1987 67.7399
1988 67.7399
1989 67.7399
1990 67.7399
1991 67.7399
1992 67.7399
1993 67.7399
1994 67.7399
1995 67.7399
1996 67.7399
1997 67.7399
1998 67.7399
1999 67.7399
2000 67.7399
2001 67.7399
2002 67.7399
2003 67.7399
2004 67.7399
2005 67.7399
2006 67.7399
2007 67.7399
2008 67.7399
2009 67.7399
2010 67.7399
2011 67.7399
2012 67.7399
2013 67.7399
2014 67.7399
2015 67.7399
2016 67.7399
2017 67.7399
2018 67.7399
2019 67.7399
2020 67.7399
2021 67.7399
2022 67.7399
2023 67.7399
2024 67.7399
2025 67.7399
2026 67.7399
2027 67.7399
2028 67.7399
2029 67.7399
2030 67.7399
2031 67.7399
2032 67.7399
2033 67.7399
2034 67.7399
2035 67.7399
2036 67.7399
2037 67.7399
2038 67.7399
2039 67.7399
2040 67.7399
2041 67.7399
2042 67.7399
2043 67.7399
2044 67.7399
2045 67.7399
2046 67.7399
2047 67.7399
2048 67.7399
2049 67.7399
2050 67.7399
2051 67.7399
2052 67.7399
2053 67.7399
2054 67.7399
2055 67.7399
2056 67.7399
2057 67.7399
2058 67.7399
2059 67.7399
2060 67.7399
2061 67.7399
2062 67.7399
2063 67.7399
2064 67.7399
2065 67.7399
2066 67.7399
2067 67.7399
2068 67.7399
2069 67.7399
2070 67.7399
2071 67.7399
2072 67.7399
2073 67.7399
2074 67.7399
2075 67.7399
2076 67.7399
2077 67.7399
2078 67.7399
2079 67.7399
2080 67.7399
2081 67.7399
2082 67.7399
2083 67.7399
2084 67.7399
2085 67.7399
2086 67.7399
2087 67.7399
2088 67.7399
2089 67.7399
2090 67.7399
2091 67.7399
2092 67.7399
2093 67.7399
2094 67.7399
2095 67.7399
2096 67.7399
2097 67.7399
2098 67.7399
2099 67.7399
2100 67.7399
2101 67.7399
2102 67.7399
2103 67.7399
2104 67.7399
2105 67.7399
2106 67.7399
2107 67.7399
2108 67.7399
2109 67.7399
2110 67.7399
2111 67.7399
2112 67.7399
2113 67.7399
2114 67.7399
2115 67.7399
2116 67.7399
2117 67.7399
2118 67.7399
2119 67.7399
2120 67.7399
2121 67.7399
2122 67.7399
2123 67.7399
2124 67.7399
2125 67.7399
2126 67.7399
2127 67.7399
2128 67.7399
2129 67.7399
2130 67.7399
2131 67.7399
2132 67.7399
2133 67.7399
2134 67.7399
2135 67.7399
2136 67.7399
2137 67.7399
2138 67.7399
2139 67.7399
2140 67.7399
2141 67.7399
2142 67.7399
2143 67.7399
2144 67.7399
2145 67.7399
2146 67.7399
2147 67.7399
2148 67.7399
2149 67.7399
2150 67.7399
2151 67.7399
2152 67.7399
2153 67.7399
2154 67.7399
2155 67.7399
2156 67.7399
2157 67.7399
2158 67.7399
2159 67.7399
2160 67.7399
2161 67.7399
2162 67.7399
2163 67.7399
2164 67.7399
2165 67.7399
2166 67.7399
2167 67.7399
2168 67.7399
2169 67.7399
2170 67.7399
2171 67.7399
2172 67.7399
2173 67.7399
2174 67.7399
2175 67.7399
2176 67.7399
2177 67.7399
2178 67.7399
2179 67.7399
2180 67.7399
2181 67.7399
2182 67.7399
2183 67.7399
2184 67.7399
2185 67.7399
2186 67.7399
2187 67.7399
2188 67.7399
2189 67.7399
2190 67.7399
2191 67.7399
2192 67.7399
2193 67.7399
2194 67.7399
2195 67.7399
2196 67.7399
2197 67.7399
2198 67.7399
2199 67.7399
2200 67.7399
2201 67.7399
2202 67.7399
2203 67.7399
2204 67.7399
2205 67.7399
2206 67.7399
2207 67.7399
2208 67.7399
2209 67.7399
2210 67.7399
2211 67.7399
2212 67.7399
2213 67.7399
2214 67.7399
2215 67.7399
2216 67.7399
2217 67.7399
2218 67.7399
2219 67.7399
2220 67.7399
2221 67.7399
2222 67.7399
2223 67.7399
2224 67.7399
2225 67.7399
2226 67.7399
2227 67.7399
2228 67.7399
2229 67.7399
2230 67.7399
2231 67.7399
2232 67.7399
2233 67.7399
2234 67.7399
2235 67.7399
2236 67.7399
2237 67.7399
2238 67.7399
2239 67.7399
2240 67.7399
2241 67.7399
2242 67.7399
2243 67.7399
2244 67.7399
2245 67.7399
2246 67.7399
2247 67.7399
2248 67.7399
2249 67.7399
2250 67.7399
2251 67.7399
2252 67.7399
2253 67.7399
2254 67.7399
2255 67.7399
2256 67.7399
2257 67.7399
2258 67.7399
2259 67.7399
2260 67.7399
2261 67.7399
2262 67.7399
2263 67.7399
2264 67.7399
2265 67.7399
2266 67.7399
2267 67.7399
2268 67.7399
2269 67.7399
2270 67.7399
2271 67.7399
2272 67.7399
2273 67.7399
2274 67.7399
2275 67.7399
2276 67.7399
2277 67.7399
2278 67.7399
2279 67.7399
2280 67.7399
2281 67.7399
2282 67.7399
2283 67.7399
2284 67.7399
2285 67.7399
2286 67.7399
2287 67.7399
2288 67.7399
2289 67.7399
2290 67.7399
2291 67.7399
2292 67.7399
2293 67.7399
2294 67.7399
2295 67.7399
2296 67.7399
2297 67.7399
2298 67.7399
2299 67.7399
2300 67.7399
2301 67.7399
2302 67.7399
2303 67.7399
2304 67.7399
2305 67.7399
2306 67.7399
2307 67.7399
2308 67.7399
2309 67.7399
2310 67.7399
2311 67.7399
2312 67.7399
2313 67.7399
2314 67.7399
2315 67.7399
2316 67.7399
2317 67.7399
2318 67.7399
2319 67.7399
2320 67.7399
2321 67.7399
2322 67.7399
2323 67.7399
2324 67.7399
2325 67.7399
2326 67.7399
2327 67.7399
2328 67.7399
2329 67.7399
2330 67.7399
2331 67.7399
2332 67.7399
2333 67.7399
2334 67.7399
2335 67.7399
2336 67.7399
2337 67.7399
2338 67.7399
2339 67.7399
2340 67.7399
2341 67.7399
2342 67.7399
2343 67.7399
2344 67.7399
2345 67.7399
2346 67.7399
2347 67.7399
2348 67.7399
2349 67.7399
2350 67.7399
2351 67.7399
2352 67.7399
2353 67.7399
2354 67.7399
2355 67.7399
2356 67.7399
2357 67.7399
2358 67.7399
2359 67.7399
2360 67.7399
2361 67.7399
2362 67.7399
2363 67.7399
2364 67.7399
2365 67.7399
2366 67.7399
2367 67.7399
2368 67.7399
2369 67.7399
2370 67.7399
2371 67.7399
2372 67.7399
2373 67.7399
2374 67.7399
2375 67.7399
2376 67.7399
2377 67.7399
2378 67.7399
2379 67.7399
2380 67.7399
2381 67.7399
2382 67.7399
2383 67.7399
2384 67.7399
2385 67.7399
2386 67.7399
2387 67.7399
2388 67.7399
2389 67.7399
2390 67.7399
2391 67.7399
2392 67.7399
2393 67.7399
2394 67.7399
2395 67.7399
2396 67.7399
2397 67.7399
2398 67.7399
2399 67.7399
2400 67.7399
2401 67.7399
2402 67.7399
2403 67.7399
2404 67.7399
2405 67.7399
2406 67.7399
2407 67.7399
2408 67.7399
2409 67.7399
2410 67.7399
2411 67.7399
2412 67.7399
2413 67.7399
2414 67.7399
2415 67.7399
2416 67.7399
2417 67.7399
2418 67.7399
2419 67.7399
2420 67.7399
2421 67.7399
2422 67.7399
2423 67.7399
2424 67.7399
2425 67.7399
2426 67.7399
2427 67.7399
2428 67.7399
2429 67.7399
2430 67.7399
2431 67.7399
2432 67.7399
2433 67.7399
2434 67.7399
2435 67.7399
2436 67.7399
2437 67.7399
2438 67.7399
2439 67.7399
2440 67.7399
2441 67.7399
2442 67.7399
2443 67.7399
2444 67.7399
2445 67.7399
2446 67.7399
2447 67.7399
2448 67.7399
2449 67.7399
2450 67.7399
2451 67.7399
2452 67.7399
2453 67.7399
2454 67.7399
2455 67.7399
2456 67.7399
2457 67.7399
2458 67.7399
2459 67.7399
2460 67.7399
2461 67.7399
2462 67.7399
2463 67.7399
2464 67.7399
2465 67.7399
2466 67.7399
2467 67.7399
2468 67.7399
2469 67.7399
2470 67.7399
2471 67.7399
2472 67.7399
2473 67.7399
2474 67.7399
2475 67.7399
2476 67.7399
2477 67.7399
2478 67.7399
2479 67.7399
2480 67.7399
2481 67.7399
2482 67.7399
2483 67.7399
2484 67.7399
2485 67.7399
2486 67.7399
2487 67.7399
2488 67.7399
2489 67.7399
2490 67.7399
2491 67.7399
2492 67.7399
2493 67.7399
2494 67.7399
2495 67.7399
2496 67.7399
2497 67.7399
2498 67.7399
2499 67.7399
2500 67.7399
2501 67.7399
2502 67.7399
2503 67.7399
2504 67.7399
2505 67.7399
2506 67.7399
2507 67.7399
2508 67.7399
2509 67.7399
2510 67.7399
2511 67.7399
2512 67.7399
2513 67.7399
2514 67.7399
2515 67.7399
2516 67.7399
2517 67.7399
2518 67.7399
2519 67.7399
2520 67.7399
2521 67.7399
2522 67.7399
2523 67.7399
2524 67.7399
2525 67.7399
2526 67.7399
2527 67.7399
2528 67.7399
2529 67.7399
2530 67.7399
2531 67.7399
2532 67.7399
2533 67.7399
2534 67.7399
2535 67.7399
2536 67.7399
2537 67.7399
2538 67.7399
2539 67.7399
2540 67.7399
2541 67.7399
2542 67.7399
2543 67.7399
2544 67.7399
2545 67.7399
2546 67.7399
2547 67.7399
2548 67.7399
2549 67.7399
2550 67.7399
2551 67.432
2552 67.432
2553 67.432
2554 67.432
2555 67.432
2556 67.432
2557 67.432
2558 67.432
2559 67.432
2560 67.432
2561 67.432
2562 67.432
2563 67.432
2564 67.432
2565 67.432
2566 67.432
2567 67.432
2568 67.432
2569 67.432
2570 67.432
2571 67.432
2572 67.432
2573 67.432
2574 67.432
2575 67.432
2576 67.432
2577 67.432
2578 67.432
2579 67.432
2580 67.432
2581 67.432
2582 67.432
2583 67.432
2584 67.432
2585 67.432
2586 67.432
2587 67.432
2588 67.432
2589 67.432
2590 67.432
2591 67.432
2592 67.432
2593 67.432
2594 67.432
2595 67.432
2596 67.432
2597 67.432
2598 67.432
2599 67.432
2600 67.432
2601 67.432
2602 67.432
2603 67.432
2604 67.432
2605 67.432
2606 67.432
2607 67.432
2608 67.432
2609 67.432
2610 67.432
2611 67.432
2612 67.432
2613 67.432
2614 67.432
2615 67.432
2616 67.432
2617 67.432
2618 67.432
2619 67.432
2620 67.432
2621 67.432
2622 67.432
2623 67.432
2624 67.432
2625 67.432
2626 67.432
2627 67.432
2628 67.432
2629 67.432
2630 67.432
2631 67.432
2632 67.432
2633 67.432
2634 67.432
2635 67.432
2636 67.432
2637 67.432
2638 67.432
2639 67.432
2640 67.432
2641 67.432
2642 67.432
2643 67.432
2644 67.432
2645 67.432
2646 67.432
2647 67.432
2648 67.432
2649 67.432
2650 67.432
2651 67.432
2652 67.432
2653 67.432
2654 67.432
2655 67.432
2656 67.432
2657 67.432
2658 67.432
2659 67.432
2660 67.432
2661 67.432
2662 67.432
2663 67.432
2664 67.432
2665 67.432
2666 67.432
2667 67.432
2668 67.432
2669 67.432
2670 67.432
2671 67.432
2672 67.432
2673 67.432
2674 67.432
2675 67.432
2676 67.432
2677 67.432
2678 67.432
2679 67.432
2680 67.432
2681 67.432
2682 67.432
2683 67.432
2684 67.432
2685 67.432
2686 67.432
2687 67.432
2688 67.432
2689 67.432
2690 67.432
2691 67.432
2692 67.432
2693 67.432
2694 67.432
2695 67.432
2696 67.432
2697 67.432
2698 67.432
2699 67.432
2700 67.432
2701 67.432
2702 67.432
2703 67.432
2704 67.432
2705 67.432
2706 67.432
2707 67.432
2708 67.432
2709 67.432
2710 67.432
2711 67.432
2712 67.432
2713 67.432
2714 67.432
2715 67.432
2716 67.432
2717 67.432
2718 67.432
2719 67.432
2720 67.432
2721 67.432
2722 67.432
2723 67.432
2724 67.432
2725 67.432
2726 67.432
2727 67.432
2728 67.432
2729 67.432
2730 67.432
2731 67.432
2732 67.432
2733 67.432
2734 67.432
2735 67.432
2736 67.432
2737 67.432
2738 67.432
2739 67.432
2740 67.432
2741 67.432
2742 67.432
2743 67.432
2744 67.432
2745 67.432
2746 67.432
2747 67.432
2748 67.432
2749 67.432
2750 67.432
2751 67.432
2752 67.432
2753 67.432
2754 67.432
2755 67.432
2756 67.432
2757 67.432
2758 67.432
2759 67.432
2760 67.432
2761 67.432
2762 67.432
2763 67.432
2764 67.432
2765 67.432
2766 67.432
2767 67.432
2768 67.432
2769 67.432
2770 67.432
2771 67.432
2772 67.432
2773 67.432
2774 67.432
2775 67.432
2776 67.432
2777 67.432
2778 67.432
2779 67.432
2780 67.432
2781 67.432
2782 67.432
2783 67.432
2784 67.432
2785 67.432
2786 67.432
2787 67.432
2788 67.432
2789 67.432
2790 67.432
2791 67.432
2792 67.432
2793 67.432
2794 67.432
2795 67.432
2796 67.432
2797 67.432
2798 67.432
2799 67.432
2800 67.432
2801 67.432
2802 67.432
2803 67.432
2804 67.432
2805 67.432
2806 67.432
2807 67.432
2808 67.432
2809 67.432
2810 67.432
2811 67.432
2812 67.432
2813 67.432
2814 67.432
2815 67.432
2816 67.432
2817 67.432
2818 67.432
2819 67.432
2820 67.432
2821 67.432
2822 67.432
2823 67.432
2824 67.432
2825 67.432
2826 67.432
2827 67.432
2828 67.432
2829 67.432
2830 67.432
2831 67.432
2832 67.432
2833 67.432
2834 67.432
2835 67.432
2836 67.432
2837 67.432
2838 67.432
2839 67.432
2840 67.432
2841 67.432
2842 67.432
2843 67.432
2844 67.432
2845 67.432
2846 67.432
2847 67.432
2848 67.432
2849 67.432
2850 67.432
2851 67.432
2852 67.432
2853 67.432
2854 67.432
2855 67.432
2856 67.432
2857 67.432
2858 67.432
2859 67.432
2860 67.432
2861 67.432
2862 67.432
2863 67.432
2864 67.432
2865 67.432
2866 67.432
2867 67.432
2868 67.432
2869 67.432
2870 67.432
2871 67.432
2872 67.432
2873 67.432
2874 67.432
2875 67.432
2876 67.432
2877 67.432
2878 67.432
2879 67.432
2880 67.432
2881 67.432
2882 67.432
2883 67.432
2884 67.432
2885 67.432
2886 67.432
2887 67.432
2888 67.432
2889 67.432
2890 67.432
2891 67.432
2892 67.432
2893 67.432
2894 67.432
2895 67.432
2896 67.432
2897 67.432
2898 67.432
2899 67.432
2900 67.432
2901 67.432
2902 67.432
2903 67.432
2904 67.432
2905 67.432
2906 67.432
2907 67.432
2908 67.432
2909 67.432
2910 67.432
2911 67.432
2912 67.432
2913 67.432
2914 67.432
2915 67.432
2916 67.432
2917 67.432
2918 67.432
2919 67.432
2920 67.432
2921 67.432
2922 67.432
2923 67.432
2924 67.432
2925 67.432
2926 67.432
2927 67.432
2928 67.432
2929 67.432
2930 67.432
2931 67.432
2932 67.432
2933 67.432
2934 67.432
2935 67.432
2936 67.432
2937 67.432
2938 67.432
2939 67.432
2940 67.432
2941 67.432
2942 67.432
2943 67.432
2944 67.432
2945 67.432
2946 67.432
2947 67.432
2948 67.432
2949 67.432
2950 67.432
2951 67.432
2952 67.432
2953 67.432
2954 67.432
2955 67.432
2956 67.432
2957 67.432
2958 67.432
2959 67.432
2960 67.432
2961 67.432
2962 67.432
2963 67.432
2964 67.432
2965 67.432
2966 67.432
2967 67.432
2968 67.432
2969 67.432
2970 67.432
2971 67.432
2972 67.432
2973 67.432
2974 67.432
2975 67.432
2976 67.432
2977 67.432
2978 67.432
2979 67.432
2980 67.432
2981 67.432
2982 67.432
2983 67.432
2984 67.432
2985 67.432
2986 67.432
2987 67.432
2988 67.432
2989 67.432
2990 67.432
2991 67.432
2992 67.432
2993 67.432
2994 67.432
2995 67.432
2996 67.432
2997 67.432
2998 67.432
2999 67.432
3000 67.432
3001 67.432
3002 67.432
3003 67.432
3004 67.432
3005 67.432
3006 67.432
3007 67.432
3008 67.432
3009 67.432
3010 67.432
3011 67.432
3012 67.432
3013 67.432
3014 67.432
3015 67.432
3016 67.432
3017 67.432
3018 67.432
3019 67.432
3020 67.432
3021 67.432
3022 67.432
3023 67.432
3024 67.432
3025 67.432
3026 67.432
3027 67.432
3028 67.432
3029 67.432
3030 67.432
3031 67.432
3032 67.432
3033 67.432
3034 67.432
3035 67.432
3036 67.432
3037 67.432
3038 67.432
3039 67.432
3040 67.432
3041 67.432
3042 67.432
3043 67.432
3044 67.432
3045 67.432
3046 67.432
3047 67.432
3048 67.432
3049 67.432
3050 67.432
3051 67.432
3052 67.432
3053 67.432
3054 67.432
3055 67.432
3056 67.432
3057 67.432
3058 67.432
3059 67.432
3060 67.432
3061 67.432
3062 67.432
3063 67.432
3064 67.432
3065 67.432
3066 67.432
3067 67.432
3068 67.432
3069 67.432
3070 67.432
3071 67.432
3072 67.432
3073 67.432
3074 67.432
3075 67.432
3076 67.432
3077 67.432
3078 67.432
3079 67.432
3080 67.432
3081 67.432
3082 67.432
3083 67.432
3084 67.432
3085 67.432
3086 67.432
3087 67.432
3088 67.432
3089 67.432
3090 67.432
3091 67.432
3092 67.432
3093 67.432
3094 67.432
3095 67.432
3096 67.432
3097 67.432
3098 67.432
3099 67.432
3100 67.432
3101 67.432
3102 67.432
3103 67.432
3104 67.432
3105 67.432
3106 67.432
3107 67.432
3108 67.432
3109 67.432
3110 67.432
3111 67.432
3112 67.432
3113 67.432
3114 67.432
3115 67.432
3116 67.432
3117 67.432
3118 67.432
3119 67.432
3120 67.432
3121 67.432
3122 67.432
3123 67.432
3124 67.432
3125 67.432
3126 67.432
3127 67.432
3128 67.432
3129 67.432
3130 67.432
3131 67.432
3132 67.432
3133 67.432
3134 67.432
3135 67.432
3136 67.432
3137 67.432
3138 67.432
3139 67.432
3140 67.432
3141 67.432
3142 67.432
3143 67.432
3144 67.432
3145 67.432
3146 67.432
3147 67.432
3148 67.432
3149 67.432
3150 67.432
3151 67.432
3152 67.432
3153 67.432
3154 67.432
3155 67.432
3156 67.432
3157 67.432
3158 67.432
3159 67.432
3160 67.432
3161 67.432
3162 67.432
3163 67.432
3164 67.432
3165 67.432
3166 67.432
3167 67.432
3168 67.432
3169 67.432
3170 67.432
3171 67.432
3172 67.432
3173 67.432
3174 67.432
3175 67.432
3176 67.432
3177 67.432
3178 67.432
3179 67.432
3180 67.432
3181 67.432
3182 67.432
3183 67.432
3184 67.432
3185 67.432
3186 67.432
3187 67.432
3188 67.432
3189 67.432
3190 67.432
3191 67.432
3192 67.432
3193 67.432
3194 67.432
3195 67.432
3196 67.432
3197 67.432
3198 67.432
3199 67.432
3200 67.432
3201 67.432
3202 67.432
3203 67.432
3204 67.432
3205 67.432
3206 67.432
3207 67.432
3208 67.432
3209 67.432
3210 67.432
3211 67.432
3212 67.432
3213 67.432
3214 67.432
3215 67.432
3216 67.432
3217 67.432
3218 67.432
3219 67.432
3220 67.432
3221 67.432
3222 67.432
3223 67.432
3224 67.432
3225 67.432
3226 67.432
3227 67.432
3228 67.432
3229 67.432
3230 67.432
3231 67.432
3232 67.432
3233 67.432
3234 67.432
3235 67.432
3236 67.432
3237 67.432
3238 67.432
3239 67.432
3240 67.432
3241 67.432
3242 67.432
3243 67.432
3244 67.432
3245 67.432
3246 67.432
3247 67.432
3248 67.432
3249 67.432
3250 67.432
3251 67.432
3252 67.432
3253 67.432
3254 67.432
3255 67.432
3256 67.432
3257 67.432
3258 67.432
3259 67.432
3260 67.432
3261 67.432
3262 67.432
3263 67.432
3264 67.432
3265 67.432
3266 67.432
3267 67.432
3268 67.432
3269 67.432
3270 67.432
3271 67.432
3272 67.432
3273 67.432
3274 67.432
3275 67.432
3276 67.432
3277 67.432
3278 67.432
3279 67.432
3280 67.432
3281 67.432
3282 67.432
3283 67.432
3284 67.432
3285 67.432
3286 67.432
3287 67.432
3288 67.432
3289 67.432
3290 67.432
3291 67.432
3292 67.432
3293 67.432
3294 67.432
3295 67.432
3296 67.432
3297 67.432
3298 67.432
3299 67.432
3300 67.432
3301 67.432
3302 67.432
3303 67.432
3304 67.432
3305 67.432
3306 67.432
3307 67.432
3308 67.432
3309 67.432
3310 67.432
3311 67.432
3312 67.432
3313 67.432
3314 67.432
3315 67.432
3316 67.432
3317 67.432
3318 67.432
3319 67.432
3320 67.432
3321 67.432
3322 67.432
3323 67.432
3324 67.432
3325 67.432
3326 67.432
3327 67.432
3328 67.432
3329 67.432
3330 67.432
3331 67.432
3332 67.432
3333 67.432
3334 67.432
3335 67.432
3336 67.432
3337 67.432
3338 67.432
3339 67.432
3340 67.432
3341 67.432
3342 67.432
3343 67.432
3344 67.432
3345 67.432
3346 67.432
3347 67.432
3348 67.432
3349 67.432
3350 67.432
3351 67.432
3352 67.432
3353 67.432
3354 67.432
3355 67.432
3356 67.432
3357 67.432
3358 67.432
3359 67.432
3360 67.432
3361 67.432
3362 67.432
3363 67.432
3364 67.432
3365 67.432
3366 67.432
3367 67.432
3368 67.432
3369 67.432
3370 67.432
3371 67.432
3372 67.432
3373 67.432
3374 67.432
3375 67.432
3376 67.432
3377 67.432
3378 67.432
3379 67.432
3380 67.432
3381 67.432
3382 67.432
3383 67.432
3384 67.432
3385 67.432
3386 67.432
3387 67.432
3388 67.432
3389 67.432
3390 67.432
3391 67.432
3392 67.432
3393 67.432
3394 67.432
3395 67.432
3396 67.432
3397 67.432
3398 67.432
3399 67.432
3400 67.432
3401 67.432
3402 67.432
3403 67.432
3404 67.432
3405 67.432
3406 67.432
3407 67.432
3408 67.432
3409 67.432
3410 67.432
3411 67.432
3412 67.432
3413 67.432
3414 67.432
3415 67.432
3416 67.432
3417 67.432
3418 67.432
3419 67.432
3420 67.432
3421 67.432
3422 67.432
3423 67.432
3424 67.432
3425 67.432
3426 67.432
3427 67.432
3428 67.432
3429 67.432
3430 67.432
3431 67.432
3432 67.432
3433 67.432
3434 67.432
3435 67.432
3436 67.432
3437 67.432
3438 67.432
3439 67.432
3440 67.432
3441 67.432
3442 67.432
3443 67.432
3444 67.432
3445 67.432
3446 67.432
3447 67.432
3448 67.432
3449 67.432
3450 67.432
3451 67.432
3452 67.432
3453 67.432
3454 67.432
3455 67.432
3456 67.432
3457 67.432
3458 67.432
3459 67.432
3460 67.432
3461 67.432
3462 67.432
3463 67.432
3464 67.432
3465 67.432
3466 67.432
3467 67.432
3468 67.432
3469 67.432
3470 67.432
3471 67.432
3472 67.432
3473 67.432
3474 67.432
3475 67.432
3476 67.432
3477 67.432
3478 67.432
3479 67.432
3480 67.432
3481 67.432
3482 67.432
3483 67.432
3484 67.432
3485 67.432
3486 67.432
3487 67.432
3488 67.432
3489 67.432
3490 67.432
3491 67.432
3492 67.432
3493 67.432
3494 67.432
3495 67.432
3496 67.432
3497 67.432
3498 67.432
3499 67.432
3500 67.432
3501 67.432
3502 67.432
3503 67.432
3504 67.432
3505 67.432
3506 67.432
3507 67.432
3508 67.432
3509 67.432
3510 67.432
3511 67.432
3512 67.432
3513 67.432
3514 67.432
3515 67.432
3516 67.432
3517 67.432
3518 67.432
3519 67.432
3520 67.432
3521 67.432
3522 67.432
3523 67.432
3524 67.432
3525 67.432
3526 67.432
3527 67.432
3528 67.432
3529 67.432
3530 67.432
3531 67.432
3532 67.432
3533 67.432
3534 67.432
3535 67.432
3536 67.432
3537 67.432
3538 67.432
3539 67.432
3540 67.432
3541 67.432
3542 67.432
3543 67.432
3544 67.432
3545 67.432
3546 67.432
3547 67.432
3548 67.432
3549 67.432
3550 67.432
3551 67.432
3552 67.432
3553 67.432
3554 67.432
3555 67.432
3556 67.432
3557 67.432
3558 67.432
3559 67.432
3560 67.432
3561 67.432
3562 67.432
3563 67.432
3564 67.432
3565 67.432
3566 67.432
3567 67.432
3568 67.432
3569 67.432
3570 67.432
3571 67.432
3572 67.432
3573 67.432
3574 67.432
3575 67.432
3576 67.432
3577 67.432
3578 67.432
3579 67.432
3580 67.432
3581 67.432
3582 67.432
3583 67.432
3584 67.432
3585 67.432
3586 67.432
3587 67.432
3588 67.432
3589 67.432
3590 67.432
3591 67.432
3592 67.432
3593 67.432
3594 67.432
3595 67.432
3596 67.432
3597 67.432
3598 67.432
3599 67.432
3600 67.432
3601 67.432
3602 67.432
3603 67.432
3604 67.432
3605 67.432
3606 67.432
3607 67.432
3608 67.432
3609 67.432
3610 67.432
3611 67.432
3612 67.432
3613 67.432
3614 67.432
3615 67.432
3616 67.432
3617 67.432
3618 67.432
3619 67.432
3620 67.432
3621 67.432
3622 67.432
3623 67.432
3624 67.432
3625 67.432
3626 67.432
3627 67.432
3628 67.432
3629 67.432
3630 67.432
3631 67.432
3632 67.432
3633 67.432
3634 67.432
3635 67.432
3636 67.432
3637 67.432
3638 67.432
3639 67.432
3640 67.432
3641 67.432
3642 67.432
3643 67.432
3644 67.432
3645 67.432
3646 67.432
3647 67.432
3648 67.432
3649 67.432
3650 67.432
3651 67.432
3652 67.432
3653 67.432
3654 67.432
3655 67.432
3656 67.432
3657 67.432
3658 67.432
3659 67.432
3660 67.432
3661 67.432
3662 67.432
3663 67.432
3664 67.432
3665 67.432
3666 67.432
3667 67.432
3668 67.432
3669 67.432
3670 67.432
3671 67.432
3672 67.432
3673 67.432
3674 67.432
3675 67.432
3676 67.432
3677 67.432
3678 67.432
3679 67.432
3680 67.432
3681 67.432
3682 67.432
3683 67.432
3684 67.432
3685 67.432
3686 67.432
3687 67.432
3688 67.432
3689 67.432
3690 67.432
3691 67.432
3692 67.432
3693 67.432
3694 67.432
3695 67.432
3696 67.432
3697 67.432
3698 67.432
3699 67.432
3700 67.432
3701 67.432
3702 67.432
3703 67.432
3704 67.432
3705 67.432
3706 67.432
3707 67.432
3708 67.432
3709 67.432
3710 67.432
3711 67.432
3712 67.432
3713 67.432
3714 67.432
3715 67.432
3716 67.432
3717 67.432
3718 67.432
3719 67.432
3720 67.432
3721 67.432
3722 67.432
3723 67.432
3724 67.432
3725 67.432
3726 67.432
3727 67.432
3728 67.432
3729 67.432
3730 67.432
3731 67.432
3732 67.432
3733 67.432
3734 67.432
3735 67.432
3736 67.432
3737 67.432
3738 67.432
3739 67.432
3740 67.432
3741 67.432
3742 67.432
3743 67.432
3744 67.432
3745 67.432
3746 67.432
3747 67.432
3748 67.432
3749 67.432
3750 67.432
3751 67.432
3752 67.432
3753 67.432
3754 67.432
3755 67.432
3756 67.432
3757 67.432
3758 67.432
3759 67.432
3760 67.432
3761 67.432
3762 67.432
3763 67.432
3764 67.432
3765 67.432
3766 67.432
3767 67.432
3768 67.432
3769 67.432
3770 67.432
3771 67.432
3772 67.432
3773 67.432
3774 67.432
3775 67.432
3776 67.432
3777 67.432
3778 67.432
3779 67.432
3780 67.432
3781 67.432
3782 67.432
3783 67.432
3784 67.432
3785 67.432
3786 67.432
3787 67.432
3788 67.432
3789 67.432
3790 67.432
3791 67.432
3792 67.432
3793 67.432
3794 67.432
3795 67.432
3796 67.432
3797 67.432
3798 67.432
3799 67.432
3800 67.432
3801 67.432
3802 67.432
3803 67.432
3804 67.432
3805 67.432
3806 67.432
3807 67.432
3808 67.432
3809 67.432
3810 67.432
3811 67.432
3812 67.432
3813 67.432
3814 67.432
3815 67.432
3816 67.432
3817 67.432
3818 67.432
3819 67.432
3820 67.432
3821 67.432
3822 67.432
3823 67.432
3824 67.432
3825 67.432
3826 67.432
3827 67.432
3828 67.432
3829 67.432
3830 67.432
3831 67.432
3832 67.432
3833 67.432
3834 67.432
3835 67.432
3836 67.432
3837 67.432
3838 67.432
3839 67.432
3840 67.432
3841 67.432
3842 67.432
3843 67.432
3844 67.432
3845 67.432
3846 67.432
3847 67.432
3848 67.432
3849 67.432
3850 67.432
3851 67.432
3852 67.432
3853 67.432
3854 67.432
3855 67.432
3856 67.432
3857 67.432
3858 67.432
3859 67.432
3860 67.432
3861 67.432
3862 67.432
3863 67.432
3864 67.432
3865 67.432
3866 67.432
3867 67.432
3868 67.432
3869 67.432
3870 67.432
3871 67.432
3872 67.432
3873 67.432
3874 67.432
3875 67.432
3876 67.432
3877 67.432
3878 67.432
3879 67.432
3880 67.432
3881 67.432
3882 67.432
3883 67.432
3884 67.432
3885 67.432
3886 67.432
3887 67.432
3888 67.432
3889 67.432
3890 67.432
3891 67.432
3892 67.432
3893 67.432
3894 67.432
3895 67.432
3896 67.432
3897 67.432
3898 67.432
3899 67.432
3900 67.432
3901 67.432
3902 67.432
3903 67.432
3904 67.432
3905 67.432
3906 67.432
3907 67.432
3908 67.432
3909 67.432
3910 67.432
3911 67.432
3912 67.432
3913 67.432
3914 67.432
3915 67.432
3916 67.432
3917 67.432
3918 67.432
3919 67.432
3920 67.432
3921 67.432
3922 67.432
3923 67.432
3924 67.432
3925 67.432
3926 67.432
3927 67.432
3928 67.432
3929 67.432
3930 67.432
3931 67.432
3932 67.432
3933 67.432
3934 67.432
3935 67.432
3936 67.432
3937 67.432
3938 67.432
3939 67.432
3940 67.432
3941 67.432
3942 67.432
3943 67.432
3944 67.432
3945 67.432
3946 67.432
3947 67.432
3948 67.432
3949 67.432
3950 67.432
3951 67.432
3952 67.432
3953 67.432
3954 67.432
3955 67.432
3956 67.432
3957 67.432
3958 67.432
3959 67.432
3960 67.432
3961 67.432
3962 67.432
3963 67.432
3964 67.432
3965 67.432
3966 67.432
3967 67.432
3968 67.432
3969 67.432
3970 67.432
3971 67.432
3972 67.432
3973 67.432
3974 67.432
3975 67.432
3976 67.432
3977 67.432
3978 67.432
3979 67.432
3980 67.432
3981 67.432
3982 67.432
3983 67.432
3984 67.432
3985 67.432
3986 67.432
3987 67.432
3988 67.432
3989 67.432
3990 67.432
3991 67.432
3992 67.432
3993 67.432
3994 67.432
3995 67.432
3996 67.432
3997 67.432
3998 67.432
3999 67.432
4000 67.432
4001 67.432
4002 67.432
4003 67.432
4004 67.432
4005 67.432
4006 67.432
4007 67.432
4008 67.432
4009 67.432
4010 67.432
4011 67.432
4012 67.432
4013 67.432
4014 67.432
4015 67.432
4016 67.432
4017 67.432
4018 67.432
4019 67.432
4020 67.432
4021 67.432
4022 67.432
4023 67.432
4024 67.432
4025 67.432
4026 67.432
4027 67.432
4028 67.432
4029 67.432
4030 67.432
4031 67.432
4032 67.432
4033 67.432
4034 67.432
4035 67.432
4036 67.432
4037 67.432
4038 67.432
4039 67.432
4040 67.432
4041 67.432
4042 67.432
4043 67.432
4044 67.432
4045 67.432
4046 67.432
4047 67.432
4048 67.432
4049 67.432
4050 67.432
4051 67.432
4052 67.432
4053 67.432
4054 67.432
4055 67.432
4056 67.432
4057 67.432
4058 67.432
4059 67.432
4060 67.432
4061 67.432
4062 67.432
4063 67.432
4064 67.432
4065 67.432
4066 67.432
4067 67.432
4068 67.432
4069 67.432
4070 67.432
4071 67.432
4072 67.432
4073 67.432
4074 67.432
4075 67.432
4076 67.432
4077 67.432
4078 67.432
4079 67.432
4080 67.432
4081 67.432
4082 67.432
4083 67.432
4084 67.432
4085 67.432
4086 67.432
4087 67.432
4088 67.432
4089 67.432
4090 67.432
4091 67.432
4092 67.432
4093 67.432
4094 67.432
4095 67.432
4096 67.432
4097 67.432
4098 67.432
4099 67.432
4100 67.432
4101 67.432
4102 67.432
4103 67.432
4104 67.432
4105 67.432
4106 67.432
4107 67.432
4108 67.432
4109 67.432
4110 67.432
4111 67.432
4112 67.432
4113 67.432
4114 67.432
4115 67.432
4116 67.432
4117 67.432
4118 67.432
4119 67.432
4120 67.432
4121 67.432
4122 67.432
4123 67.432
4124 67.432
4125 67.432
4126 67.432
4127 67.432
4128 67.432
4129 67.432
4130 67.432
4131 67.432
4132 67.432
4133 67.432
4134 67.432
4135 67.432
4136 67.432
4137 67.432
4138 67.432
4139 67.432
4140 67.432
4141 67.432
4142 67.432
4143 67.432
4144 67.432
4145 67.432
4146 67.432
4147 67.432
4148 67.432
4149 67.432
4150 67.432
4151 67.432
4152 67.432
4153 67.432
4154 67.432
4155 67.432
4156 67.432
4157 67.432
4158 67.432
4159 67.432
4160 67.432
4161 67.432
4162 67.432
4163 67.432
4164 67.432
4165 67.432
4166 67.432
4167 67.432
4168 67.432
4169 67.432
4170 67.432
4171 67.432
4172 67.432
4173 67.432
4174 67.432
4175 67.432
4176 67.432
4177 67.432
4178 67.432
4179 67.432
4180 67.432
4181 67.432
4182 67.432
4183 67.432
4184 67.432
4185 67.432
4186 67.432
4187 67.432
4188 67.432
4189 67.432
4190 67.432
4191 67.432
4192 67.432
4193 67.432
4194 67.432
4195 67.432
4196 67.432
4197 67.432
4198 67.432
4199 67.432
4200 67.432
4201 67.432
4202 67.432
4203 67.432
4204 67.432
4205 67.432
4206 67.432
4207 67.432
4208 67.432
4209 67.432
4210 67.432
4211 67.432
4212 67.432
4213 67.432
4214 67.432
4215 67.432
4216 67.432
4217 67.432
4218 67.432
4219 67.432
4220 67.432
4221 67.432
4222 67.432
4223 67.432
4224 67.432
4225 67.432
4226 67.432
4227 67.432
4228 67.432
4229 67.432
4230 67.432
4231 67.432
4232 67.432
4233 67.432
4234 67.432
4235 67.432
4236 67.432
4237 67.432
4238 67.432
4239 67.432
4240 67.432
4241 67.432
4242 67.432
4243 67.432
4244 67.432
4245 67.432
4246 67.432
4247 67.432
4248 67.432
4249 67.432
4250 67.432
4251 67.432
4252 67.432
4253 67.432
4254 67.432
4255 67.432
4256 67.432
4257 67.432
4258 67.432
4259 67.432
4260 67.432
4261 67.432
4262 67.432
4263 67.432
4264 67.432
4265 67.432
4266 67.432
4267 67.432
4268 67.432
4269 67.432
4270 67.432
4271 67.432
4272 67.432
4273 67.432
4274 67.432
4275 67.432
4276 67.432
4277 67.432
4278 67.432
4279 67.432
4280 67.432
4281 67.432
4282 67.432
4283 67.432
4284 67.432
4285 67.432
4286 67.432
4287 67.432
4288 67.432
4289 67.432
4290 67.432
4291 67.432
4292 67.432
4293 67.432
4294 67.432
4295 67.432
4296 67.432
4297 67.432
4298 67.432
4299 67.432
4300 67.432
4301 67.432
4302 67.432
4303 67.432
4304 67.432
4305 67.432
4306 67.432
4307 67.432
4308 67.432
4309 67.432
4310 67.432
4311 67.432
4312 67.432
4313 67.432
4314 67.432
4315 67.432
4316 67.432
4317 67.432
4318 67.432
4319 67.432
4320 67.432
4321 67.432
4322 67.432
4323 67.432
4324 67.432
4325 67.432
4326 67.432
4327 67.432
4328 67.432
4329 67.432
4330 67.432
4331 67.432
4332 67.432
4333 67.432
4334 67.432
4335 67.432
4336 67.432
4337 67.432
4338 67.432
4339 67.432
4340 67.432
4341 67.432
4342 67.432
4343 67.432
4344 67.432
4345 67.432
4346 67.432
4347 67.432
4348 67.432
4349 67.432
4350 67.432
4351 66.89
4352 66.89
4353 66.89
4354 66.89
4355 66.89
4356 66.89
4357 66.89
4358 66.89
4359 66.89
4360 66.89
4361 66.89
4362 66.89
4363 66.89
4364 66.89
4365 66.89
4366 66.89
4367 66.89
4368 66.89
4369 66.89
4370 66.89
4371 66.89
4372 66.89
4373 66.89
4374 66.89
4375 66.89
4376 66.89
4377 66.89
4378 66.89
4379 66.89
4380 66.89
4381 66.89
4382 66.89
4383 66.89
4384 66.89
4385 66.89
4386 66.89
4387 66.89
4388 66.89
4389 66.89
4390 66.89
4391 66.89
4392 66.89
4393 66.89
4394 66.89
4395 66.89
4396 66.89
4397 66.89
4398 66.89
4399 66.89
4400 66.89
4401 66.89
4402 66.89
4403 66.89
4404 66.89
4405 66.89
4406 66.89
4407 66.89
4408 66.89
4409 66.89
4410 66.89
4411 66.89
4412 66.89
4413 66.89
4414 66.89
4415 66.89
4416 66.89
4417 66.89
4418 66.89
4419 66.89
4420 66.89
4421 66.89
4422 66.89
4423 66.89
4424 66.89
4425 66.89
4426 66.89
4427 66.89
4428 66.89
4429 66.89
4430 66.89
4431 66.89
4432 66.89
4433 66.89
4434 66.89
4435 66.89
4436 66.89
4437 66.89
4438 66.89
4439 66.89
4440 66.89
4441 66.89
4442 66.89
4443 66.89
4444 66.89
4445 66.89
4446 66.89
4447 66.89
4448 66.89
4449 66.89
4450 66.89
4451 66.89
4452 66.89
4453 66.89
4454 66.89
4455 66.89
4456 66.89
4457 66.89
4458 66.89
4459 66.89
4460 66.89
4461 66.89
4462 66.89
4463 66.89
4464 66.89
4465 66.89
4466 66.89
4467 66.89
4468 66.89
4469 66.89
4470 66.89
4471 66.89
4472 66.89
4473 66.89
4474 66.89
4475 66.89
4476 66.89
4477 66.89
4478 66.89
4479 66.89
4480 66.89
4481 66.89
4482 66.89
4483 66.89
4484 66.89
4485 66.89
4486 66.89
4487 66.89
4488 66.89
4489 66.89
4490 66.89
4491 66.89
4492 66.89
4493 66.89
4494 66.89
4495 66.89
4496 66.89
4497 66.89
4498 66.89
4499 66.89
4500 66.89
4501 66.89
4502 66.89
4503 66.89
4504 66.89
4505 66.89
4506 66.89
4507 66.89
4508 66.89
4509 66.89
4510 66.89
4511 66.89
4512 66.89
4513 66.89
4514 66.89
4515 66.89
4516 66.89
4517 66.89
4518 66.89
4519 66.89
4520 66.89
4521 66.89
4522 66.89
4523 66.89
4524 66.89
4525 66.89
4526 66.89
4527 66.89
4528 66.89
4529 66.89
4530 66.89
4531 66.89
4532 66.89
4533 66.89
4534 66.89
4535 66.89
4536 66.89
4537 66.89
4538 66.89
4539 66.89
4540 66.89
4541 66.89
4542 66.89
4543 66.89
4544 66.89
4545 66.89
4546 66.89
4547 66.89
4548 66.89
4549 66.89
4550 66.89
4551 66.89
4552 66.89
4553 66.89
4554 66.89
4555 66.89
4556 66.89
4557 66.89
4558 66.89
4559 66.89
4560 66.89
4561 66.89
4562 66.89
4563 66.89
4564 66.89
4565 66.89
4566 66.89
4567 66.89
4568 66.89
4569 66.89
4570 66.89
4571 66.89
4572 66.89
4573 66.89
4574 66.89
4575 66.89
4576 66.89
4577 66.89
4578 66.89
4579 66.89
4580 66.89
4581 66.89
4582 66.89
4583 66.89
4584 66.89
4585 66.89
4586 66.89
4587 66.89
4588 66.89
4589 66.89
4590 66.89
4591 66.89
4592 66.89
4593 66.89
4594 66.89
4595 66.89
4596 66.89
4597 66.89
4598 66.89
4599 66.89
4600 66.89
4601 66.89
4602 66.89
4603 66.89
4604 66.89
4605 66.89
4606 66.89
4607 66.89
4608 66.89
4609 66.89
4610 66.89
4611 66.89
4612 66.89
4613 66.89
4614 66.89
4615 66.89
4616 66.89
4617 66.89
4618 66.89
4619 66.89
4620 66.89
4621 66.89
4622 66.89
4623 66.89
4624 66.89
4625 66.89
4626 66.89
4627 66.89
4628 66.89
4629 66.89
4630 66.89
4631 66.89
4632 66.89
4633 66.89
4634 66.89
4635 66.89
4636 66.89
4637 66.89
4638 66.89
4639 66.89
4640 66.89
4641 66.89
4642 66.89
4643 66.89
4644 66.89
4645 66.89
4646 66.89
4647 66.89
4648 66.89
4649 66.89
4650 66.89
4651 66.89
4652 66.89
4653 66.89
4654 66.89
4655 66.89
4656 66.89
4657 66.89
4658 66.89
4659 66.89
4660 66.89
4661 66.89
4662 66.89
4663 66.89
4664 66.89
4665 66.89
4666 66.89
4667 66.89
4668 66.89
4669 66.89
4670 66.89
4671 66.89
4672 66.89
4673 66.89
4674 66.89
4675 66.89
4676 66.89
4677 66.89
4678 66.89
4679 66.89
4680 66.89
4681 66.89
4682 66.89
4683 66.89
4684 66.89
4685 66.89
4686 66.89
4687 66.89
4688 66.89
4689 66.89
4690 66.89
4691 66.89
4692 66.89
4693 66.89
4694 66.89
4695 66.89
4696 66.89
4697 66.89
4698 66.89
4699 66.89
4700 66.89
4701 66.89
4702 66.89
4703 66.89
4704 66.89
4705 66.89
4706 66.89
4707 66.89
4708 66.89
4709 66.89
4710 66.89
4711 66.89
4712 66.89
4713 66.89
4714 66.89
4715 66.89
4716 66.89
4717 66.89
4718 66.89
4719 66.89
4720 66.89
4721 66.89
4722 66.89
4723 66.89
4724 66.89
4725 66.89
4726 66.89
4727 66.89
4728 66.89
4729 66.89
4730 66.89
4731 66.89
4732 66.89
4733 66.89
4734 66.89
4735 66.89
4736 66.89
4737 66.89
4738 66.89
4739 66.89
4740 66.89
4741 66.89
4742 66.89
4743 66.89
4744 66.89
4745 66.89
4746 66.89
4747 66.89
4748 66.89
4749 66.89
4750 66.89
4751 66.89
4752 66.89
4753 66.89
4754 66.89
4755 66.89
4756 66.89
4757 66.89
4758 66.89
4759 66.89
4760 66.89
4761 66.89
4762 66.89
4763 66.89
4764 66.89
4765 66.89
4766 66.89
4767 66.89
4768 66.89
4769 66.89
4770 66.89
4771 66.89
4772 66.89
4773 66.89
4774 66.89
4775 66.89
4776 66.89
4777 66.89
4778 66.89
4779 66.89
4780 66.89
4781 66.89
4782 66.89
4783 66.89
4784 66.89
4785 66.89
4786 66.89
4787 66.89
4788 66.89
4789 66.89
4790 66.89
4791 66.89
4792 66.89
4793 66.89
4794 66.89
4795 66.89
4796 66.89
4797 66.89
4798 66.89
4799 66.89
4800 66.89
4801 66.89
4802 66.89
4803 66.89
4804 66.89
4805 66.89
4806 66.89
4807 66.89
4808 66.89
4809 66.89
4810 66.89
4811 66.89
4812 66.89
4813 66.89
4814 66.89
4815 66.89
4816 66.89
4817 66.89
4818 66.89
4819 66.89
4820 66.89
4821 66.89
4822 66.89
4823 66.89
4824 66.89
4825 66.89
4826 66.89
4827 66.89
4828 66.89
4829 66.89
4830 66.89
4831 66.89
4832 66.89
4833 66.89
4834 66.89
4835 66.89
4836 66.89
4837 66.89
4838 66.89
4839 66.89
4840 66.89
4841 66.89
4842 66.89
4843 66.89
4844 66.89
4845 66.89
4846 66.89
4847 66.89
4848 66.89
4849 66.89
4850 66.89
4851 66.89
4852 66.89
4853 66.89
4854 66.89
4855 66.89
4856 66.89
4857 66.89
4858 66.89
4859 66.89
4860 66.89
4861 66.89
4862 66.89
4863 66.89
4864 66.89
4865 66.89
4866 66.89
4867 66.89
4868 66.89
4869 66.89
4870 66.89
4871 66.89
4872 66.89
4873 66.89
4874 66.89
4875 66.89
4876 66.89
4877 66.89
4878 66.89
4879 66.89
4880 66.89
4881 66.89
4882 66.89
4883 66.89
4884 66.89
4885 66.89
4886 66.89
4887 66.89
4888 66.89
4889 66.89
4890 66.89
4891 66.89
4892 66.89
4893 66.89
4894 66.89
4895 66.89
4896 66.89
4897 66.89
4898 66.89
4899 66.89
4900 66.89
4901 66.89
4902 66.89
4903 66.89
4904 66.89
4905 66.89
4906 66.89
4907 66.89
4908 66.89
4909 66.89
4910 66.89
4911 66.89
4912 66.89
4913 66.89
4914 66.89
4915 66.89
4916 66.89
4917 66.89
4918 66.89
4919 66.89
4920 66.89
4921 66.89
4922 66.89
4923 66.89
4924 66.89
4925 66.89
4926 66.89
4927 66.89
4928 66.89
4929 66.89
4930 66.89
4931 66.89
4932 66.89
4933 66.89
4934 66.89
4935 66.89
4936 66.89
4937 66.89
4938 66.89
4939 66.89
4940 66.89
4941 66.89
4942 66.89
4943 66.89
4944 66.89
4945 66.89
4946 66.89
4947 66.89
4948 66.89
4949 66.89
4950 66.89
4951 66.89
4952 66.89
4953 66.89
4954 66.89
4955 66.89
4956 66.89
4957 66.89
4958 66.89
4959 66.89
4960 66.89
4961 66.89
4962 66.89
4963 66.89
4964 66.89
4965 66.89
4966 66.89
4967 66.89
4968 66.89
4969 66.89
4970 66.89
4971 66.89
4972 66.89
4973 66.89
4974 66.89
4975 66.89
4976 66.89
4977 66.89
4978 66.89
4979 66.89
4980 66.89
4981 66.89
4982 66.89
4983 66.89
4984 66.89
4985 66.89
4986 66.89
4987 66.89
4988 66.89
4989 66.89
4990 66.89
4991 66.89
4992 66.89
4993 66.89
4994 66.89
4995 66.89
4996 66.89
4997 66.89
4998 66.89
4999 66.89
5000 66.89
5001 66.89
5002 66.89
5003 66.89
5004 66.89
5005 66.89
5006 66.89
5007 66.89
5008 66.89
5009 66.89
5010 66.89
5011 66.89
5012 66.89
5013 66.89
5014 66.89
5015 66.89
5016 66.89
5017 66.89
5018 66.89
5019 66.89
5020 66.89
5021 66.89
5022 66.89
5023 66.89
5024 66.89
5025 66.89
5026 66.89
5027 66.89
5028 66.89
5029 66.89
5030 66.89
5031 66.89
5032 66.89
5033 66.89
5034 66.89
5035 66.89
5036 66.89
5037 66.89
5038 66.89
5039 66.89
5040 66.89
5041 66.89
5042 66.89
5043 66.89
5044 66.89
5045 66.89
5046 66.89
5047 66.89
5048 66.89
5049 66.89
5050 66.89
5051 66.89
5052 66.89
5053 66.89
5054 66.89
5055 66.89
5056 66.89
5057 66.89
5058 66.89
5059 66.89
5060 66.89
5061 66.89
5062 66.89
5063 66.89
5064 66.89
5065 66.89
5066 66.89
5067 66.89
5068 66.89
5069 66.89
5070 66.89
5071 66.89
5072 66.89
5073 66.89
5074 66.89
5075 66.89
5076 66.89
5077 66.89
5078 66.89
5079 66.89
5080 66.89
5081 66.89
5082 66.89
5083 66.89
5084 66.89
5085 66.89
5086 66.89
5087 66.89
5088 66.89
5089 66.89
5090 66.89
5091 66.89
5092 66.89
5093 66.89
5094 66.89
5095 66.89
5096 66.89
5097 66.89
5098 66.89
5099 66.89
5100 66.89
5101 66.89
5102 66.89
5103 66.89
5104 66.89
5105 66.89
5106 66.89
5107 66.89
5108 66.89
5109 66.89
5110 66.89
5111 66.89
5112 66.89
5113 66.89
5114 66.89
5115 66.89
5116 66.89
5117 66.89
5118 66.89
5119 66.89
5120 66.89
5121 66.89
5122 66.89
5123 66.89
5124 66.89
5125 66.89
5126 66.89
5127 66.89
5128 66.89
5129 66.89
5130 66.89
5131 66.89
5132 66.89
5133 66.89
5134 66.89
5135 66.89
5136 66.89
5137 66.89
5138 66.89
5139 66.89
5140 66.89
5141 66.89
5142 66.89
5143 66.89
5144 66.89
5145 66.89
5146 66.89
5147 66.89
5148 66.89
5149 66.89
5150 66.89
5151 66.89
5152 66.89
5153 66.89
5154 66.89
5155 66.89
5156 66.89
5157 66.89
5158 66.89
5159 66.89
5160 66.89
5161 66.89
5162 66.89
5163 66.89
5164 66.89
5165 66.89
5166 66.89
5167 66.89
5168 66.89
5169 66.89
5170 66.89
5171 66.89
5172 66.89
5173 66.89
5174 66.89
5175 66.89
5176 66.89
5177 66.89
5178 66.89
5179 66.89
5180 66.89
5181 66.89
5182 66.89
5183 66.89
5184 66.89
5185 66.89
5186 66.89
5187 66.89
5188 66.89
5189 66.89
5190 66.89
5191 66.89
5192 66.89
5193 66.89
5194 66.89
5195 66.89
5196 66.89
5197 66.89
5198 66.89
5199 66.89
5200 66.89
5201 66.89
5202 66.89
5203 66.89
5204 66.89
5205 66.89
5206 66.89
5207 66.89
5208 66.89
5209 66.89
5210 66.89
5211 66.89
5212 66.89
5213 66.89
5214 66.89
5215 66.89
5216 66.89
5217 66.89
5218 66.89
5219 66.89
5220 66.89
5221 66.89
5222 66.89
5223 66.89
5224 66.89
5225 66.89
5226 66.89
5227 66.89
5228 66.89
5229 66.89
5230 66.89
5231 66.89
5232 66.89
5233 66.89
5234 66.89
5235 66.89
5236 66.89
5237 66.89
5238 66.89
5239 66.89
5240 66.89
5241 66.89
5242 66.89
5243 66.89
5244 66.89
5245 66.89
5246 66.89
5247 66.89
5248 66.89
5249 66.89
5250 66.89
5251 66.89
5252 66.89
5253 66.89
5254 66.89
5255 66.89
5256 66.89
5257 66.89
5258 66.89
5259 66.89
5260 66.89
5261 66.89
5262 66.89
5263 66.89
5264 66.89
5265 66.89
5266 66.89
5267 66.89
5268 66.89
5269 66.89
5270 66.89
5271 66.89
5272 66.89
5273 66.89
5274 66.89
5275 66.89
5276 66.89
5277 66.89
5278 66.89
5279 66.89
5280 66.89
5281 66.89
5282 66.89
5283 66.89
5284 66.89
5285 66.89
5286 66.89
5287 66.89
5288 66.89
5289 66.89
5290 66.89
5291 66.89
5292 66.89
5293 66.89
5294 66.89
5295 66.89
5296 66.89
5297 66.89
5298 66.89
5299 66.89
5300 66.89
5301 66.89
5302 66.89
5303 66.89
5304 66.89
5305 66.89
5306 66.89
5307 66.89
5308 66.89
5309 66.89
5310 66.89
5311 66.89
5312 66.89
5313 66.89
5314 66.89
5315 66.89
5316 66.89
5317 66.89
5318 66.89
5319 66.89
5320 66.89
5321 66.89
5322 66.89
5323 66.89
5324 66.89
5325 66.89
5326 66.89
5327 66.89
5328 66.89
5329 66.89
5330 66.89
5331 66.89
5332 66.89
5333 66.89
5334 66.89
5335 66.89
5336 66.89
5337 66.89
5338 66.89
5339 66.89
5340 66.89
5341 66.89
5342 66.89
5343 66.89
5344 66.89
5345 66.89
5346 66.89
5347 66.89
5348 66.89
5349 66.89
5350 66.89
5351 66.89
5352 66.89
5353 66.89
5354 66.89
5355 66.89
5356 66.89
5357 66.89
5358 66.89
5359 66.89
5360 66.89
5361 66.89
5362 66.89
5363 66.89
5364 66.89
5365 66.89
5366 66.89
5367 66.89
5368 66.89
5369 66.89
5370 66.89
5371 66.89
5372 66.89
5373 66.89
5374 66.89
5375 66.89
5376 66.89
5377 66.89
5378 66.89
5379 66.89
5380 66.89
5381 66.89
5382 66.89
5383 66.89
5384 66.89
5385 66.89
5386 66.89
5387 66.89
5388 66.89
5389 66.89
5390 66.89
5391 66.89
5392 66.89
5393 66.89
5394 66.89
5395 66.89
5396 66.89
5397 66.89
5398 66.89
5399 66.89
5400 66.89
5401 66.89
5402 66.89
5403 66.89
5404 66.89
5405 66.89
5406 66.89
5407 66.89
5408 66.89
5409 66.89
5410 66.89
5411 66.89
5412 66.89
5413 66.89
5414 66.89
5415 66.89
5416 66.89
5417 66.89
5418 66.89
5419 66.89
5420 66.89
5421 66.89
5422 66.89
5423 66.89
5424 66.89
5425 66.89
5426 66.89
5427 66.89
5428 66.89
5429 66.89
5430 66.89
5431 66.89
5432 66.89
5433 66.89
5434 66.89
5435 66.89
5436 66.89
5437 66.89
5438 66.89
5439 66.89
5440 66.89
5441 66.89
5442 66.89
5443 66.89
5444 66.89
5445 66.89
5446 66.89
5447 66.89
5448 66.89
5449 66.89
5450 66.89
5451 66.89
5452 66.89
5453 66.89
5454 66.89
5455 66.89
5456 66.89
5457 66.89
5458 66.89
5459 66.89
5460 66.89
5461 66.89
5462 66.89
5463 66.89
5464 66.89
5465 66.89
5466 66.89
5467 66.89
5468 66.89
5469 66.89
5470 66.89
5471 66.89
5472 66.89
5473 66.89
5474 66.89
5475 66.89
5476 66.89
5477 66.89
5478 66.89
5479 66.89
5480 66.89
5481 66.89
5482 66.89
5483 66.89
5484 66.89
5485 66.89
5486 66.89
5487 66.89
5488 66.89
5489 66.89
5490 66.89
5491 66.89
5492 66.89
5493 66.89
5494 66.89
5495 66.89
5496 66.89
5497 66.89
5498 66.89
5499 66.89
5500 66.89
5501 66.89
5502 66.89
5503 66.89
5504 66.89
5505 66.89
5506 66.89
5507 66.89
5508 66.89
5509 66.89
5510 66.89
5511 66.89
5512 66.89
5513 66.89
5514 66.89
5515 66.89
5516 66.89
5517 66.89
5518 66.89
5519 66.89
5520 66.89
5521 66.89
5522 66.89
5523 66.89
5524 66.89
5525 66.89
5526 66.89
5527 66.89
5528 66.89
5529 66.89
5530 66.89
5531 66.89
5532 66.89
5533 66.89
5534 66.89
5535 66.89
5536 66.89
5537 66.89
5538 66.89
5539 66.89
5540 66.89
5541 66.89
5542 66.89
5543 66.89
5544 66.89
5545 66.89
5546 66.89
5547 66.89
5548 66.89
5549 66.89
5550 66.89
5551 66.89
5552 66.89
5553 66.89
5554 66.89
5555 66.89
5556 66.89
5557 66.89
5558 66.89
5559 66.89
5560 66.89
5561 66.89
5562 66.89
5563 66.89
5564 66.89
5565 66.89
5566 66.89
5567 66.89
5568 66.89
5569 66.89
5570 66.89
5571 66.89
5572 66.89
5573 66.89
5574 66.89
5575 66.89
5576 66.89
5577 66.89
5578 66.89
5579 66.89
5580 66.89
5581 66.89
5582 66.89
5583 66.89
5584 66.89
5585 66.89
5586 66.89
5587 66.89
5588 66.89
5589 66.89
5590 66.89
5591 66.89
5592 66.89
5593 66.89
5594 66.89
5595 66.89
5596 66.89
5597 66.89
5598 66.89
5599 66.89
5600 66.89
5601 66.89
5602 66.89
5603 66.89
5604 66.89
5605 66.89
5606 66.89
5607 66.89
5608 66.89
5609 66.89
5610 66.89
5611 66.89
5612 66.89
5613 66.89
5614 66.89
5615 66.89
5616 66.89
5617 66.89
5618 66.89
5619 66.89
5620 66.89
5621 66.89
5622 66.89
5623 66.89
5624 66.89
5625 66.89
5626 66.89
5627 66.89
5628 66.89
5629 66.89
5630 66.89
5631 66.89
5632 66.89
5633 66.89
5634 66.89
5635 66.89
5636 66.89
5637 66.89
5638 66.89
5639 66.89
5640 66.89
5641 66.89
5642 66.89
5643 66.89
5644 66.89
5645 66.89
5646 66.89
5647 66.89
5648 66.89
5649 66.89
5650 66.89
5651 66.89
5652 66.89
5653 66.89
5654 66.89
5655 66.89
5656 66.89
5657 66.89
5658 66.89
5659 66.89
5660 66.89
5661 66.89
5662 66.89
5663 66.89
5664 66.89
5665 66.89
5666 66.89
5667 66.89
5668 66.89
5669 66.89
5670 66.89
5671 66.89
5672 66.89
5673 66.89
5674 66.89
5675 66.89
5676 66.89
5677 66.89
5678 66.89
5679 66.89
5680 66.89
5681 66.89
5682 66.89
5683 66.89
5684 66.89
5685 66.89
5686 66.89
5687 66.89
5688 66.89
5689 66.89
5690 66.89
5691 66.89
5692 66.89
5693 66.89
5694 66.89
5695 66.89
5696 66.89
5697 66.89
5698 66.89
5699 66.89
5700 66.89
5701 66.89
5702 66.89
5703 66.89
5704 66.89
5705 66.89
5706 66.89
5707 66.89
5708 66.89
5709 66.89
5710 66.89
5711 66.89
5712 66.89
5713 66.89
5714 66.89
5715 66.89
5716 66.89
5717 66.89
5718 66.89
5719 66.89
5720 66.89
5721 66.89
5722 66.89
5723 66.89
5724 66.89
5725 66.89
5726 66.89
5727 66.89
5728 66.89
5729 66.89
5730 66.89
5731 66.89
5732 66.89
5733 66.89
5734 66.89
5735 66.89
5736 66.89
5737 66.89
5738 66.89
5739 66.89
5740 66.89
5741 66.89
5742 66.89
5743 66.89
5744 66.89
5745 66.89
5746 66.89
5747 66.89
5748 66.89
5749 66.89
5750 66.89
5751 66.89
5752 66.89
5753 66.89
5754 66.89
5755 66.89
5756 66.89
5757 66.89
5758 66.89
5759 66.89
5760 66.89
5761 66.89
5762 66.89
5763 66.89
5764 66.89
5765 66.89
5766 66.89
5767 66.89
5768 66.89
5769 66.89
5770 66.89
5771 66.89
5772 66.89
5773 66.89
5774 66.89
5775 66.89
5776 66.89
5777 66.89
5778 66.89
5779 66.89
5780 66.89
5781 66.89
5782 66.89
5783 66.89
5784 66.89
5785 66.89
5786 66.89
5787 66.89
5788 66.89
5789 66.89
5790 66.89
5791 66.89
5792 66.89
5793 66.89
5794 66.89
5795 66.89
5796 66.89
5797 66.89
5798 66.89
5799 66.89
5800 66.89
5801 66.89
5802 66.89
5803 66.89
5804 66.89
5805 66.89
5806 66.89
5807 66.89
5808 66.89
5809 66.89
5810 66.89
5811 66.89
5812 66.89
5813 66.89
5814 66.89
5815 66.89
5816 66.89
5817 66.89
5818 66.89
5819 66.89
5820 66.89
5821 66.89
5822 66.89
5823 66.89
5824 66.89
5825 66.89
5826 66.89
5827 66.89
5828 66.89
5829 66.89
5830 66.89
5831 66.89
5832 66.89
5833 66.89
5834 66.89
5835 66.89
5836 66.89
5837 66.89
5838 66.89
5839 66.89
5840 66.89
5841 66.89
5842 66.89
5843 66.89
5844 66.89
5845 66.89
5846 66.89
5847 66.89
5848 66.89
5849 66.89
5850 66.89
5851 66.89
5852 66.89
5853 66.89
5854 66.89
5855 66.89
5856 66.89
5857 66.89
5858 66.89
5859 66.89
5860 66.89
5861 66.89
5862 66.89
5863 66.89
5864 66.89
5865 66.89
5866 66.89
5867 66.89
5868 66.89
5869 66.89
5870 66.89
5871 66.89
5872 66.89
5873 66.89
5874 66.89
5875 66.89
5876 66.89
5877 66.89
5878 66.89
5879 66.89
5880 66.89
5881 66.89
5882 66.89
5883 66.89
5884 66.89
5885 66.89
5886 66.89
5887 66.89
5888 66.89
5889 66.89
5890 66.89
5891 66.89
5892 66.89
5893 66.89
5894 66.89
5895 66.89
5896 66.89
5897 66.89
5898 66.89
5899 66.89
5900 66.89
5901 66.89
5902 66.89
5903 66.89
5904 66.89
5905 66.89
5906 66.89
5907 66.89
5908 66.89
5909 66.89
5910 66.89
5911 66.89
5912 66.89
5913 66.89
5914 66.89
5915 66.89
5916 66.89
5917 66.89
5918 66.89
5919 66.89
5920 66.89
5921 66.89
5922 66.89
5923 66.89
5924 66.89
5925 66.89
5926 66.89
5927 66.89
5928 66.89
5929 66.89
5930 66.89
5931 66.89
5932 66.89
5933 66.89
5934 66.89
5935 66.89
5936 66.89
5937 66.89
5938 66.89
5939 66.89
5940 66.89
5941 66.89
5942 66.89
5943 66.89
5944 66.89
5945 66.89
5946 66.89
5947 66.89
5948 66.89
5949 66.89
5950 66.89
5951 66.89
5952 66.89
5953 66.89
5954 66.89
5955 66.89
5956 66.89
5957 66.89
5958 66.89
5959 66.89
5960 66.89
5961 66.89
5962 66.89
5963 66.89
5964 66.89
5965 66.89
5966 66.89
5967 66.89
5968 66.89
5969 66.89
5970 66.89
5971 66.89
5972 66.89
5973 66.89
5974 66.89
5975 66.89
5976 66.89
5977 66.89
5978 66.89
5979 66.89
5980 66.89
5981 66.89
5982 66.89
5983 66.89
5984 66.89
5985 66.89
5986 66.89
5987 66.89
5988 66.89
5989 66.89
5990 66.89
5991 66.89
5992 66.89
5993 66.89
5994 66.89
5995 66.89
5996 66.89
5997 66.89
5998 66.89
5999 66.89
