0 460.645
1 456.66
2 440.255
3 432.997
4 423.142
5 414.422
6 402.272
7 398.319
8 395.545
9 389.936
10 385.758
11 379.303
12 372.955
13 372.955
14 367.98
15 356.113
16 350.103
17 346.524
18 343.196
19 339.915
20 338.192
21 337.54
22 337.54
23 330.922
24 325.117
25 321.973
26 321.973
27 320.974
28 320.906
29 315.926
30 315.646
31 313.622
32 308.994
33 308.776
34 308.776
35 304.804
36 301.084
37 293.862
38 290.976
39 289.545
40 287.695
41 284.448
42 284.448
43 283.068
44 283.065
45 282.424
46 281.268
47 280.652
48 280.241
49 276.571
50 276.16
51 274.143
52 273.557
53 273.557
54 273.557
55 270.286
56 269.424
57 269.11
58 267.975
59 266.799
60 266.799
61 256.883
62 256.244
63 255.801
64 254.779
65 250.006
66 249.232
67 245.675
68 245.675
69 245.675
70 244.699
71 241.874
72 240.898
73 238.535
74 238.178
75 235.529
76 235.529
77 230.425
78 229.238
79 228.099
80 221.863
81 220.676
82 220.676
83 220.676
84 220.541
85 220.541
86 219.579
87 216.345
88 214.208
89 213.96
90 212.521
91 211.485
92 211
93 210.845
94 209.129
95 208.697
96 208.005
97 203.097
98 201.234
99 198.219
100 196.976
101 197.788
102 197.439
103 197.439
104 193.917
105 193.917
106 193.917
107 193.917
108 193.917
109 193.466
110 193.111
111 193.111
112 193.111
113 193.111
114 193.111
115 191.692
116 190.503
117 189.253
118 188.857
119 188.857
120 183.825
121 183.825
122 182.754
123 182.754
124 181.891
125 181.891
126 181.876
127 181.816
128 181.764
129 181.764
130 180.564
131 180.564
132 180.564
133 180.511
134 180.376
135 178.073
136 174.396
137 172.092
138 171.708
139 169.894
140 169.894
141 169.246
142 167.7
143 162.593
144 162.593
145 162.2
146 161.913
147 159.328
148 157.835
149 157.442
150 157.194
151 156.406
152 156.346
153 156.346
154 156.199
155 156.139
156 154.523
157 154.463
158 154.316
159 154.256
160 153.903
161 153.842
162 153.842
163 153.68
164 153.68
165 152.738
166 152.261
167 152.261
168 149.996
169 149.922
170 149.768
171 149.44
172 149.212
173 149.212
174 149.212
175 148.788
176 148.788
177 148.471
178 145.98
179 145.98
180 145.631
181 145.631
182 143.86
183 143.86
184 143.582
185 143.582
186 143.582
187 143.582
188 143.375
189 143.375
190 143.375
191 142.726
192 142.726
193 142.726
194 142.166
195 141.477
196 141.477
197 141.477
198 141.093
199 141.093
200 140.239
201 139.02
202 136.956
203 136.956
204 136.673
205 136.479
206 136.002
207 136.002
208 135.808
209 135.33
210 135.33
211 135.165
212 134.945
213 134.727
214 134.321
215 134.097
216 134.097
217 134.059
218 132.571
219 132.533
220 132.533
221 132.533
222 132.533
223 132.533
224 132.533
225 132.533
226 132.215
227 132.215
228 132.215
229 132.215
230 131.917
231 131.917
232 131.917
233 131.89
234 131.89
235 131.89
236 131.831
237 131.831
238 131.831
239 131.831
240 131.831
241 131.831
242 131.831
243 131.831
244 131.718
245 131.472
246 131.359
247 131.359
248 131.359
249 131.359
250 131.359
251 122.456
252 122.456
253 122.456
254 121.678
255 115.657
256 114.079
257 114.079
258 114.072
259 113.49
260 113.49
261 113.49
262 113.49
263 113.49
264 113.49
265 113.204
266 113.204
267 113.204
268 113.204
269 112.313
270 112.313
271 112.313
272 112.313
273 111.388
274 111.388
275 111.388
276 111.388
277 111.388
278 111.388
279 111.388
280 111.117
281 110.81
282 110.81
283 110.81
284 110.81
285 110.81
286 110.81
287 110.81
288 110.81
289 110.81
290 110.81
291 110.81
292 110.81
293 110.81
294 110.408
295 110.408
296 110.408
297 110.408
298 110.408
299 110.408
300 109.608
301 109.608
302 109.608
303 109.253
304 109.253
305 109.131
306 109.131
307 109.131
308 108.483
309 108.483
310 108.483
311 108.483
312 107.061
313 105.543
314 105.412
315 105.412
316 105.412
317 105.412
318 105.412
319 105.115
320 104.962
321 104.962
322 104.962
323 104.962
324 104.962
325 104.394
326 104.394
327 104.394
328 104.252
329 103.685
330 103.594
331 103.594
332 103.594
333 103.594
334 103.594
335 103.594
336 103.594
337 103.594
338 103.594
339 103.594
340 103.069
341 103.069
342 103.069
343 103.069
344 103.069
345 103.069
346 103.069
347 102.715
348 102.715
349 102.715
350 102.715
351 102.715
352 102.715
353 102.077
354 102.077
355 102.077
356 101.659
357 101.659
358 101.659
359 101.659
360 101.659
361 101.659
362 101.659
363 101.659
364 101.659
365 101.659
366 101.659
367 101.659
368 101.659
369 101.659
370 101.659
371 101.659
372 101.659
373 101.659
374 101.659
375 101.659
376 101.659
377 101.659
378 101.659
379 101.659
380 101.659
381 101.659
382 101.659
383 101.632
384 101.632
385 101.504
386 101.504
387 101.504
388 101.504
389 101.504
390 101.504
391 101.504
392 101.504
393 101.504
394 101.504
395 101.28
396 101.173
397 101.173
398 101.173
399 100.68
400 100.68
401 100.257
402 99.4526
403 99.4526
404 98.9724
405 98.9724
406 98.9724
407 98.9724
408 98.9724
409 98.9724
410 98.9724
411 98.9151
412 98.9151
413 98.9151
414 98.9151
415 98.9151
416 98.4565
417 97.9038
418 97.9038
419 97.9038
420 97.9038
421 97.9038
422 97.9038
423 97.9038
424 97.9038
425 97.9038
426 97.9038
427 97.9038
428 97.9038
429 97.9038
430 97.9038
431 97.9038
432 97.9038
433 97.9038
434 97.9038
435 97.9038
436 97.9038
437 97.9038
438 97.9038
439 97.9038
440 97.8075
441 97.8075
442 97.8075
443 97.8075
444 97.8075
445 97.8075
446 97.6954
447 97.6954
448 97.6954
449 97.6954
450 97.6954
451 95.2963
452 95.2963
453 93.8564
454 93.8564
455 93.8564
456 93.8564
457 93.8564
458 93.8564
459 93.3888
460 93.3888
461 91.9641
462 91.9641
463 91.9641
464 91.9641
465 91.9641
466 91.9641
467 91.9641
468 91.9641
469 91.9641
470 91.8478
471 91.8478
472 91.8478
473 91.758
474 91.294
475 91.0946
476 91.0946
477 90.895
478 90.5408
479 90.5408
480 90.5408
481 90.5408
482 90.5408
483 90.5408
484 90.5408
485 90.5408
486 90.5408
487 90.5408
488 90.5408
489 90.5408
490 90.5408
491 90.5148
492 90.5148
493 90.5148
494 90.5148
495 90.5148
496 90.5148
497 90.5148
498 90.5148
499 90.5148
500 90.5148
501 85.1867
502 85.0289
503 85.0289
504 84.5853
505 84.5853
506 84.5853
507 84.5744
508 84.1308
509 84.1308
510 84.1308
511 84.1308
512 84.1308
513 84.1308
514 84.1308
515 84.1308
516 84.1308
517 84.1308
518 84.1308
519 84.1308
520 83.9866
521 83.9866
522 83.9866
523 83.9866
524 83.9866
525 82.9527
526 82.9527
527 82.9527
528 82.9527
529 82.9527
530 82.9527
531 82.9527
532 82.9527
533 82.9527
534 82.9527
535 82.9527
536 82.9527
537 82.9527
538 82.7643
539 82.7643
540 82.7643
541 82.7643
542 82.7643
543 82.2552
544 82.2552
545 82.087
546 82.087
547 82.087
548 82.087
549 82.087
550 82.087
551 81.9006
552 81.9006
553 81.9006
554 81.9006
555 81.9006
556 81.9006
557 81.9006
558 81.9006
559 81.9006
560 81.9006
561 81.9006
562 81.9006
563 81.9006
564 81.9006
565 81.9006
566 81.9006
567 81.9006
568 81.9006
569 81.9006
570 81.9006
571 81.9006
572 81.9006
573 81.9006
574 81.9006
575 81.9006
576 81.9006
577 81.9006
578 81.9006
579 81.9006
580 81.4898
581 81.4898
582 81.4898
583 81.4898
584 81.4898
585 80.9027
586 80.9027
587 80.9027
588 80.4308
589 80.4308
590 80.4308
591 80.4308
592 80.4308
593 80.4308
594 80.4308
595 80.4308
596 80.4308
597 80.4308
598 80.4308
599 80.4308
600 80.4308
601 80.4308
602 80.4308
603 80.4308
604 80.4308
605 80.4308
606 80.4308
607 80.0905
608 80.0172
609 80.0172
610 80.0172
611 79.9587
612 79.9587
613 79.9272
614 79.9272
615 79.9272
616 79.9272
617 79.9272
618 79.9272
619 79.9272
620 79.9272
621 79.9272
622 79.9272
623 79.9272
624 79.9272
625 79.9272
626 79.9272
627 79.9272
628 79.9272
629 79.9272
630 79.9272
631 79.9272
632 79.9272
633 79.9272
634 79.9272
635 79.9272
636 79.9272
637 79.9272
638 79.9272
639 79.8163
640 79.8163
641 79.8163
642 79.8163
643 79.8163
644 79.8163
645 79.8163
646 79.8163
647 79.8163
648 79.8163
649 79.8163
650 79.5588
651 79.5588
652 79.5588
653 79.5588
654 79.5588
655 79.5588
656 79.5588
657 79.5588
658 79.5588
659 79.5588
660 79.5588
661 79.5588
662 79.5588
663 79.5588
664 79.5588
665 79.5588
666 79.401
667 79.401
668 79.401
669 79.401
670 79.401
671 79.401
672 79.401
673 79.2822
674 79.2822
675 79.2822
676 79.2822
677 79.2822
678 79.2822
679 79.2822
680 79.2822
681 79.2822
682 79.2822
683 79.2822
684 79.2822
685 79.2822
686 79.2822
687 79.2822
688 79.2822
689 79.2822
690 79.2822
691 79.2822
692 79.2822
693 79.2822
694 79.2822
695 79.2822
696 79.2822
697 79.2822
698 79.0048
699 79.0048
700 79.0048
701 79.0048
702 78.2722
703 78.2722
704 78.2722
705 78.2722
706 78.2722
707 78.2722
708 78.2722
709 78.2722
710 78.2722
711 78.2722
712 78.2722
713 78.2722
714 78.2722
715 78.2722
716 78.2722
717 78.2722
718 78.2722
719 78.2722
720 78.2722
721 78.2722
722 78.2722
723 78.2722
724 78.2722
725 78.2722
726 78.2722
727 78.2722
728 78.2722
729 78.2722
730 78.2722
731 78.2722
732 78.2722
733 78.2722
734 78.2722
735 78.2722
736 78.2722
737 78.2722
738 78.2722
739 78.2722
740 78.2722
741 78.2722
742 78.2722
743 78.2722
744 78.2722
745 78.2722
746 78.2722
747 78.2722
748 78.2722
749 78.2722
750 78.2722
751 78.0181
752 78.0181
753 78.0181
754 78.0181
755 78.0181
756 78.0181
757 78.0181
758 78.0181
759 78.0181
760 78.0181
761 78.0181
762 78.0181
763 78.0181
764 78.0181
765 78.0181
766 78.0181
767 77.8809
768 77.8809
769 77.8809
770 77.8809
771 77.8809
772 77.8809
773 77.8809
774 77.8809
775 77.5617
776 77.5617
777 77.5617
778 77.5617
779 77.5617
780 77.5617
781 77.1742
782 77.1742
783 77.1742
784 77.1742
785 77.1742
786 77.1742
787 77.1742
788 77.1742
789 77.1742
790 77.1742
791 77.1742
792 77.1742
793 77.1742
794 77.1199
795 77.1199
796 77.1199
797 77.1199
798 77.1199
799 77.1199
800 77.1199
801 77.1199
802 76.7322
803 76.7322
804 76.7322
805 76.7322
806 76.7322
807 76.7322
808 76.7322
809 76.7322
810 76.7322
811 76.7322
812 76.7322
813 76.7322
814 76.7322
815 76.7322
816 76.7322
817 76.7322
818 76.7322
819 76.7322
820 76.7322
821 76.7322
822 76.7322
823 76.7322
824 76.7322
825 76.7322
826 76.7322
827 76.7322
828 76.7066
829 76.7066
830 76.7066
831 76.7066
832 76.7066
833 76.7066
834 76.7066
835 76.7066
836 76.7066
837 76.7066
838 76.7066
839 76.7066
840 76.7066
841 76.7066
842 76.4362
843 76.4362
844 76.4362
845 76.4362
846 76.4362
847 76.4362
848 76.4362
849 76.4362
850 76.4362
851 76.4362
852 76.4362
853 76.4362
854 76.4362
855 76.4362
856 76.4362
857 76.4362
858 76.4362
859 76.4362
860 76.4362
861 76.4362
862 76.4362
863 76.4362
864 76.4362
865 76.4362
866 76.4362
867 76.4362
868 76.4362
869 76.4362
870 76.4362
871 76.4362
872 76.4362
873 76.4362
874 76.4362
875 76.4362
876 76.4362
877 76.4362
878 76.4362
879 76.4362
880 76.4362
881 76.4362
882 76.4362
883 76.4362
884 76.4362
885 76.4362
886 76.4362
887 76.4362
888 76.4362
889 76.4362
890 76.4362
891 76.4362
892 76.4362
893 76.4362
894 76.4362
895 76.4362
896 76.4362
897 76.4362
898 76.4362
899 76.4362
900 76.4362
901 76.3242
902 76.3242
903 76.3242
904 76.3242
905 76.3242
906 76.3242
907 76.3242
908 76.3242
909 76.3242
910 76.3242
911 76.3242
912 76.3242
913 76.3242
914 76.3242
915 76.3242
916 76.3242
917 76.3242
918 76.3242
919 76.3242
920 76.3242
921 76.3242
922 76.3242
923 76.3242
924 76.3242
925 76.3242
926 76.3242
927 76.3242
928 76.3242
929 76.3242
930 76.3242
931 76.3242
932 76.3242
933 76.3242
934 76.3242
935 76.3242
936 76.3242
937 76.3242
938 76.3242
939 76.3242
940 76.3242
941 76.3242
942 76.3242
943 76.3242
944 76.3242
945 76.3242
946 76.3242
947 76.3242
948 76.3242
949 76.3242
950 76.3242
951 76.3242
952 76.3242
953 76.3242
954 76.3242
955 76.3242
956 76.3242
957 76.3242
958 76.3242
959 76.3242
960 76.3242
961 76.3242
962 76.3242
963 76.3242
964 76.3242
965 76.3242
966 76.3242
967 76.3242
968 76.3242
969 76.3242
970 76.3242
971 76.3242
972 76.3242
973 76.3242
974 76.3242
975 76.3242
976 76.3242
977 76.3242
978 76.3242
979 76.3242
980 76.3242
981 76.3242
982 76.3242
983 76.3242
984 76.3242
985 76.3242
986 76.3242
987 76.3242
988 76.3242
989 76.3242
990 76.3242
991 76.3242
992 76.3242
993 76.3242
994 76.3242
995 76.3242
996 76.3242
997 76.3242
998 76.3242
999 76.3242
1000 76.3242
1001 76.1504
1002 76.1504
1003 76.1504
1004 76.1504
1005 76.1504
1006 76.1504
1007 76.1504
1008 76.1504
1009 76.1504
1010 76.1504
1011 76.1504
1012 76.1504
1013 76.1504
1014 76.1504
1015 76.1504
1016 76.1504
1017 76.1504
1018 76.1504
1019 76.1504
1020 76.1504
1021 76.1504
1022 76.1504
1023 76.1504
1024 76.1504
1025 76.1504
1026 76.1504
1027 76.1504
1028 76.1504
1029 76.1504
1030 76.1504
1031 76.1504
1032 76.1504
1033 76.1504
1034 76.1504
1035 76.1504
1036 76.1504
1037 76.1504
1038 76.1504
1039 76.1504
1040 76.1504
1041 76.1504
1042 76.057
1043 75.19
1044 75.0647
1045 74.9205
1046 74.9205
1047 74.9205
1048 74.9205
1049 74.9205
1050 74.9205
1051 74.9205
1052 74.9205
1053 74.9205
1054 74.9205
1055 74.9205
1056 74.9205
1057 74.9205
1058 74.9205
1059 74.9205
1060 74.9205
1061 74.9205
1062 74.9205
1063 74.9205
1064 74.9205
1065 74.9205
1066 74.9205
1067 74.9205
1068 74.9205
1069 74.9205
1070 74.9205
1071 74.9205
1072 74.9205
1073 74.9205
1074 74.9205
1075 74.9205
1076 74.9205
1077 74.9205
1078 74.9205
1079 74.9205
1080 74.9205
1081 74.9205
1082 74.9205
1083 74.9205
1084 74.9205
1085 74.9205
1086 74.9205
1087 74.9205
1088 74.9205
1089 74.9205
1090 74.9205
1091 74.9205
1092 74.9205
1093 74.9205
1094 74.9205
1095 74.9205
1096 74.9205
1097 74.9205
1098 74.9205
1099 74.9205
1100 74.9205
1101 74.7302
1102 74.7302
1103 74.7302
1104 74.7302
1105 74.7302
1106 74.7302
1107 74.7302
1108 74.7302
1109 74.7302
1110 74.7302
1111 74.7302
1112 74.7302
1113 74.7302
1114 74.7302
1115 74.7302
1116 74.7302
1117 74.7302
1118 74.7302
1119 74.7302
1120 74.7302
1121 74.7302
1122 74.7302
1123 74.7302
1124 74.7302
1125 74.7302
1126 74.7302
1127 74.7302
1128 74.7302
1129 74.7302
1130 74.7302
1131 74.7302
1132 74.7302
1133 74.7302
1134 74.7302
1135 74.7302
1136 74.7302
1137 74.7302
1138 74.7302
1139 74.7302
1140 74.7302
1141 74.7302
1142 74.7302
1143 74.7302
1144 74.7302
1145 74.7302
1146 74.7302
1147 74.7302
1148 74.7302
1149 74.7302
1150 74.7302
1151 74.7302
1152 74.7302
1153 74.7302
1154 74.7302
1155 74.7302
1156 74.7302
1157 74.7302
1158 74.7302
1159 74.7302
1160 74.7302
1161 74.7302
1162 74.7302
1163 74.7302
1164 74.7302
1165 74.7302
1166 74.7302
1167 74.7302
1168 74.7302
1169 74.7302
1170 74.7302
1171 74.7302
1172 74.7302
1173 74.7302
1174 74.7302
1175 74.7302
1176 74.7302
1177 74.7302
1178 74.7302
1179 74.7302
1180 74.7302
1181 74.7302
1182 74.7302
1183 74.7302
1184 74.7302
1185 74.7302
1186 74.7302
1187 74.7302
1188 74.7302
1189 74.7302
1190 74.7302
1191 74.7302
1192 74.7302
1193 74.7302
1194 74.7302
1195 74.7302
1196 74.7302
1197 74.7302
1198 74.7302
1199 74.7302
1200 74.7302
1201 74.6232
1202 74.6232
1203 74.6232
1204 74.3695
1205 74.3695
1206 74.3695
1207 74.3695
1208 74.3695
1209 74.3695
1210 74.3695
1211 74.3695
1212 74.3695
1213 74.3695
1214 74.3695
1215 74.3695
1216 74.3695
1217 74.3695
1218 74.2447
1219 74.2447
1220 74.2447
1221 74.2447
1222 74.2447
1223 74.2447
1224 74.2447
1225 74.2447
1226 74.2447
1227 74.2447
1228 74.2447
1229 74.2447
1230 74.2447
1231 74.2447
1232 74.2447
1233 74.2447
1234 73.8962
1235 73.8962
1236 73.8962
1237 73.8962
1238 73.8962
1239 73.8962
1240 73.8962
1241 73.8962
1242 73.8962
1243 73.8962
1244 73.8962
1245 73.8962
1246 73.8962
1247 73.8962
1248 73.8962
1249 73.8962
1250 73.8962
1251 71.3048
1252 71.3048
1253 71.3048
1254 71.3048
1255 71.3048
1256 71.3048
1257 71.3048
1258 71.3048
1259 71.3048
1260 71.3048
1261 71.3048
1262 71.3048
1263 71.3048
1264 71.3048
1265 71.3048
1266 70.512
1267 70.512
1268 70.512
1269 70.512
1270 70.512
1271 70.512
1272 70.512
1273 70.512
1274 70.512
1275 70.512
1276 70.512
1277 70.512
1278 70.512
1279 70.512
1280 70.512
1281 70.512
1282 70.512
1283 70.512
1284 70.512
1285 70.512
1286 70.512
1287 70.512
1288 70.512
1289 70.512
1290 70.5088
1291 70.5088
1292 70.5088
1293 70.5088
1294 70.5088
1295 70.5088
1296 70.5088
1297 70.5088
1298 70.5088
1299 70.5088
1300 70.5088
1301 70.5088
1302 70.4665
1303 70.4665
1304 70.4665
1305 70.4665
1306 70.4665
1307 70.4665
1308 70.4665
1309 70.4665
1310 70.4665
1311 70.4665
1312 70.4665
1313 70.4665
1314 70.4665
1315 70.4665
1316 70.4665
1317 70.4665
1318 70.4665
1319 70.4665
1320 70.4665
1321 70.4665
1322 70.4665
1323 70.4665
1324 70.4665
1325 70.4665
1326 70.4665
1327 70.4665
1328 70.4665
1329 70.4665
1330 70.4665
1331 70.4665
1332 70.4665
1333 70.4665
1334 70.4665
1335 70.4665
1336 70.4665
1337 70.4665
1338 70.4665
1339 70.4665
1340 70.4665
1341 70.4665
1342 70.4665
1343 70.4665
1344 70.4665
1345 70.4665
1346 70.4665
1347 70.4665
1348 70.4665
1349 70.4665
1350 70.4665
1351 69.8722
1352 69.644
1353 69.0794
1354 69.0794
1355 69.0794
1356 69.0794
1357 69.0794
1358 69.0794
1359 69.0794
1360 69.0794
1361 69.0794
1362 69.0794
1363 69.0794
1364 69.0794
1365 69.0794
1366 69.0794
1367 69.0794
1368 69.0794
1369 69.0794
1370 69.0794
1371 69.0794
1372 69.0794
1373 69.0794
1374 69.0794
1375 69.0794
1376 69.0794
1377 69.0794
1378 69.0794
1379 69.0794
1380 69.0794
1381 69.0794
1382 69.0794
1383 69.0794
1384 69.0794
1385 69.0794
1386 69.0794
1387 69.0794
1388 69.0794
1389 69.0794
1390 69.0794
1391 69.0794
1392 69.0794
1393 69.0794
1394 69.0794
1395 69.0794
1396 69.0794
1397 69.0794
1398 69.0794
1399 69.0794
1400 69.0794
1401 69.0794
1402 69.0794
1403 69.0794
1404 69.0794
1405 69.0794
1406 69.0794
1407 69.0794
1408 69.0794
1409 69.0794
1410 69.0794
1411 69.0794
1412 69.0794
1413 69.0794
1414 69.0794
1415 69.0794
1416 69.0794
1417 69.0794
1418 69.0794
1419 69.0794
1420 69.0794
1421 69.0794
1422 69.0794
1423 69.0794
1424 69.0794
1425 69.0794
1426 69.0794
1427 69.0794
1428 69.0794
1429 69.0794
1430 69.0794
1431 69.0794
1432 69.0794
1433 69.0794
1434 69.0794
1435 69.0794
1436 69.0794
1437 69.0794
1438 69.0794
1439 69.0794
1440 69.0794
1441 69.0794
1442 69.0794
1443 69.0794
1444 69.0794
1445 69.0794
1446 69.0794
1447 69.0794
1448 69.0794
1449 69.0794
1450 69.0794
1451 68.6582
1452 68.6582
1453 68.6582
1454 68.6582
1455 68.6582
1456 68.6582
1457 68.6582
1458 68.6582
1459 68.6582
1460 68.6582
1461 68.6582
1462 68.6582
1463 68.6582
1464 68.6582
1465 68.6582
1466 68.6582
1467 68.6582
1468 68.6582
1469 68.6582
1470 68.6582
1471 68.6582
1472 68.6582
1473 68.6582
1474 68.6582
1475 68.6582
1476 68.6582
1477 68.6582
1478 68.6582
1479 68.6582
1480 68.6582
1481 68.6582
1482 68.6582
1483 68.6582
1484 68.6582
1485 68.6582
1486 68.6582
1487 68.6582
1488 68.6582
1489 68.6582
1490 68.6582
1491 68.6582
1492 68.6582
1493 68.6582
1494 68.6582
1495 68.6582
1496 68.6582
1497 68.6582
1498 68.6582
1499 68.6582
1500 68.6582
1501 68.4364
1502 68.4364
1503 68.4364
1504 68.4364
1505 68.4364
1506 68.4364
1507 68.4364
1508 68.4364
1509 68.4364
1510 68.4364
1511 68.4364
1512 68.4364
1513 68.4364
1514 68.4364
1515 68.4364
1516 68.4364
1517 68.4364
1518 68.4364
1519 68.4364
1520 68.4364
1521 68.4364
1522 68.4364
1523 68.4364
1524 68.4364
1525 68.4364
1526 68.4364
1527 68.4364
1528 68.4364
1529 68.4364
1530 68.4364
1531 68.4364
1532 68.4364
1533 68.4364
1534 68.4364
1535 68.4364
1536 68.4364
1537 68.4364
1538 68.4364
1539 68.4364
1540 68.4364
1541 68.4364
1542 68.4364
1543 68.4364
1544 68.4364
1545 68.4364
1546 68.4364
1547 68.4364
1548 68.4364
1549 68.4364
1550 68.4364
1551 68.4364
1552 68.4364
1553 68.4364
1554 68.4364
1555 68.4364
1556 68.4364
1557 68.4364
1558 68.4364
1559 68.4364
1560 68.4364
1561 68.4364
1562 68.4364
1563 68.4364
1564 68.4364
1565 68.4364
1566 68.4364
1567 68.4364
1568 68.4364
1569 68.4364
1570 68.4364
1571 68.4364
1572 68.4364
1573 68.4364
1574 68.4364
1575 68.4364
1576 68.4364
1577 68.4364
1578 68.4364
1579 68.4364
1580 68.4364
1581 68.4364
1582 68.4364
1583 68.4364
1584 68.4364
1585 68.4364
1586 68.4364
1587 68.4364
1588 68.4364
1589 68.4364
1590 68.4364
1591 68.4364
1592 68.4364
1593 68.4364
1594 68.4364
1595 68.4364
1596 68.4364
1597 68.4364
1598 68.4364
1599 68.4364
1600 68.4364
1601 68.4364
1602 68.4364
1603 68.4364
1604 68.4364
1605 68.4364
1606 68.4364
1607 68.4364
1608 68.4364
1609 68.4364
1610 68.4364
1611 68.4364
1612 68.4364
1613 68.4364
1614 68.4364
1615 68.4364
1616 68.4364
1617 68.4364
1618 68.4364
1619 68.4364
1620 68.4364
1621 68.4364
1622 68.4364
1623 68.4364
1624 68.4364
1625 68.4364
1626 68.4364
1627 68.4364
1628 68.4364
1629 68.4364
1630 68.4364
1631 68.4364
1632 68.4364
1633 68.4364
1634 68.4364
1635 68.4364
1636 68.4364
1637 68.4364
1638 68.4364
1639 68.4364
1640 68.4364
1641 68.4364
1642 68.4364
1643 68.4364
1644 68.4364
1645 68.4364
1646 68.4364
1647 68.4364
1648 68.4364
1649 68.4364
1650 68.4364
1651 68.4364
1652 68.4364
1653 68.4364
1654 68.4364
1655 68.4364
1656 68.4364
1657 68.4364
1658 68.4364
1659 68.4364
1660 68.4364
1661 68.4364
1662 68.4364
1663 68.4364
1664 68.4364
1665 68.4364
1666 68.4364
1667 68.4364
1668 68.4364
1669 68.4364
1670 68.4364
1671 68.4364
1672 68.4364
1673 68.4364
1674 68.4364
1675 68.4364
1676 68.4364
1677 68.4364
1678 68.4364
1679 68.4364
1680 68.4364
1681 68.4364
1682 68.4364
1683 68.4364
1684 68.4364
1685 68.4364
1686 68.4364
1687 68.4364
1688 68.4364
1689 68.4364
1690 68.4364
1691 68.4364
1692 68.4364
1693 68.4364
1694 68.4364
1695 68.4364
1696 68.4364
1697 68.4364
1698 68.4364
1699 68.4364
1700 68.4364
1701 68.2992
1702 68.2992
1703 68.2992
1704 68.2992
1705 68.2992
1706 68.2992
1707 68.2992
1708 68.2992
1709 68.2992
1710 68.2992
1711 68.2992
1712 68.2992
1713 68.2992
1714 68.2992
1715 68.2992
1716 68.2992
1717 68.2992
1718 68.2992
1719 68.2992
1720 68.2992
1721 68.2992
1722 68.2992
1723 68.2992
1724 68.2992
1725 68.2992
1726 68.2992
1727 68.2992
1728 68.2992
1729 68.2992
1730 68.2992
1731 68.2992
1732 68.2992
1733 68.2992
1734 68.2992
1735 68.2992
1736 68.2992
1737 68.2992
1738 68.2992
1739 68.2992
1740 68.2992
1741 68.2992
1742 68.2992
1743 68.2992
1744 68.2992
1745 68.2992
1746 68.2992
1747 68.2992
1748 68.2992
1749 68.2992
1750 68.2992
1751 67.9117
1752 67.9117
1753 67.9117
1754 67.9117
1755 67.9117
1756 67.9117
1757 67.9117
1758 67.9117
1759 67.9117
1760 67.9117
1761 67.9117
1762 67.9117
1763 67.9117
1764 67.9117
1765 67.9117
1766 67.9117
1767 67.9117
1768 67.9117
1769 67.9117
1770 67.9117
1771 67.9117
1772 67.9117
1773 67.9117
1774 67.9117
1775 67.9117
1776 67.9117
1777 67.9117
1778 67.9117
1779 67.9117
1780 67.9117
1781 67.9117
1782 67.9117
1783 67.9117
1784 67.9117
1785 67.9117
1786 67.9117
1787 67.9117
1788 67.9117
1789 67.9117
1790 67.9117
1791 67.9117
1792 67.9117
1793 67.9117
1794 67.9117
1795 67.9117
1796 67.9117
1797 67.9117
1798 67.9117
1799 67.9117
1800 67.9117
1801 67.9117
1802 67.9117
1803 67.9117
1804 67.9117
1805 67.9117
1806 67.9117
1807 67.9117
1808 67.9117
1809 67.9117
1810 67.9117
1811 67.9117
1812 67.9117
1813 67.9117
1814 67.9117
1815 67.9117
1816 67.9117
1817 67.9117
1818 67.9117
1819 67.9117
1820 67.9117
1821 67.9117
1822 67.9117
1823 67.9117
1824 67.9117
1825 67.9117
1826 67.9117
1827 67.9117
1828 67.9117
1829 67.9117
1830 67.9117
1831 67.9117
1832 67.9117
1833 67.9117
1834 67.9117
1835 67.9117
1836 67.9117
1837 67.9117
1838 67.9117
1839 67.9117
1840 67.9117
1841 67.9117
1842 67.9117
1843 67.9117
1844 67.9117
1845 67.9117
1846 67.9117
1847 67.9117
1848 67.9117
1849 67.9117
1850 67.9117
1851 67.9117
1852 67.9117
1853 67.9117
1854 67.9117
1855 67.9117
1856 67.9117
1857 67.9117
1858 67.9117
1859 67.9117
1860 67.9117
1861 67.9117
1862 67.9117
1863 67.9117
1864 67.9117
1865 67.9117
1866 67.9117
1867 67.9117
1868 67.9117
1869 67.9117
1870 67.9117
1871 67.9117
1872 67.9117
1873 67.9117
1874 67.9117
1875 67.9117
1876 67.9117
1877 67.9117
1878 67.9117
1879 67.9117
1880 67.9117
1881 67.9117
1882 67.9117
1883 67.9117
1884 67.9117
1885 67.9117
1886 67.9117
1887 67.9117
1888 67.9117
1889 67.9117
1890 67.9117
1891 67.9117
1892 67.9117
1893 67.9117
1894 67.9117
1895 67.9117
1896 67.9117
1897 67.9117
1898 67.9117
1899 67.9117
1900 67.9117
1901 67.9117
1902 67.9117
1903 67.9117
1904 67.9117
1905 67.9117
1906 67.9117
1907 67.9117
1908 67.9117
1909 67.9117
1910 67.9117
1911 67.9117
1912 67.9117
1913 67.9117
1914 67.9117
1915 67.9117
1916 67.9117
1917 67.9117
1918 67.9117
1919 67.9117
1920 67.9117
1921 67.9117
1922 67.9117
1923 67.9117
1924 67.9117
1925 67.9117
1926 67.9117
1927 67.9117
1928 67.9117
1929 67.9117
1930 67.9117
1931 67.9117
1932 67.9117
1933 67.9117
1934 67.9117
1935 67.9117
1936 67.9117
1937 67.9117
1938 67.9117
1939 67.9117
1940 67.9117
1941 67.9117
1942 67.9117
1943 67.9117
1944 67.9117
1945 67.9117
1946 67.9117
1947 67.9117
1948 67.9117
1949 67.9117
1950 67.9117
1951 67.7399
1952 67.7399
1953 67.7399
1954 67.7399
1955 67.7399
1956 67.7399
1957 67.7399
1958 67.7399
1959 67.7399
1960 67.7399
1961 67.7399
1962 67.7399
1963 67.7399
1964 67.7399
1965 67.7399
1966 67.7399
1967 67.7399
1968 67.7399
1969 67.7399
1970 67.7399
1971 67.7399
1972 67.7399
1973 67.7399
1974 67.7399
1975 67.7399
1976 67.7399
1977 67.7399
1978 67.7399
1979 67.7399
1980 67.7399
1981 67.7399
1982 67.7399
1983 67.7399
1984 67.7399
1985 67.7399
1986 67.7399
1987 67.7399
1988 67.7399
1989 67.7399
1990 67.7399
1991 67.7399
1992 67.7399
1993 67.7399
1994 67.7399
1995 67.7399
1996 67.7399
1997 67.7399
1998 67.7399
1999 67.7399
2000 67.7399
2001 67.7399
2002 67.7399
2003 67.7399
2004 67.7399
2005 67.7399
2006 67.7399
2007 67.7399
2008 67.7399
2009 67.7399
2010 67.7399
2011 67.7399
2012 67.7399
2013 67.7399
2014 67.7399
2015 67.7399
2016 67.7399
2017 67.7399
2018 67.7399
2019 67.7399
2020 67.7399
2021 67.7399
2022 67.7399
2023 67.7399
2024 67.7399
2025 67.7399
2026 67.7399
2027 67.7399
2028 67.7399
2029 67.7399
2030 67.7399
2031 67.7399
2032 67.7399
2033 67.7399
2034 67.7399
2035 67.7399
2036 67.7399
2037 67.7399
2038 67.7399
2039 67.7399
2040 67.7399
2041 67.7399
2042 67.7399
2043 67.7399
2044 67.7399
2045 67.7399
2046 67.7399
2047 67.7399
2048 67.7399
2049 67.7399
2050 67.7399
2051 67.7399
2052 67.7399
2053 67.7399
2054 67.7399
2055 67.7399
2056 67.7399
2057 67.7399
2058 67.7399
2059 67.7399
2060 67.7399
2061 67.7399
2062 67.7399
2063 67.7399
2064 67.7399
2065 67.7399
2066 67.7399
2067 67.7399
2068 67.7399
2069 67.7399
2070 67.7399
2071 67.7399
2072 67.7399
2073 67.7399
2074 67.7399
2075 67.7399
2076 67.7399
2077 67.7399
2078 67.7399
2079 67.7399
2080 67.7399
2081 67.7399
2082 67.7399
2083 67.7399
2084 67.7399
2085 67.7399
2086 67.7399
2087 67.7399
2088 67.7399
2089 67.7399
2090 67.7399
2091 67.7399
2092 67.7399
2093 67.7399
2094 67.7399
2095 67.7399
2096 67.7399
2097 67.7399
2098 67.7399
2099 67.7399
2100 67.7399
2101 67.7399
2102 67.7399
2103 67.7399
2104 67.7399
2105 67.7399
2106 67.7399
2107 67.7399
2108 67.7399
2109 67.7399
2110 67.7399
2111 67.7399
2112 67.7399
2113 67.7399
2114 67.7399
2115 67.7399
2116 67.7399
2117 67.7399
2118 67.7399
2119 67.7399
2120 67.7399
2121 67.7399
2122 67.7399
2123 67.7399
2124 67.7399
2125 67.7399
2126 67.7399
2127 67.7399
2128 67.7399
2129 67.7399
2130 67.7399
2131 67.7399
2132 67.7399
2133 67.7399
2134 67.7399
2135 67.7399
2136 67.7399
2137 67.7399
2138 67.7399
2139 67.7399
2140 67.7399
2141 67.7399
2142 67.7399
2143 67.7399
2144 67.7399
2145 67.7399
2146 67.7399
2147 67.7399
2148 67.7399
2149 67.7399
2150 67.7399
2151 67.7399
2152 67.7399
2153 67.7399
2154 67.7399
2155 67.7399
2156 67.7399
2157 67.7399
2158 67.7399
2159 67.7399
2160 67.7399
2161 67.7399
2162 67.7399
2163 67.7399
2164 67.7399
2165 67.7399
2166 67.7399
2167 67.7399
2168 67.7399
2169 67.7399
2170 67.7399
2171 67.7399
2172 67.7399
2173 67.7399
2174 67.7399
2175 67.7399
2176 67.7399
2177 67.7399
2178 67.7399
2179 67.7399
2180 67.7399
2181 67.7399
2182 67.7399
2183 67.7399
2184 67.7399
2185 67.7399
2186 67.7399
2187 67.7399
2188 67.7399
2189 67.7399
2190 67.7399
2191 67.7399
2192 67.7399
2193 67.7399
2194 67.7399
2195 67.7399
2196 67.7399
2197 67.7399
2198 67.7399
2199 67.7399
2200 67.7399
2201 67.7399
2202 67.7399
2203 67.7399
2204 67.7399
2205 67.7399
2206 67.7399
2207 67.7399
2208 67.7399
2209 67.7399
2210 67.7399
2211 67.7399
2212 67.7399
2213 67.7399
2214 67.7399
2215 67.7399
2216 67.7399
2217 67.7399
2218 67.7399
2219 67.7399
2220 67.7399
2221 67.7399
2222 67.7399
2223 67.7399
2224 67.7399
2225 67.7399
2226 67.7399
2227 67.7399
2228 67.7399
2229 67.7399
2230 67.7399
2231 67.7399
2232 67.7399
2233 67.7399
2234 67.7399
2235 67.7399
2236 67.7399
2237 67.7399
2238 67.7399
2239 67.7399
2240 67.7399
2241 67.7399
2242 67.7399
2243 67.7399
2244 67.7399
2245 67.7399
2246 67.7399
2247 67.7399
2248 67.7399
2249 67.7399
2250 67.7399
2251 67.7399
2252 67.7399
2253 67.7399
2254 67.7399
2255 67.7399
2256 67.7399
2257 67.7399
2258 67.7399
2259 67.7399
2260 67.7399
2261 67.7399
2262 67.7399
2263 67.7399
2264 67.7399
2265 67.7399
2266 67.7399
2267 67.7399
2268 67.7399
2269 67.7399
2270 67.7399
2271 67.7399
2272 67.7399
2273 67.7399
2274 67.7399
2275 67.7399
2276 67.7399
2277 67.7399
2278 67.7399
2279 67.7399
2280 67.7399
2281 67.7399
2282 67.7399
2283 67.7399
2284 67.7399
2285 67.7399
2286 67.7399
2287 67.7399
2288 67.7399
2289 67.7399
2290 67.7399
2291 67.7399
2292 67.7399
2293 67.7399
2294 67.7399
2295 67.7399
2296 67.7399
2297 67.7399
2298 67.7399
2299 67.7399
2300 67.7399
2301 67.7399
2302 67.7399
2303 67.7399
2304 67.7399
2305 67.7399
2306 67.7399
2307 67.7399
2308 67.7399
2309 67.7399
2310 67.7399
2311 67.7399
2312 67.7399
2313 67.7399
2314 67.7399
2315 67.7399
2316 67.7399
2317 67.7399
2318 67.7399
2319 67.7399
2320 67.7399
2321 67.7399
2322 67.7399
2323 67.7399
2324 67.7399
2325 67.7399
2326 67.7399
2327 67.7399
2328 67.7399
2329 67.7399
2330 67.7399
2331 67.7399
2332 67.7399
2333 67.7399
2334 67.7399
2335 67.7399
2336 67.7399
2337 67.7399
2338 67.7399
2339 67.7399
2340 67.7399
2341 67.7399
2342 67.7399
2343 67.7399
2344 67.7399
2345 67.7399
2346 67.7399
2347 67.7399
2348 67.7399
2349 67.7399
2350 67.7399
2351 67.7399
2352 67.7399
2353 67.7399
2354 67.7399
2355 67.7399
2356 67.7399
2357 67.7399
2358 67.7399
2359 67.7399
2360 67.7399
2361 67.7399
2362 67.7399
2363 67.7399
2364 67.7399
2365 67.7399
2366 67.7399
2367 67.7399
2368 67.7399
2369 67.7399
2370 67.7399
2371 67.7399
2372 67.7399
2373 67.7399
2374 67.7399
2375 67.7399
2376 67.7399
2377 67.7399
2378 67.7399
2379 67.7399
2380 67.7399
2381 67.7399
2382 67.7399
2383 67.7399
2384 67.7399
2385 67.7399
2386 67.7399
2387 67.7399
2388 67.7399
2389 67.7399
2390 67.7399
2391 67.7399
2392 67.7399
2393 67.7399
2394 67.7399
2395 67.7399
2396 67.7399
2397 67.7399
2398 67.7399
2399 67.7399
2400 67.7399
2401 67.7399
2402 67.7399
2403 67.7399
2404 67.7399
2405 67.7399
2406 67.7399
2407 67.7399
2408 67.7399
2409 67.7399
2410 67.7399
2411 67.7399
2412 67.7399
2413 67.7399
2414 67.7399
2415 67.7399
2416 67.7399
2417 67.7399
2418 67.7399
2419 67.7399
2420 67.7399
2421 67.7399
2422 67.7399
2423 67.7399
2424 67.7399
2425 67.7399
2426 67.7399
2427 67.7399
2428 67.7399
2429 67.7399
2430 67.7399
2431 67.7399
2432 67.7399
2433 67.7399
2434 67.7399
2435 67.7399
2436 67.7399
2437 67.7399
2438 67.7399
2439 67.7399
2440 67.7399
2441 67.7399
2442 67.7399
2443 67.7399
2444 67.7399
2445 67.7399
2446 67.7399
2447 67.7399
2448 67.7399
2449 67.7399
2450 67.7399
2451 67.7399
2452 67.7399
2453 67.7399
2454 67.7399
2455 67.7399
2456 67.7399
2457 67.7399
2458 67.7399
2459 67.7399
2460 67.7399
2461 67.7399
2462 67.7399
2463 67.7399
2464 67.7399
2465 67.7399
2466 67.7399
2467 67.7399
2468 67.7399
2469 67.7399
2470 67.7399
2471 67.7399
2472 67.7399
2473 67.7399
2474 67.7399
2475 67.7399
2476 67.7399
2477 67.7399
2478 67.7399
2479 67.7399
2480 67.7399
2481 67.7399
2482 67.7399
2483 67.7399
2484 67.7399
2485 67.7399
2486 67.7399
2487 67.7399
2488 67.7399
2489 67.7399
2490 67.7399
2491 67.7399
2492 67.7399
2493 67.7399
2494 67.7399
2495 67.7399
2496 67.7399
2497 67.7399
2498 67.7399
2499 67.7399
2500 67.7399
2501 67.7399
2502 67.7399
2503 67.7399
2504 67.7399
2505 67.7399
2506 67.7399
2507 67.7399
2508 67.7399
2509 67.7399
2510 67.7399
2511 67.7399
2512 67.7399
2513 67.7399
2514 67.7399
2515 67.7399
2516 67.7399
2517 67.7399
2518 67.7399
2519 67.7399
2520 67.7399
2521 67.7399
2522 67.7399
2523 67.7399
2524 67.7399
2525 67.7399
2526 67.7399
2527 67.7399
2528 67.7399
2529 67.7399
2530 67.7399
2531 67.7399
2532 67.7399
2533 67.7399
2534 67.7399
2535 67.7399
2536 67.7399
2537 67.7399
2538 67.7399
2539 67.7399
2540 67.7399
2541 67.7399
2542 67.7399
2543 67.7399
2544 67.7399
2545 67.7399
2546 67.7399
2547 67.7399
2548 67.7399
2549 67.7399
2550 67.7399
2551 67.7399
2552 67.7399
2553 67.7399
2554 67.7399
2555 67.7399
2556 67.7399
2557 67.7399
2558 67.7399
2559 67.7399
2560 67.7399
2561 67.7399
2562 67.7399
2563 67.7399
2564 67.7399
2565 67.7399
2566 67.7399
2567 67.7399
2568 67.7399
2569 67.7399
2570 67.7399
2571 67.7399
2572 67.7399
2573 67.7399
2574 67.7399
2575 67.7399
2576 67.7399
2577 67.7399
2578 67.7399
2579 67.7399
2580 67.7399
2581 67.7399
2582 67.7399
2583 67.7399
2584 67.7399
2585 67.7399
2586 67.7399
2587 67.7399
2588 67.7399
2589 67.7399
2590 67.7399
2591 67.7399
2592 67.7399
2593 67.7399
2594 67.7399
2595 67.7399
2596 67.7399
2597 67.7399
2598 67.7399
2599 67.7399
2600 67.7399
2601 67.7399
2602 67.7399
2603 67.7399
2604 67.7399
2605 67.7399
2606 67.7399
2607 67.7399
2608 67.7399
2609 67.7399
2610 67.7399
2611 67.7399
2612 67.7399
2613 67.7399
2614 67.7399
2615 67.7399
2616 67.7399
2617 67.7399
2618 67.7399
2619 67.7399
2620 67.7399
2621 67.7399
2622 67.7399
2623 67.7399
2624 67.7399
2625 67.7399
2626 67.7399
2627 67.7399
2628 67.7399
2629 67.7399
2630 67.7399
2631 67.7399
2632 67.7399
2633 67.7399
2634 67.7399
2635 67.7399
2636 67.7399
2637 67.7399
2638 67.7399
2639 67.7399
2640 67.7399
2641 67.7399
2642 67.7399
2643 67.7399
2644 67.7399
2645 67.7399
2646 67.7399
2647 67.7399
2648 67.7399
2649 67.7399
2650 67.7399
2651 67.432
2652 67.432
2653 67.432
2654 67.432
2655 67.432
2656 67.432
2657 67.432
2658 67.432
2659 67.432
2660 67.432
2661 67.432
2662 67.432
2663 67.432
2664 67.432
2665 67.432
2666 67.432
2667 67.432
2668 67.432
2669 67.432
2670 67.432
2671 67.432
2672 67.432
2673 67.432
2674 67.432
2675 67.432
2676 67.432
2677 67.432
2678 67.432
2679 67.432
2680 67.432
2681 67.432
2682 67.432
2683 67.432
2684 67.432
2685 67.432
2686 67.432
2687 67.432
2688 67.432
2689 67.432
2690 67.432
2691 67.432
2692 67.432
2693 67.432
2694 67.432
2695 67.432
2696 67.432
2697 67.432
2698 67.432
2699 67.432
2700 67.432
2701 67.432
2702 67.432
2703 67.432
2704 67.432
2705 67.432
2706 67.432
2707 67.432
2708 67.432
2709 67.432
2710 67.432
2711 67.432
2712 67.432
2713 67.432
2714 67.432
2715 67.432
2716 67.432
2717 67.432
2718 67.432
2719 67.432
2720 67.432
2721 67.432
2722 67.432
2723 67.432
2724 67.432
2725 67.432
2726 67.432
2727 67.432
2728 67.432
2729 67.432
2730 67.432
2731 67.432
2732 67.432
2733 67.432
2734 67.432
2735 67.432
2736 67.432
2737 67.432
2738 67.432
2739 67.432
2740 67.432
2741 67.432
2742 67.432
2743 67.432
2744 67.432
2745 67.432
2746 67.432
2747 67.432
2748 67.432
2749 67.432
2750 67.432
2751 67.432
2752 67.432
2753 67.432
2754 67.432
2755 67.432
2756 67.432
2757 67.432
2758 67.432
2759 67.432
2760 67.432
2761 67.432
2762 67.432
2763 67.432
2764 67.432
2765 67.432
2766 67.432
2767 67.432
2768 67.432
2769 67.432
2770 67.432
2771 67.432
2772 67.432
2773 67.432
2774 67.432
2775 67.432
2776 67.432
2777 67.432
2778 67.432
2779 67.432
2780 67.432
2781 67.432
2782 67.432
2783 67.432
2784 67.432
2785 67.432
2786 67.432
2787 67.432
2788 67.432
2789 67.432
2790 67.432
2791 67.432
2792 67.432
2793 67.432
2794 67.432
2795 67.432
2796 67.432
2797 67.432
2798 67.432
2799 67.432
2800 67.432
2801 67.432
2802 67.432
2803 67.432
2804 67.432
2805 67.432
2806 67.432
2807 67.432
2808 67.432
2809 67.432
2810 67.432
2811 67.432
2812 67.432
2813 67.432
2814 67.432
2815 67.432
2816 67.432
2817 67.432
2818 67.432
2819 67.432
2820 67.432
2821 67.432
2822 67.432
2823 67.432
2824 67.432
2825 67.432
2826 67.432
2827 67.432
2828 67.432
2829 67.432
2830 67.432
2831 67.432
2832 67.432
2833 67.432
2834 67.432
2835 67.432
2836 67.432
2837 67.432
2838 67.432
2839 67.432
2840 67.432
2841 67.432
2842 67.432
2843 67.432
2844 67.432
2845 67.432
2846 67.432
2847 67.432
2848 67.432
2849 67.432
2850 67.432
2851 67.432
2852 67.432
2853 67.432
2854 67.432
2855 67.432
2856 67.432
2857 67.432
2858 67.432
2859 67.432
2860 67.432
2861 67.432
2862 67.432
2863 67.432
2864 67.432
2865 67.432
2866 67.432
2867 67.432
2868 67.432
2869 67.432
2870 67.432
2871 67.432
2872 67.432
2873 67.432
2874 67.432
2875 67.432
2876 67.432
2877 67.432
2878 67.432
2879 67.432
2880 67.432
2881 67.432
2882 67.432
2883 67.432
2884 67.432
2885 67.432
2886 67.432
2887 67.432
2888 67.432
2889 67.432
2890 67.432
2891 67.432
2892 67.432
2893 67.432
2894 67.432
2895 67.432
2896 67.432
2897 67.432
2898 67.432
2899 67.432
2900 67.432
2901 67.432
2902 67.432
2903 67.432
2904 67.432
2905 67.432
2906 67.432
2907 67.432
2908 67.432
2909 67.432
2910 67.432
2911 67.432
2912 67.432
2913 67.432
2914 67.432
2915 67.432
2916 67.432
2917 67.432
2918 67.432
2919 67.432
2920 67.432
2921 67.432
2922 67.432
2923 67.432
2924 67.432
2925 67.432
2926 67.432
2927 67.432
2928 67.432
2929 67.432
2930 67.432
2931 67.432
2932 67.432
2933 67.432
2934 67.432
2935 67.432
2936 67.432
2937 67.432
2938 67.432
2939 67.432
2940 67.432
2941 67.432
2942 67.432
2943 67.432
2944 67.432
2945 67.432
2946 67.432
2947 67.432
2948 67.432
2949 67.432
2950 67.432
2951 67.432
2952 67.432
2953 67.432
2954 67.432
2955 67.432
2956 67.432
2957 67.432
2958 67.432
2959 67.432
2960 67.432
2961 67.432
2962 67.432
2963 67.432
2964 67.432
2965 67.432
2966 67.432
2967 67.432
2968 67.432
2969 67.432
2970 67.432
2971 67.432
2972 67.432
2973 67.432
2974 67.432
2975 67.432
2976 67.432
2977 67.432
2978 67.432
2979 67.432
2980 67.432
2981 67.432
2982 67.432
2983 67.432
2984 67.432
2985 67.432
2986 67.432
2987 67.432
2988 67.432
2989 67.432
2990 67.432
2991 67.432
2992 67.432
2993 67.432
2994 67.432
2995 67.432
2996 67.432
2997 67.432
2998 67.432
2999 67.432
3000 67.432
3001 67.432
3002 67.432
3003 67.432
3004 67.432
3005 67.432
3006 67.432
3007 67.432
3008 67.432
3009 67.432
3010 67.432
3011 67.432
3012 67.432
3013 67.432
3014 67.432
3015 67.432
3016 67.432
3017 67.432
3018 67.432
3019 67.432
3020 67.432
3021 67.432
3022 67.432
3023 67.432
3024 67.432
3025 67.432
3026 67.432
3027 67.432
3028 67.432
3029 67.432
3030 67.432
3031 67.432
3032 67.432
3033 67.432
3034 67.432
3035 67.432
3036 67.432
3037 67.432
3038 67.432
3039 67.432
3040 67.432
3041 67.432
3042 67.432
3043 67.432
3044 67.432
3045 67.432
3046 67.432
3047 67.432
3048 67.432
3049 67.432
3050 67.432
3051 67.432
3052 67.432
3053 67.432
3054 67.432
3055 67.432
3056 67.432
3057 67.432
3058 67.432
3059 67.432
3060 67.432
3061 67.432
3062 67.432
3063 67.432
3064 67.432
3065 67.432
3066 67.432
3067 67.432
3068 67.432
3069 67.432
3070 67.432
3071 67.432
3072 67.432
3073 67.432
3074 67.432
3075 67.432
3076 67.432
3077 67.432
3078 67.432
3079 67.432
3080 67.432
3081 67.432
3082 67.432
3083 67.432
3084 67.432
3085 67.432
3086 67.432
3087 67.432
3088 67.432
3089 67.432
3090 67.432
3091 67.432
3092 67.432
3093 67.432
3094 67.432
3095 67.432
3096 67.432
3097 67.432
3098 67.432
3099 67.432
3100 67.432
3101 67.432
3102 67.432
3103 67.432
3104 67.432
3105 67.432
3106 67.432
3107 67.432
3108 67.432
3109 67.432
3110 67.432
3111 67.432
3112 67.432
3113 67.432
3114 67.432
3115 67.432
3116 67.432
3117 67.432
3118 67.432
3119 67.432
3120 67.432
3121 67.432
3122 67.432
3123 67.432
3124 67.432
3125 67.432
3126 67.432
3127 67.432
3128 67.432
3129 67.432
3130 67.432
3131 67.432
3132 67.432
3133 67.432
3134 67.432
3135 67.432
3136 67.432
3137 67.432
3138 67.432
3139 67.432
3140 67.432
3141 67.432
3142 67.432
3143 67.432
3144 67.432
3145 67.432
3146 67.432
3147 67.432
3148 67.432
3149 67.432
3150 67.432
3151 67.432
3152 67.432
3153 67.432
3154 67.432
3155 67.432
3156 67.432
3157 67.432
3158 67.432
3159 67.432
3160 67.432
3161 67.432
3162 67.432
3163 67.432
3164 67.432
3165 67.432
3166 67.432
3167 67.432
3168 67.432
3169 67.432
3170 67.432
3171 67.432
3172 67.432
3173 67.432
3174 67.432
3175 67.432
3176 67.432
3177 67.432
3178 67.432
3179 67.432
3180 67.432
3181 67.432
3182 67.432
3183 67.432
3184 67.432
3185 67.432
3186 67.432
3187 67.432
3188 67.432
3189 67.432
3190 67.432
3191 67.432
3192 67.432
3193 67.432
3194 67.432
3195 67.432
3196 67.432
3197 67.432
3198 67.432
3199 67.432
3200 67.432
3201 67.432
3202 67.432
3203 67.432
3204 67.432
3205 67.432
3206 67.432
3207 67.432
3208 67.432
3209 67.432
3210 67.432
3211 67.432
3212 67.432
3213 67.432
3214 67.432
3215 67.432
3216 67.432
3217 67.432
3218 67.432
3219 67.432
3220 67.432
3221 67.432
3222 67.432
3223 67.432
3224 67.432
3225 67.432
3226 67.432
3227 67.432
3228 67.432
3229 67.432
3230 67.432
3231 67.432
3232 67.432
3233 67.432
3234 67.432
3235 67.432
3236 67.432
3237 67.432
3238 67.432
3239 67.432
3240 67.432
3241 67.432
3242 67.432
3243 67.432
3244 67.432
3245 67.432
3246 67.432
3247 67.432
3248 67.432
3249 67.432
3250 67.432
3251 67.432
3252 67.432
3253 67.432
3254 67.432
3255 67.432
3256 67.432
3257 67.432
3258 67.432
3259 67.432
3260 67.432
3261 67.432
3262 67.432
3263 67.432
3264 67.432
3265 67.432
3266 67.432
3267 67.432
3268 67.432
3269 67.432
3270 67.432
3271 67.432
3272 67.432
3273 67.432
3274 67.432
3275 67.432
3276 67.432
3277 67.432
3278 67.432
3279 67.432
3280 67.432
3281 67.432
3282 67.432
3283 67.432
3284 67.432
3285 67.432
3286 67.432
3287 67.432
3288 67.432
3289 67.432
3290 67.432
3291 67.432
3292 67.432
3293 67.432
3294 67.432
3295 67.432
3296 67.432
3297 67.432
3298 67.432
3299 67.432
3300 67.432
3301 67.432
3302 67.432
3303 67.432
3304 67.432
3305 67.432
3306 67.432
3307 67.432
3308 67.432
3309 67.432
3310 67.432
3311 67.432
3312 67.432
3313 67.432
3314 67.432
3315 67.432
3316 67.432
3317 67.432
3318 67.432
3319 67.432
3320 67.432
3321 67.432
3322 67.432
3323 67.432
3324 67.432
3325 67.432
3326 67.432
3327 67.432
3328 67.432
3329 67.432
3330 67.432
3331 67.432
3332 67.432
3333 67.432
3334 67.432
3335 67.432
3336 67.432
3337 67.432
3338 67.432
3339 67.432
3340 67.432
3341 67.432
3342 67.432
3343 67.432
3344 67.432
3345 67.432
3346 67.432
3347 67.432
3348 67.432
3349 67.432
3350 67.432
3351 67.432
3352 67.432
3353 67.432
3354 67.432
3355 67.432
3356 67.432
3357 67.432
3358 67.432
3359 67.432
3360 67.432
3361 67.432
3362 67.432
3363 67.432
3364 67.432
3365 67.432
3366 67.432
3367 67.432
3368 67.432
3369 67.432
3370 67.432
3371 67.432
3372 67.432
3373 67.432
3374 67.432
3375 67.432
3376 67.432
3377 67.432
3378 67.432
3379 67.432
3380 67.432
3381 67.432
3382 67.432
3383 67.432
3384 67.432
3385 67.432
3386 67.432
3387 67.432
3388 67.432
3389 67.432
3390 67.432
3391 67.432
3392 67.432
3393 67.432
3394 67.432
3395 67.432
3396 67.432
3397 67.432
3398 67.432
3399 67.432
3400 67.432
3401 67.432
3402 67.432
3403 67.432
3404 67.432
3405 67.432
3406 67.432
3407 67.432
3408 67.432
3409 67.432
3410 67.432
3411 67.432
3412 67.432
3413 67.432
3414 67.432
3415 67.432
3416 67.432
3417 67.432
3418 67.432
3419 67.432
3420 67.432
3421 67.432
3422 67.432
3423 67.432
3424 67.432
3425 67.432
3426 67.432
3427 67.432
3428 67.432
3429 67.432
3430 67.432
3431 67.432
3432 67.432
3433 67.432
3434 67.432
3435 67.432
3436 67.432
3437 67.432
3438 67.432
3439 67.432
3440 67.432
3441 67.432
3442 67.432
3443 67.432
3444 67.432
3445 67.432
3446 67.432
3447 67.432
3448 67.432
3449 67.432
3450 67.432
3451 67.432
3452 67.432
3453 67.432
3454 67.432
3455 67.432
3456 67.432
3457 67.432
3458 67.432
3459 67.432
3460 67.432
3461 67.432
3462 67.432
3463 67.432
3464 67.432
3465 67.432
3466 67.432
3467 67.432
3468 67.432
3469 67.432
3470 67.432
3471 67.432
3472 67.432
3473 67.432
3474 67.432
3475 67.432
3476 67.432
3477 67.432
3478 67.432
3479 67.432
3480 67.432
3481 67.432
3482 67.432
3483 67.432
3484 67.432
3485 67.432
3486 67.432
3487 67.432
3488 67.432
3489 67.432
3490 67.432
3491 67.432
3492 67.432
3493 67.432
3494 67.432
3495 67.432
3496 67.432
3497 67.432
3498 67.432
3499 67.432
3500 67.432
3501 67.432
3502 67.432
3503 67.432
3504 67.432
3505 67.432
3506 67.432
3507 67.432
3508 67.432
3509 67.432
3510 67.432
3511 67.432
3512 67.432
3513 67.432
3514 67.432
3515 67.432
3516 67.432
3517 67.432
3518 67.432
3519 67.432
3520 67.432
3521 67.432
3522 67.432
3523 67.432
3524 67.432
3525 67.432
3526 67.432
3527 67.432
3528 67.432
3529 67.432
3530 67.432
3531 67.432
3532 67.432
3533 67.432
3534 67.432
3535 67.432
3536 67.432
3537 67.432
3538 67.432
3539 67.432
3540 67.432
3541 67.432
3542 67.432
3543 67.432
3544 67.432
3545 67.432
3546 67.432
3547 67.432
3548 67.432
3549 67.432
3550 67.432
3551 67.432
3552 67.432
3553 67.432
3554 67.432
3555 67.432
3556 67.432
3557 67.432
3558 67.432
3559 67.432
3560 67.432
3561 67.432
3562 67.432
3563 67.432
3564 67.432
3565 67.432
3566 67.432
3567 67.432
3568 67.432
3569 67.432
3570 67.432
3571 67.432
3572 67.432
3573 67.432
3574 67.432
3575 67.432
3576 67.432
3577 67.432
3578 67.432
3579 67.432
3580 67.432
3581 67.432
3582 67.432
3583 67.432
3584 67.432
3585 67.432
3586 67.432
3587 67.432
3588 67.432
3589 67.432
3590 67.432
3591 67.432
3592 67.432
3593 67.432
3594 67.432
3595 67.432
3596 67.432
3597 67.432
3598 67.432
3599 67.432
3600 67.432
3601 67.432
3602 67.432
3603 67.432
3604 67.432
3605 67.432
3606 67.432
3607 67.432
3608 67.432
3609 67.432
3610 67.432
3611 67.432
3612 67.432
3613 67.432
3614 67.432
3615 67.432
3616 67.432
3617 67.432
3618 67.432
3619 67.432
3620 67.432
3621 67.432
3622 67.432
3623 67.432
3624 67.432
3625 67.432
3626 67.432
3627 67.432
3628 67.432
3629 67.432
3630 67.432
3631 67.432
3632 67.432
3633 67.432
3634 67.432
3635 67.432
3636 67.432
3637 67.432
3638 67.432
3639 67.432
3640 67.432
3641 67.432
3642 67.432
3643 67.432
3644 67.432
3645 67.432
3646 67.432
3647 67.432
3648 67.432
3649 67.432
3650 67.432
3651 67.432
3652 67.432
3653 67.432
3654 67.432
3655 67.432
3656 67.432
3657 67.432
3658 67.432
3659 67.432
3660 67.432
3661 67.432
3662 67.432
3663 67.432
3664 67.432
3665 67.432
3666 67.432
3667 67.432
3668 67.432
3669 67.432
3670 67.432
3671 67.432
3672 67.432
3673 67.432
3674 67.432
3675 67.432
3676 67.432
3677 67.432
3678 67.432
3679 67.432
3680 67.432
3681 67.432
3682 67.432
3683 67.432
3684 67.432
3685 67.432
3686 67.432
3687 67.432
3688 67.432
3689 67.432
3690 67.432
3691 67.432
3692 67.432
3693 67.432
3694 67.432
3695 67.432
3696 67.432
3697 67.432
3698 67.432
3699 67.432
3700 67.432
3701 67.432
3702 67.432
3703 67.432
3704 67.432
3705 67.432
3706 67.432
3707 67.432
3708 67.432
3709 67.432
3710 67.432
3711 67.432
3712 67.432
3713 67.432
3714 67.432
3715 67.432
3716 67.432
3717 67.432
3718 67.432
3719 67.432
3720 67.432
3721 67.432
3722 67.432
3723 67.432
3724 67.432
3725 67.432
3726 67.432
3727 67.432
3728 67.432
3729 67.432
3730 67.432
3731 67.432
3732 67.432
3733 67.432
3734 67.432
3735 67.432
3736 67.432
3737 67.432
3738 67.432
3739 67.432
3740 67.432
3741 67.432
3742 67.432
3743 67.432
3744 67.432
3745 67.432
3746 67.432
3747 67.432
3748 67.432
3749 67.432
3750 67.432
3751 67.432
3752 67.432
3753 67.432
3754 67.432
3755 67.432
3756 67.432
3757 67.432
3758 67.432
3759 67.432
3760 67.432
3761 67.432
3762 67.432
3763 67.432
3764 67.432
3765 67.432
3766 67.432
3767 67.432
3768 67.432
3769 67.432
3770 67.432
3771 67.432
3772 67.432
3773 67.432
3774 67.432
3775 67.432
3776 67.432
3777 67.432
3778 67.432
3779 67.432
3780 67.432
3781 67.432
3782 67.432
3783 67.432
3784 67.432
3785 67.432
3786 67.432
3787 67.432
3788 67.432
3789 67.432
3790 67.432
3791 67.432
3792 67.432
3793 67.432
3794 67.432
3795 67.432
3796 67.432
3797 67.432
3798 67.432
3799 67.432
3800 67.432
3801 67.432
3802 67.432
3803 67.432
3804 67.432
3805 67.432
3806 67.432
3807 67.432
3808 67.432
3809 67.432
3810 67.432
3811 67.432
3812 67.432
3813 67.432
3814 67.432
3815 67.432
3816 67.432
3817 67.432
3818 67.432
3819 67.432
3820 67.432
3821 67.432
3822 67.432
3823 67.432
3824 67.432
3825 67.432
3826 67.432
3827 67.432
3828 67.432
3829 67.432
3830 67.432
3831 67.432
3832 67.432
3833 67.432
3834 67.432
3835 67.432
3836 67.432
3837 67.432
3838 67.432
3839 67.432
3840 67.432
3841 67.432
3842 67.432
3843 67.432
3844 67.432
3845 67.432
3846 67.432
3847 67.432
3848 67.432
3849 67.432
3850 67.432
3851 67.2793
3852 67.2793
3853 67.2793
3854 67.2793
3855 67.2793
3856 67.2793
3857 67.2793
3858 67.2793
3859 67.2793
3860 67.2793
3861 67.2793
3862 66.89
3863 66.89
3864 66.89
3865 66.89
3866 66.89
3867 66.89
3868 66.89
3869 66.89
3870 66.89
3871 66.89
3872 66.89
3873 66.89
3874 66.89
3875 66.89
3876 66.89
3877 66.89
3878 66.89
3879 66.89
3880 66.89
3881 66.89
3882 66.89
3883 66.89
3884 66.89
3885 66.89
3886 66.89
3887 66.89
3888 66.89
3889 66.89
3890 66.89
3891 66.89
3892 66.89
3893 66.89
3894 66.89
3895 66.89
3896 66.89
3897 66.89
3898 66.89
3899 66.89
3900 66.89
3901 66.89
3902 66.89
3903 66.89
3904 66.89
3905 66.89
3906 66.89
3907 66.89
3908 66.89
3909 66.89
3910 66.89
3911 66.89
3912 66.89
3913 66.89
3914 66.89
3915 66.89
3916 66.89
3917 66.89
3918 66.89
3919 66.89
3920 66.89
3921 66.89
3922 66.89
3923 66.89
3924 66.89
3925 66.89
3926 66.89
3927 66.89
3928 66.89
3929 66.89
3930 66.89
3931 66.89
3932 66.89
3933 66.89
3934 66.89
3935 66.89
3936 66.89
3937 66.89
3938 66.89
3939 66.89
3940 66.89
3941 66.89
3942 66.89
3943 66.89
3944 66.89
3945 66.89
3946 66.89
3947 66.89
3948 66.89
3949 66.89
3950 66.89
3951 66.89
3952 66.89
3953 66.89
3954 66.89
3955 66.89
3956 66.89
3957 66.89
3958 66.89
3959 66.89
3960 66.89
3961 66.89
3962 66.89
3963 66.89
3964 66.89
3965 66.89
3966 66.89
3967 66.89
3968 66.89
3969 66.89
3970 66.89
3971 66.89
3972 66.89
3973 66.89
3974 66.89
3975 66.89
3976 66.89
3977 66.89
3978 66.89
3979 66.89
3980 66.89
3981 66.89
3982 66.89
3983 66.89
3984 66.89
3985 66.89
3986 66.89
3987 66.89
3988 66.89
3989 66.89
3990 66.89
3991 66.89
3992 66.89
3993 66.89
3994 66.89
3995 66.89
3996 66.89
3997 66.89
3998 66.89
3999 66.89
4000 66.89
4001 66.89
4002 66.89
4003 66.89
4004 66.89
4005 66.89
4006 66.89
4007 66.89
4008 66.89
4009 66.89
4010 66.89
4011 66.89
4012 66.89
4013 66.89
4014 66.89
4015 66.89
4016 66.89
4017 66.89
4018 66.89
4019 66.89
4020 66.89
4021 66.89
4022 66.89
4023 66.89
4024 66.89
4025 66.89
4026 66.89
4027 66.89
4028 66.89
4029 66.89
4030 66.89
4031 66.89
4032 66.89
4033 66.89
4034 66.89
4035 66.89
4036 66.89
4037 66.89
4038 66.89
4039 66.89
4040 66.89
4041 66.89
4042 66.89
4043 66.89
4044 66.89
4045 66.89
4046 66.89
4047 66.89
4048 66.89
4049 66.89
4050 66.89
4051 66.89
4052 66.89
4053 66.89
4054 66.89
4055 66.89
4056 66.89
4057 66.89
4058 66.89
4059 66.89
4060 66.89
4061 66.89
4062 66.89
4063 66.89
4064 66.89
4065 66.89
4066 66.89
4067 66.89
4068 66.89
4069 66.89
4070 66.89
4071 66.89
4072 66.89
4073 66.89
4074 66.89
4075 66.89
4076 66.89
4077 66.89
4078 66.89
4079 66.89
4080 66.89
4081 66.89
4082 66.89
4083 66.89
4084 66.89
4085 66.89
4086 66.89
4087 66.89
4088 66.89
4089 66.89
4090 66.89
4091 66.89
4092 66.89
4093 66.89
4094 66.89
4095 66.89
4096 66.89
4097 66.89
4098 66.89
4099 66.89
4100 66.89
4101 66.89
4102 66.89
4103 66.89
4104 66.89
4105 66.89
4106 66.89
4107 66.89
4108 66.89
4109 66.89
4110 66.89
4111 66.89
4112 66.89
4113 66.89
4114 66.89
4115 66.89
4116 66.89
4117 66.89
4118 66.89
4119 66.89
4120 66.89
4121 66.89
4122 66.89
4123 66.89
4124 66.89
4125 66.89
4126 66.89
4127 66.89
4128 66.89
4129 66.89
4130 66.89
4131 66.89
4132 66.89
4133 66.89
4134 66.89
4135 66.89
4136 66.89
4137 66.89
4138 66.89
4139 66.89
4140 66.89
4141 66.89
4142 66.89
4143 66.89
4144 66.89
4145 66.89
4146 66.89
4147 66.89
4148 66.89
4149 66.89
4150 66.89
4151 66.89
4152 66.89
4153 66.89
4154 66.89
4155 66.89
4156 66.89
4157 66.89
4158 66.89
4159 66.89
4160 66.89
4161 66.89
4162 66.89
4163 66.89
4164 66.89
4165 66.89
4166 66.89
4167 66.89
4168 66.89
4169 66.89
4170 66.89
4171 66.89
4172 66.89
4173 66.89
4174 66.89
4175 66.89
4176 66.89
4177 66.89
4178 66.89
4179 66.89
4180 66.89
4181 66.89
4182 66.89
4183 66.89
4184 66.89
4185 66.89
4186 66.89
4187 66.89
4188 66.89
4189 66.89
4190 66.89
4191 66.89
4192 66.89
4193 66.89
4194 66.89
4195 66.89
4196 66.89
4197 66.89
4198 66.89
4199 66.89
4200 66.89
4201 66.89
4202 66.89
4203 66.89
4204 66.89
4205 66.89
4206 66.89
4207 66.89
4208 66.89
4209 66.89
4210 66.89
4211 66.89
4212 66.89
4213 66.89
4214 66.89
4215 66.89
4216 66.89
4217 66.89
4218 66.89
4219 66.89
4220 66.89
4221 66.89
4222 66.89
4223 66.89
4224 66.89
4225 66.89
4226 66.89
4227 66.89
4228 66.89
4229 66.89
4230 66.89
4231 66.89
4232 66.89
4233 66.89
4234 66.89
4235 66.89
4236 66.89
4237 66.89
4238 66.89
4239 66.89
4240 66.89
4241 66.89
4242 66.89
4243 66.89
4244 66.89
4245 66.89
4246 66.89
4247 66.89
4248 66.89
4249 66.89
4250 66.89
4251 66.89
4252 66.89
4253 66.89
4254 66.89
4255 66.89
4256 66.89
4257 66.89
4258 66.89
4259 66.89
4260 66.89
4261 66.89
4262 66.89
4263 66.89
4264 66.89
4265 66.89
4266 66.89
4267 66.89
4268 66.89
4269 66.89
4270 66.89
4271 66.89
4272 66.89
4273 66.89
4274 66.89
4275 66.89
4276 66.89
4277 66.89
4278 66.89
4279 66.89
4280 66.89
4281 66.89
4282 66.89
4283 66.89
4284 66.89
4285 66.89
4286 66.89
4287 66.89
4288 66.89
4289 66.89
4290 66.89
4291 66.89
4292 66.89
4293 66.89
4294 66.89
4295 66.89
4296 66.89
4297 66.89
4298 66.89
4299 66.89
4300 66.89
4301 66.89
4302 66.89
4303 66.89
4304 66.89
4305 66.89
4306 66.89
4307 66.89
4308 66.89
4309 66.89
4310 66.89
4311 66.89
4312 66.89
4313 66.89
4314 66.89
4315 66.89
4316 66.89
4317 66.89
4318 66.89
4319 66.89
4320 66.89
4321 66.89
4322 66.89
4323 66.89
4324 66.89
4325 66.89
4326 66.89
4327 66.89
4328 66.89
4329 66.89
4330 66.89
4331 66.89
4332 66.89
4333 66.89
4334 66.89
4335 66.89
4336 66.89
4337 66.89
4338 66.89
4339 66.89
4340 66.89
4341 66.89
4342 66.89
4343 66.89
4344 66.89
4345 66.89
4346 66.89
4347 66.89
4348 66.89
4349 66.89
4350 66.89
4351 66.89
4352 66.89
4353 66.89
4354 66.89
4355 66.89
4356 66.89
4357 66.89
4358 66.89
4359 66.89
4360 66.89
4361 66.89
4362 66.89
4363 66.89
4364 66.89
4365 66.89
4366 66.89
4367 66.89
4368 66.89
4369 66.89
4370 66.89
4371 66.89
4372 66.89
4373 66.89
4374 66.89
4375 66.89
4376 66.89
4377 66.89
4378 66.89
4379 66.89
4380 66.89
4381 66.89
4382 66.89
4383 66.89
4384 66.89
4385 66.89
4386 66.89
4387 66.89
4388 66.89
4389 66.89
4390 66.89
4391 66.89
4392 66.89
4393 66.89
4394 66.89
4395 66.89
4396 66.89
4397 66.89
4398 66.89
4399 66.89
4400 66.89
4401 66.89
4402 66.89
4403 66.89
4404 66.89
4405 66.89
4406 66.89
4407 66.89
4408 66.89
4409 66.89
4410 66.89
4411 66.89
4412 66.89
4413 66.89
4414 66.89
4415 66.89
4416 66.89
4417 66.89
4418 66.89
4419 66.89
4420 66.89
4421 66.89
4422 66.89
4423 66.89
4424 66.89
4425 66.89
4426 66.89
4427 66.89
4428 66.89
4429 66.89
4430 66.89
4431 66.89
4432 66.89
4433 66.89
4434 66.89
4435 66.89
4436 66.89
4437 66.89
4438 66.89
4439 66.89
4440 66.89
4441 66.89
4442 66.89
4443 66.89
4444 66.89
4445 66.89
4446 66.89
4447 66.89
4448 66.89
4449 66.89
4450 66.89
4451 66.89
4452 66.89
4453 66.89
4454 66.89
4455 66.89
4456 66.89
4457 66.89
4458 66.89
4459 66.89
4460 66.89
4461 66.89
4462 66.89
4463 66.89
4464 66.89
4465 66.89
4466 66.89
4467 66.89
4468 66.89
4469 66.89
4470 66.89
4471 66.89
4472 66.89
4473 66.89
4474 66.89
4475 66.89
4476 66.89
4477 66.89
4478 66.89
4479 66.89
4480 66.89
4481 66.89
4482 66.89
4483 66.89
4484 66.89
4485 66.89
4486 66.89
4487 66.89
4488 66.89
4489 66.89
4490 66.89
4491 66.89
4492 66.89
4493 66.89
4494 66.89
4495 66.89
4496 66.89
4497 66.89
4498 66.89
4499 66.89
4500 66.89
4501 66.89
4502 66.89
4503 66.89
4504 66.89
4505 66.89
4506 66.89
4507 66.89
4508 66.89
4509 66.89
4510 66.89
4511 66.89
4512 66.89
4513 66.89
4514 66.89
4515 66.89
4516 66.89
4517 66.89
4518 66.89
4519 66.89
4520 66.89
4521 66.89
4522 66.89
4523 66.89
4524 66.89
4525 66.89
4526 66.89
4527 66.89
4528 66.89
4529 66.89
4530 66.89
4531 66.89
4532 66.89
4533 66.89
4534 66.89
4535 66.89
4536 66.89
4537 66.89
4538 66.89
4539 66.89
4540 66.89
4541 66.89
4542 66.89
4543 66.89
4544 66.89
4545 66.89
4546 66.89
4547 66.89
4548 66.89
4549 66.89
4550 66.89
4551 66.89
4552 66.89
4553 66.89
4554 66.89
4555 66.89
4556 66.89
4557 66.89
4558 66.89
4559 66.89
4560 66.89
4561 66.89
4562 66.89
4563 66.89
4564 66.89
4565 66.89
4566 66.89
4567 66.89
4568 66.89
4569 66.89
4570 66.89
4571 66.89
4572 66.89
4573 66.89
4574 66.89
4575 66.89
4576 66.89
4577 66.89
4578 66.89
4579 66.89
4580 66.89
4581 66.89
4582 66.89
4583 66.89
4584 66.89
4585 66.89
4586 66.89
4587 66.89
4588 66.89
4589 66.89
4590 66.89
4591 66.89
4592 66.89
4593 66.89
4594 66.89
4595 66.89
4596 66.89
4597 66.89
4598 66.89
4599 66.89
4600 66.89
4601 66.89
4602 66.89
4603 66.89
4604 66.89
4605 66.89
4606 66.89
4607 66.89
4608 66.89
4609 66.89
4610 66.89
4611 66.89
4612 66.89
4613 66.89
4614 66.89
4615 66.89
4616 66.89
4617 66.89
4618 66.89
4619 66.89
4620 66.89
4621 66.89
4622 66.89
4623 66.89
4624 66.89
4625 66.89
4626 66.89
4627 66.89
4628 66.89
4629 66.89
4630 66.89
4631 66.89
4632 66.89
4633 66.89
4634 66.89
4635 66.89
4636 66.89
4637 66.89
4638 66.89
4639 66.89
4640 66.89
4641 66.89
4642 66.89
4643 66.89
4644 66.89
4645 66.89
4646 66.89
4647 66.89
4648 66.89
4649 66.89
4650 66.89
4651 66.89
4652 66.89
4653 66.89
4654 66.89
4655 66.89
4656 66.89
4657 66.89
4658 66.89
4659 66.89
4660 66.89
4661 66.89
4662 66.89
4663 66.89
4664 66.89
4665 66.89
4666 66.89
4667 66.89
4668 66.89
4669 66.89
4670 66.89
4671 66.89
4672 66.89
4673 66.89
4674 66.89
4675 66.89
4676 66.89
4677 66.89
4678 66.89
4679 66.89
4680 66.89
4681 66.89
4682 66.89
4683 66.89
4684 66.89
4685 66.89
4686 66.89
4687 66.89
4688 66.89
4689 66.89
4690 66.89
4691 66.89
4692 66.89
4693 66.89
4694 66.89
4695 66.89
4696 66.89
4697 66.89
4698 66.89
4699 66.89
4700 66.89
4701 66.89
4702 66.89
4703 66.89
4704 66.89
4705 66.89
4706 66.89
4707 66.89
4708 66.89
4709 66.89
4710 66.89
4711 66.89
4712 66.89
4713 66.89
4714 66.89
4715 66.89
4716 66.89
4717 66.89
4718 66.89
4719 66.89
4720 66.89
4721 66.89
4722 66.89
4723 66.89
4724 66.89
4725 66.89
4726 66.89
4727 66.89
4728 66.89
4729 66.89
4730 66.89
4731 66.89
4732 66.89
4733 66.89
4734 66.89
4735 66.89
4736 66.89
4737 66.89
4738 66.89
4739 66.89
4740 66.89
4741 66.89
4742 66.89
4743 66.89
4744 66.89
4745 66.89
4746 66.89
4747 66.89
4748 66.89
4749 66.89
4750 66.89
4751 66.89
4752 66.89
4753 66.89
4754 66.89
4755 66.89
4756 66.89
4757 66.89
4758 66.89
4759 66.89
4760 66.89
4761 66.89
4762 66.89
4763 66.89
4764 66.89
4765 66.89
4766 66.89
4767 66.89
4768 66.89
4769 66.89
4770 66.89
4771 66.89
4772 66.89
4773 66.89
4774 66.89
4775 66.89
4776 66.89
4777 66.89
4778 66.89
4779 66.89
4780 66.89
4781 66.89
4782 66.89
4783 66.89
4784 66.89
4785 66.89
4786 66.89
4787 66.89
4788 66.89
4789 66.89
4790 66.89
4791 66.89
4792 66.89
4793 66.89
4794 66.89
4795 66.89
4796 66.89
4797 66.89
4798 66.89
4799 66.89
4800 66.89
4801 66.89
4802 66.89
4803 66.89
4804 66.89
4805 66.89
4806 66.89
4807 66.89
4808 66.89
4809 66.89
4810 66.89
4811 66.89
4812 66.89
4813 66.89
4814 66.89
4815 66.89
4816 66.89
4817 66.89
4818 66.89
4819 66.89
4820 66.89
4821 66.89
4822 66.89
4823 66.89
4824 66.89
4825 66.89
4826 66.89
4827 66.89
4828 66.89
4829 66.89
4830 66.89
4831 66.89
4832 66.89
4833 66.89
4834 66.89
4835 66.89
4836 66.89
4837 66.89
4838 66.89
4839 66.89
4840 66.89
4841 66.89
4842 66.89
4843 66.89
4844 66.89
4845 66.89
4846 66.89
4847 66.89
4848 66.89
4849 66.89
4850 66.89
4851 66.89
4852 66.89
4853 66.89
4854 66.89
4855 66.89
4856 66.89
4857 66.89
4858 66.89
4859 66.89
4860 66.89
4861 66.89
4862 66.89
4863 66.89
4864 66.89
4865 66.89
4866 66.89
4867 66.89
4868 66.89
4869 66.89
4870 66.89
4871 66.89
4872 66.89
4873 66.89
4874 66.89
4875 66.89
4876 66.89
4877 66.89
4878 66.89
4879 66.89
4880 66.89
4881 66.89
4882 66.89
4883 66.89
4884 66.89
4885 66.89
4886 66.89
4887 66.89
4888 66.89
4889 66.89
4890 66.89
4891 66.89
4892 66.89
4893 66.89
4894 66.89
4895 66.89
4896 66.89
4897 66.89
4898 66.89
4899 66.89
4900 66.89
4901 66.89
4902 66.89
4903 66.89
4904 66.89
4905 66.89
4906 66.89
4907 66.89
4908 66.89
4909 66.89
4910 66.89
4911 66.89
4912 66.89
4913 66.89
4914 66.89
4915 66.89
4916 66.89
4917 66.89
4918 66.89
4919 66.89
4920 66.89
4921 66.89
4922 66.89
4923 66.89
4924 66.89
4925 66.89
4926 66.89
4927 66.89
4928 66.89
4929 66.89
4930 66.89
4931 66.89
4932 66.89
4933 66.89
4934 66.89
4935 66.89
4936 66.89
4937 66.89
4938 66.89
4939 66.89
4940 66.89
4941 66.89
4942 66.89
4943 66.89
4944 66.89
4945 66.89
4946 66.89
4947 66.89
4948 66.89
4949 66.89
4950 66.89
4951 66.89
4952 66.89
4953 66.89
4954 66.89
4955 66.89
4956 66.89
4957 66.89
4958 66.89
4959 66.89
4960 66.89
4961 66.89
4962 66.89
4963 66.89
4964 66.89
4965 66.89
4966 66.89
4967 66.89
4968 66.89
4969 66.89
4970 66.89
4971 66.89
4972 66.89
4973 66.89
4974 66.89
4975 66.89
4976 66.89
4977 66.89
4978 66.89
4979 66.89
4980 66.89
4981 66.89
4982 66.89
4983 66.89
4984 66.89
4985 66.89
4986 66.89
4987 66.89
4988 66.89
4989 66.89
4990 66.89
4991 66.89
4992 66.89
4993 66.89
4994 66.89
4995 66.89
4996 66.89
4997 66.89
4998 66.89
4999 66.89
5000 66.89
5001 66.89
5002 66.89
5003 66.89
5004 66.89
5005 66.89
5006 66.89
5007 66.89
5008 66.89
5009 66.89
5010 66.89
5011 66.89
5012 66.89
5013 66.89
5014 66.89
5015 66.89
5016 66.89
5017 66.89
5018 66.89
5019 66.89
5020 66.89
5021 66.89
5022 66.89
5023 66.89
5024 66.89
5025 66.89
5026 66.89
5027 66.89
5028 66.89
5029 66.89
5030 66.89
5031 66.89
5032 66.89
5033 66.89
5034 66.89
5035 66.89
5036 66.89
5037 66.89
5038 66.89
5039 66.89
5040 66.89
5041 66.89
5042 66.89
5043 66.89
5044 66.89
5045 66.89
5046 66.89
5047 66.89
5048 66.89
5049 66.89
5050 66.89
5051 66.89
5052 66.89
5053 66.89
5054 66.89
5055 66.89
5056 66.89
5057 66.89
5058 66.89
5059 66.89
5060 66.89
5061 66.89
5062 66.89
5063 66.89
5064 66.89
5065 66.89
5066 66.89
5067 66.89
5068 66.89
5069 66.89
5070 66.89
5071 66.89
5072 66.89
5073 66.89
5074 66.89
5075 66.89
5076 66.89
5077 66.89
5078 66.89
5079 66.89
5080 66.89
5081 66.89
5082 66.89
5083 66.89
5084 66.89
5085 66.89
5086 66.89
5087 66.89
5088 66.89
5089 66.89
5090 66.89
5091 66.89
5092 66.89
5093 66.89
5094 66.89
5095 66.89
5096 66.89
5097 66.89
5098 66.89
5099 66.89
5100 66.89
5101 66.89
5102 66.89
5103 66.89
5104 66.89
5105 66.89
5106 66.89
5107 66.89
5108 66.89
5109 66.89
5110 66.89
5111 66.89
5112 66.89
5113 66.89
5114 66.89
5115 66.89
5116 66.89
5117 66.89
5118 66.89
5119 66.89
5120 66.89
5121 66.89
5122 66.89
5123 66.89
5124 66.89
5125 66.89
5126 66.89
5127 66.89
5128 66.89
5129 66.89
5130 66.89
5131 66.89
5132 66.89
5133 66.89
5134 66.89
5135 66.89
5136 66.89
5137 66.89
5138 66.89
5139 66.89
5140 66.89
5141 66.89
5142 66.89
5143 66.89
5144 66.89
5145 66.89
5146 66.89
5147 66.89
5148 66.89
5149 66.89
5150 66.89
5151 66.89
5152 66.89
5153 66.89
5154 66.89
5155 66.89
5156 66.89
5157 66.89
5158 66.89
5159 66.89
5160 66.89
5161 66.89
5162 66.89
5163 66.89
5164 66.89
5165 66.89
5166 66.89
5167 66.89
5168 66.89
5169 66.89
5170 66.89
5171 66.89
5172 66.89
5173 66.89
5174 66.89
5175 66.89
5176 66.89
5177 66.89
5178 66.89
5179 66.89
5180 66.89
5181 66.89
5182 66.89
5183 66.89
5184 66.89
5185 66.89
5186 66.89
5187 66.89
5188 66.89
5189 66.89
5190 66.89
5191 66.89
5192 66.89
5193 66.89
5194 66.89
5195 66.89
5196 66.89
5197 66.89
5198 66.89
5199 66.89
5200 66.89
5201 66.89
5202 66.89
5203 66.89
5204 66.89
5205 66.89
5206 66.89
5207 66.89
5208 66.89
5209 66.89
5210 66.89
5211 66.89
5212 66.89
5213 66.89
5214 66.89
5215 66.89
5216 66.89
5217 66.89
5218 66.89
5219 66.89
5220 66.89
5221 66.89
5222 66.89
5223 66.89
5224 66.89
5225 66.89
5226 66.89
5227 66.89
5228 66.89
5229 66.89
5230 66.89
5231 66.89
5232 66.89
5233 66.89
5234 66.89
5235 66.89
5236 66.89
5237 66.89
5238 66.89
5239 66.89
5240 66.89
5241 66.89
5242 66.89
5243 66.89
5244 66.89
5245 66.89
5246 66.89
5247 66.89
5248 66.89
5249 66.89
5250 66.89
5251 66.89
5252 66.89
5253 66.89
5254 66.89
5255 66.89
5256 66.89
5257 66.89
5258 66.89
5259 66.89
5260 66.89
5261 66.89
5262 66.89
5263 66.89
5264 66.89
5265 66.89
5266 66.89
5267 66.89
5268 66.89
5269 66.89
5270 66.89
5271 66.89
5272 66.89
5273 66.89
5274 66.89
5275 66.89
5276 66.89
5277 66.89
5278 66.89
5279 66.89
5280 66.89
5281 66.89
5282 66.89
5283 66.89
5284 66.89
5285 66.89
5286 66.89
5287 66.89
5288 66.89
5289 66.89
5290 66.89
5291 66.89
5292 66.89
5293 66.89
5294 66.89
5295 66.89
5296 66.89
5297 66.89
5298 66.89
5299 66.89
5300 66.89
5301 66.89
5302 66.89
5303 66.89
5304 66.89
5305 66.89
5306 66.89
5307 66.89
5308 66.89
5309 66.89
5310 66.89
5311 66.89
5312 66.89
5313 66.89
5314 66.89
5315 66.89
5316 66.89
5317 66.89
5318 66.89
5319 66.89
5320 66.89
5321 66.89
5322 66.89
5323 66.89
5324 66.89
5325 66.89
5326 66.89
5327 66.89
5328 66.89
5329 66.89
5330 66.89
5331 66.89
5332 66.89
5333 66.89
5334 66.89
5335 66.89
5336 66.89
5337 66.89
5338 66.89
5339 66.89
5340 66.89
5341 66.89
5342 66.89
5343 66.89
5344 66.89
5345 66.89
5346 66.89
5347 66.89
5348 66.89
5349 66.89
5350 66.89
5351 66.89
5352 66.89
5353 66.89
5354 66.89
5355 66.89
5356 66.89
5357 66.89
5358 66.89
5359 66.89
5360 66.89
5361 66.89
5362 66.89
5363 66.89
5364 66.89
5365 66.89
5366 66.89
5367 66.89
5368 66.89
5369 66.89
5370 66.89
5371 66.89
5372 66.89
5373 66.89
5374 66.89
5375 66.89
5376 66.89
5377 66.89
5378 66.89
5379 66.89
5380 66.89
5381 66.89
5382 66.89
5383 66.89
5384 66.89
5385 66.89
5386 66.89
5387 66.89
5388 66.89
5389 66.89
5390 66.89
5391 66.89
5392 66.89
5393 66.89
5394 66.89
5395 66.89
5396 66.89
5397 66.89
5398 66.89
5399 66.89
5400 66.89
5401 66.89
5402 66.89
5403 66.89
5404 66.89
5405 66.89
5406 66.89
5407 66.89
5408 66.89
5409 66.89
5410 66.89
5411 66.89
5412 66.89
5413 66.89
5414 66.89
5415 66.89
5416 66.89
5417 66.89
5418 66.89
5419 66.89
5420 66.89
5421 66.89
5422 66.89
5423 66.89
5424 66.89
5425 66.89
5426 66.89
5427 66.89
5428 66.89
5429 66.89
5430 66.89
5431 66.89
5432 66.89
5433 66.89
5434 66.89
5435 66.89
5436 66.89
5437 66.89
5438 66.89
5439 66.89
5440 66.89
5441 66.89
5442 66.89
5443 66.89
5444 66.89
5445 66.89
5446 66.89
5447 66.89
5448 66.89
5449 66.89
5450 66.89
5451 66.89
5452 66.89
5453 66.89
5454 66.89
5455 66.89
5456 66.89
5457 66.89
5458 66.89
5459 66.89
5460 66.89
5461 66.89
5462 66.89
5463 66.89
5464 66.89
5465 66.89
5466 66.89
5467 66.89
5468 66.89
5469 66.89
5470 66.89
5471 66.89
5472 66.89
5473 66.89
5474 66.89
5475 66.89
5476 66.89
5477 66.89
5478 66.89
5479 66.89
5480 66.89
5481 66.89
5482 66.89
5483 66.89
5484 66.89
5485 66.89
5486 66.89
5487 66.89
5488 66.89
5489 66.89
5490 66.89
5491 66.89
5492 66.89
5493 66.89
5494 66.89
5495 66.89
5496 66.89
5497 66.89
5498 66.89
5499 66.89
5500 66.89
5501 66.89
5502 66.89
5503 66.89
5504 66.89
5505 66.89
5506 66.89
5507 66.89
5508 66.89
5509 66.89
5510 66.89
5511 66.89
5512 66.89
5513 66.89
5514 66.89
5515 66.89
5516 66.89
5517 66.89
5518 66.89
5519 66.89
5520 66.89
5521 66.89
5522 66.89
5523 66.89
5524 66.89
5525 66.89
5526 66.89
5527 66.89
5528 66.89
5529 66.89
5530 66.89
5531 66.89
5532 66.89
5533 66.89
5534 66.89
5535 66.89
5536 66.89
5537 66.89
5538 66.89
5539 66.89
5540 66.89
5541 66.89
5542 66.89
5543 66.89
5544 66.89
5545 66.89
5546 66.89
5547 66.89
5548 66.89
5549 66.89
5550 66.89
5551 66.89
5552 66.89
5553 66.89
5554 66.89
5555 66.89
5556 66.89
5557 66.89
5558 66.89
5559 66.89
5560 66.89
5561 66.89
5562 66.89
5563 66.89
5564 66.89
5565 66.89
5566 66.89
5567 66.89
5568 66.89
5569 66.89
5570 66.89
5571 66.89
5572 66.89
5573 66.89
5574 66.89
5575 66.89
5576 66.89
5577 66.89
5578 66.89
5579 66.89
5580 66.89
5581 66.89
5582 66.89
5583 66.89
5584 66.89
5585 66.89
5586 66.89
5587 66.89
5588 66.89
5589 66.89
5590 66.89
5591 66.89
5592 66.89
5593 66.89
5594 66.89
5595 66.89
5596 66.89
5597 66.89
5598 66.89
5599 66.89
5600 66.89
5601 66.89
5602 66.89
5603 66.89
5604 66.89
5605 66.89
5606 66.89
5607 66.89
5608 66.89
5609 66.89
5610 66.89
5611 66.89
5612 66.89
5613 66.89
5614 66.89
5615 66.89
5616 66.89
5617 66.89
5618 66.89
5619 66.89
5620 66.89
5621 66.89
5622 66.89
5623 66.89
5624 66.89
5625 66.89
5626 66.89
5627 66.89
5628 66.89
5629 66.89
5630 66.89
5631 66.89
5632 66.89
5633 66.89
5634 66.89
5635 66.89
5636 66.89
5637 66.89
5638 66.89
5639 66.89
5640 66.89
5641 66.89
5642 66.89
5643 66.89
5644 66.89
5645 66.89
5646 66.89
5647 66.89
5648 66.89
5649 66.89
5650 66.89
5651 66.89
5652 66.89
5653 66.89
5654 66.89
5655 66.89
5656 66.89
5657 66.89
5658 66.89
5659 66.89
5660 66.89
5661 66.89
5662 66.89
5663 66.89
5664 66.89
5665 66.89
5666 66.89
5667 66.89
5668 66.89
5669 66.89
5670 66.89
5671 66.89
5672 66.89
5673 66.89
5674 66.89
5675 66.89
5676 66.89
5677 66.89
5678 66.89
5679 66.89
5680 66.89
5681 66.89
5682 66.89
5683 66.89
5684 66.89
5685 66.89
5686 66.89
5687 66.89
5688 66.89
5689 66.89
5690 66.89
5691 66.89
5692 66.89
5693 66.89
5694 66.89
5695 66.89
5696 66.89
5697 66.89
5698 66.89
5699 66.89
5700 66.89
5701 66.89
5702 66.89
5703 66.89
5704 66.89
5705 66.89
5706 66.89
5707 66.89
5708 66.89
5709 66.89
5710 66.89
5711 66.89
5712 66.89
5713 66.89
5714 66.89
5715 66.89
5716 66.89
5717 66.89
5718 66.89
5719 66.89
5720 66.89
5721 66.89
5722 66.89
5723 66.89
5724 66.89
5725 66.89
5726 66.89
5727 66.89
5728 66.89
5729 66.89
5730 66.89
5731 66.89
5732 66.89
5733 66.89
5734 66.89
5735 66.89
5736 66.89
5737 66.89
5738 66.89
5739 66.89
5740 66.89
5741 66.89
5742 66.89
5743 66.89
5744 66.89
5745 66.89
5746 66.89
5747 66.89
5748 66.89
5749 66.89
5750 66.89
5751 66.89
5752 66.89
5753 66.89
5754 66.89
5755 66.89
5756 66.89
5757 66.89
5758 66.89
5759 66.89
5760 66.89
5761 66.89
5762 66.89
5763 66.89
5764 66.89
5765 66.89
5766 66.89
5767 66.89
5768 66.89
5769 66.89
5770 66.89
5771 66.89
5772 66.89
5773 66.89
5774 66.89
5775 66.89
5776 66.89
5777 66.89
5778 66.89
5779 66.89
5780 66.89
5781 66.89
5782 66.89
5783 66.89
5784 66.89
5785 66.89
5786 66.89
5787 66.89
5788 66.89
5789 66.89
5790 66.89
5791 66.89
5792 66.89
5793 66.89
5794 66.89
5795 66.89
5796 66.89
5797 66.89
5798 66.89
5799 66.89
5800 66.89
5801 66.89
5802 66.89
5803 66.89
5804 66.89
5805 66.89
5806 66.89
5807 66.89
5808 66.89
5809 66.89
5810 66.89
5811 66.89
5812 66.89
5813 66.89
5814 66.89
5815 66.89
5816 66.89
5817 66.89
5818 66.89
5819 66.89
5820 66.89
5821 66.89
5822 66.89
5823 66.89
5824 66.89
5825 66.89
5826 66.89
5827 66.89
5828 66.89
5829 66.89
5830 66.89
5831 66.89
5832 66.89
5833 66.89
5834 66.89
5835 66.89
5836 66.89
5837 66.89
5838 66.89
5839 66.89
5840 66.89
5841 66.89
5842 66.89
5843 66.89
5844 66.89
5845 66.89
5846 66.89
5847 66.89
5848 66.89
5849 66.89
5850 66.89
5851 66.89
5852 66.89
5853 66.89
5854 66.89
5855 66.89
5856 66.89
5857 66.89
5858 66.89
5859 66.89
5860 66.89
5861 66.89
5862 66.89
5863 66.89
5864 66.89
5865 66.89
5866 66.89
5867 66.89
5868 66.89
5869 66.89
5870 66.89
5871 66.89
5872 66.89
5873 66.89
5874 66.89
5875 66.89
5876 66.89
5877 66.89
5878 66.89
5879 66.89
5880 66.89
5881 66.89
5882 66.89
5883 66.89
5884 66.89
5885 66.89
5886 66.89
5887 66.89
5888 66.89
5889 66.89
5890 66.89
5891 66.89
5892 66.89
5893 66.89
5894 66.89
5895 66.89
5896 66.89
5897 66.89
5898 66.89
5899 66.89
5900 66.89
5901 66.89
5902 66.89
5903 66.89
5904 66.89
5905 66.89
5906 66.89
5907 66.89
5908 66.89
5909 66.89
5910 66.89
5911 66.89
5912 66.89
5913 66.89
5914 66.89
5915 66.89
5916 66.89
5917 66.89
5918 66.89
5919 66.89
5920 66.89
5921 66.89
5922 66.89
5923 66.89
5924 66.89
5925 66.89
5926 66.89
5927 66.89
5928 66.89
5929 66.89
5930 66.89
5931 66.89
5932 66.89
5933 66.89
5934 66.89
5935 66.89
5936 66.89
5937 66.89
5938 66.89
5939 66.89
5940 66.89
5941 66.89
5942 66.89
5943 66.89
5944 66.89
5945 66.89
5946 66.89
5947 66.89
5948 66.89
5949 66.89
5950 66.89
5951 66.89
5952 66.89
5953 66.89
5954 66.89
5955 66.89
5956 66.89
5957 66.89
5958 66.89
5959 66.89
5960 66.89
5961 66.89
5962 66.89
5963 66.89
5964 66.89
5965 66.89
5966 66.89
5967 66.89
5968 66.89
5969 66.89
5970 66.89
5971 66.89
5972 66.89
5973 66.89
5974 66.89
5975 66.89
5976 66.89
5977 66.89
5978 66.89
5979 66.89
5980 66.89
5981 66.89
5982 66.89
5983 66.89
5984 66.89
5985 66.89
5986 66.89
5987 66.89
5988 66.89
5989 66.89
5990 66.89
5991 66.89
5992 66.89
5993 66.89
5994 66.89
5995 66.89
5996 66.89
5997 66.89
5998 66.89
5999 66.89
